"stratum","value","week","year"
"A00..00",19,1,2022
"A00..00",24,2,2022
"A00..00",19,3,2022
"A00..00",24,4,2022
"A00..00",35,5,2022
"A00..00",35,6,2022
"A00..00",27,7,2022
"A00..00",24,8,2022
"A00..00",32,9,2022
"A00..00",31,10,2022
"A00..00",42,11,2022
"A00..00",70,12,2022
"A00..00",53,13,2022
"A00..00",69,14,2022
"A00..00",64,15,2022
"A00..00",75,16,2022
"A00..00",91,17,2022
"A00..00",74,18,2022
"A00..00",87,19,2022
"A00..00",79,20,2022
"A00..00",69,21,2022
"A00..00",57,22,2022
"A00..00",54,23,2022
"A00..00",73,24,2022
"A00..00",55,25,2022
"A00..00",58,26,2022
"A00..00",44,27,2022
"A00..00",37,28,2022
"A00..00",23,29,2022
"A00..00",31,30,2022
"A00..00",30,31,2022
"A00..00",29,32,2022
"A00..00",33,33,2022
"A00..00",30,34,2022
"A00..00",19,35,2022
"A00..00",37,36,2022
"A00..00",28,37,2022
"A00..00",32,38,2022
"A00..00",39,39,2022
"A00..00",21,40,2022
"A00..00",31,41,2022
"A00..00",25,42,2022
"A00..00",18,43,2022
"A01..01",15,1,2022
"A01..01",20,2,2022
"A01..01",21,3,2022
"A01..01",31,4,2022
"A01..01",18,5,2022
"A01..01",39,6,2022
"A01..01",33,7,2022
"A01..01",33,8,2022
"A01..01",37,9,2022
"A01..01",36,10,2022
"A01..01",70,11,2022
"A01..01",109,12,2022
"A01..01",124,13,2022
"A01..01",122,14,2022
"A01..01",108,15,2022
"A01..01",124,16,2022
"A01..01",155,17,2022
"A01..01",173,18,2022
"A01..01",164,19,2022
"A01..01",156,20,2022
"A01..01",123,21,2022
"A01..01",122,22,2022
"A01..01",106,23,2022
"A01..01",89,24,2022
"A01..01",86,25,2022
"A01..01",76,26,2022
"A01..01",51,27,2022
"A01..01",41,28,2022
"A01..01",38,29,2022
"A01..01",53,30,2022
"A01..01",36,31,2022
"A01..01",20,32,2022
"A01..01",36,33,2022
"A01..01",29,34,2022
"A01..01",18,35,2022
"A01..01",27,36,2022
"A01..01",23,37,2022
"A01..01",17,38,2022
"A01..01",17,39,2022
"A01..01",20,40,2022
"A01..01",24,41,2022
"A01..01",16,42,2022
"A01..01",11,43,2022
"A02..02",10,1,2022
"A02..02",15,2,2022
"A02..02",24,3,2022
"A02..02",27,4,2022
"A02..02",23,5,2022
"A02..02",26,6,2022
"A02..02",33,7,2022
"A02..02",32,8,2022
"A02..02",49,9,2022
"A02..02",64,10,2022
"A02..02",73,11,2022
"A02..02",82,12,2022
"A02..02",94,13,2022
"A02..02",142,14,2022
"A02..02",146,15,2022
"A02..02",136,16,2022
"A02..02",140,17,2022
"A02..02",164,18,2022
"A02..02",157,19,2022
"A02..02",175,20,2022
"A02..02",109,21,2022
"A02..02",135,22,2022
"A02..02",86,23,2022
"A02..02",73,24,2022
"A02..02",85,25,2022
"A02..02",72,26,2022
"A02..02",62,27,2022
"A02..02",40,28,2022
"A02..02",32,29,2022
"A02..02",55,30,2022
"A02..02",42,31,2022
"A02..02",26,32,2022
"A02..02",32,33,2022
"A02..02",26,34,2022
"A02..02",34,35,2022
"A02..02",12,36,2022
"A02..02",24,37,2022
"A02..02",18,38,2022
"A02..02",17,39,2022
"A02..02",12,40,2022
"A02..02",25,41,2022
"A02..02",15,42,2022
"A02..02",9,43,2022
"A03..03",7,1,2022
"A03..03",10,2,2022
"A03..03",16,3,2022
"A03..03",16,4,2022
"A03..03",26,5,2022
"A03..03",23,6,2022
"A03..03",20,7,2022
"A03..03",32,8,2022
"A03..03",36,9,2022
"A03..03",30,10,2022
"A03..03",68,11,2022
"A03..03",66,12,2022
"A03..03",78,13,2022
"A03..03",97,14,2022
"A03..03",96,15,2022
"A03..03",117,16,2022
"A03..03",101,17,2022
"A03..03",138,18,2022
"A03..03",154,19,2022
"A03..03",117,20,2022
"A03..03",106,21,2022
"A03..03",116,22,2022
"A03..03",62,23,2022
"A03..03",87,24,2022
"A03..03",82,25,2022
"A03..03",72,26,2022
"A03..03",47,27,2022
"A03..03",32,28,2022
"A03..03",29,29,2022
"A03..03",43,30,2022
"A03..03",32,31,2022
"A03..03",20,32,2022
"A03..03",28,33,2022
"A03..03",17,34,2022
"A03..03",21,35,2022
"A03..03",15,36,2022
"A03..03",15,37,2022
"A03..03",12,38,2022
"A03..03",15,39,2022
"A03..03",9,40,2022
"A03..03",11,41,2022
"A03..03",9,42,2022
"A03..03",5,43,2022
"A04..04",12,1,2022
"A04..04",10,2,2022
"A04..04",17,3,2022
"A04..04",22,4,2022
"A04..04",14,5,2022
"A04..04",18,6,2022
"A04..04",15,7,2022
"A04..04",23,8,2022
"A04..04",20,9,2022
"A04..04",30,10,2022
"A04..04",39,11,2022
"A04..04",53,12,2022
"A04..04",61,13,2022
"A04..04",82,14,2022
"A04..04",92,15,2022
"A04..04",85,16,2022
"A04..04",109,17,2022
"A04..04",156,18,2022
"A04..04",149,19,2022
"A04..04",142,20,2022
"A04..04",104,21,2022
"A04..04",83,22,2022
"A04..04",81,23,2022
"A04..04",56,24,2022
"A04..04",76,25,2022
"A04..04",58,26,2022
"A04..04",44,27,2022
"A04..04",35,28,2022
"A04..04",34,29,2022
"A04..04",39,30,2022
"A04..04",32,31,2022
"A04..04",19,32,2022
"A04..04",23,33,2022
"A04..04",14,34,2022
"A04..04",13,35,2022
"A04..04",13,36,2022
"A04..04",12,37,2022
"A04..04",12,38,2022
"A04..04",8,39,2022
"A04..04",11,40,2022
"A04..04",9,41,2022
"A04..04",10,42,2022
"A04..04",7,43,2022
"A05..05",10,1,2022
"A05..05",12,2,2022
"A05..05",13,3,2022
"A05..05",7,4,2022
"A05..05",11,5,2022
"A05..05",20,6,2022
"A05..05",21,7,2022
"A05..05",20,8,2022
"A05..05",19,9,2022
"A05..05",20,10,2022
"A05..05",37,11,2022
"A05..05",50,12,2022
"A05..05",61,13,2022
"A05..05",59,14,2022
"A05..05",69,15,2022
"A05..05",82,16,2022
"A05..05",78,17,2022
"A05..05",119,18,2022
"A05..05",96,19,2022
"A05..05",138,20,2022
"A05..05",97,21,2022
"A05..05",84,22,2022
"A05..05",65,23,2022
"A05..05",65,24,2022
"A05..05",66,25,2022
"A05..05",58,26,2022
"A05..05",41,27,2022
"A05..05",28,28,2022
"A05..05",26,29,2022
"A05..05",31,30,2022
"A05..05",26,31,2022
"A05..05",18,32,2022
"A05..05",17,33,2022
"A05..05",18,34,2022
"A05..05",22,35,2022
"A05..05",8,36,2022
"A05..05",11,37,2022
"A05..05",9,38,2022
"A05..05",11,39,2022
"A05..05",7,40,2022
"A05..05",12,41,2022
"A05..05",7,42,2022
"A05..05",6,43,2022
"A06..06",6,1,2022
"A06..06",2,2,2022
"A06..06",9,3,2022
"A06..06",8,4,2022
"A06..06",10,5,2022
"A06..06",10,6,2022
"A06..06",11,7,2022
"A06..06",11,8,2022
"A06..06",12,9,2022
"A06..06",14,10,2022
"A06..06",18,11,2022
"A06..06",31,12,2022
"A06..06",35,13,2022
"A06..06",43,14,2022
"A06..06",53,15,2022
"A06..06",56,16,2022
"A06..06",62,17,2022
"A06..06",93,18,2022
"A06..06",65,19,2022
"A06..06",72,20,2022
"A06..06",57,21,2022
"A06..06",70,22,2022
"A06..06",37,23,2022
"A06..06",53,24,2022
"A06..06",62,25,2022
"A06..06",56,26,2022
"A06..06",40,27,2022
"A06..06",23,28,2022
"A06..06",22,29,2022
"A06..06",18,30,2022
"A06..06",13,31,2022
"A06..06",9,32,2022
"A06..06",18,33,2022
"A06..06",15,34,2022
"A06..06",11,35,2022
"A06..06",8,36,2022
"A06..06",4,37,2022
"A06..06",6,38,2022
"A06..06",11,39,2022
"A06..06",6,40,2022
"A06..06",3,41,2022
"A06..06",6,42,2022
"A06..06",2,43,2022
"A07..07",3,1,2022
"A07..07",4,2,2022
"A07..07",2,3,2022
"A07..07",9,4,2022
"A07..07",6,5,2022
"A07..07",6,6,2022
"A07..07",7,7,2022
"A07..07",7,8,2022
"A07..07",7,9,2022
"A07..07",5,10,2022
"A07..07",10,11,2022
"A07..07",26,12,2022
"A07..07",18,13,2022
"A07..07",35,14,2022
"A07..07",39,15,2022
"A07..07",41,16,2022
"A07..07",36,17,2022
"A07..07",43,18,2022
"A07..07",57,19,2022
"A07..07",43,20,2022
"A07..07",41,21,2022
"A07..07",35,22,2022
"A07..07",19,23,2022
"A07..07",24,24,2022
"A07..07",30,25,2022
"A07..07",29,26,2022
"A07..07",24,27,2022
"A07..07",10,28,2022
"A07..07",17,29,2022
"A07..07",17,30,2022
"A07..07",10,31,2022
"A07..07",13,32,2022
"A07..07",8,33,2022
"A07..07",5,34,2022
"A07..07",11,35,2022
"A07..07",4,36,2022
"A07..07",6,37,2022
"A07..07",4,38,2022
"A07..07",4,39,2022
"A07..07",4,40,2022
"A07..07",3,41,2022
"A07..07",2,42,2022
"A07..07",2,43,2022
"A08..08",1,1,2022
"A08..08",1,2,2022
"A08..08",4,3,2022
"A08..08",2,4,2022
"A08..08",3,5,2022
"A08..08",5,6,2022
"A08..08",5,7,2022
"A08..08",6,8,2022
"A08..08",6,9,2022
"A08..08",7,10,2022
"A08..08",15,11,2022
"A08..08",15,12,2022
"A08..08",15,13,2022
"A08..08",15,14,2022
"A08..08",14,15,2022
"A08..08",22,16,2022
"A08..08",29,17,2022
"A08..08",29,18,2022
"A08..08",38,19,2022
"A08..08",29,20,2022
"A08..08",28,21,2022
"A08..08",23,22,2022
"A08..08",22,23,2022
"A08..08",20,24,2022
"A08..08",15,25,2022
"A08..08",23,26,2022
"A08..08",8,27,2022
"A08..08",9,28,2022
"A08..08",9,29,2022
"A08..08",8,30,2022
"A08..08",13,31,2022
"A08..08",6,32,2022
"A08..08",13,33,2022
"A08..08",11,34,2022
"A08..08",4,35,2022
"A08..08",9,36,2022
"A08..08",5,37,2022
"A08..08",2,38,2022
"A08..08",2,39,2022
"A08..08",3,40,2022
"A08..08",2,41,2022
"A08..08",8,42,2022
"A08..08",4,43,2022
"A09..09",NA,1,2022
"A09..09",4,2,2022
"A09..09",1,3,2022
"A09..09",5,4,2022
"A09..09",2,5,2022
"A09..09",NA,6,2022
"A09..09",3,7,2022
"A09..09",1,8,2022
"A09..09",4,9,2022
"A09..09",6,10,2022
"A09..09",11,11,2022
"A09..09",8,12,2022
"A09..09",6,13,2022
"A09..09",22,14,2022
"A09..09",25,15,2022
"A09..09",17,16,2022
"A09..09",18,17,2022
"A09..09",23,18,2022
"A09..09",23,19,2022
"A09..09",32,20,2022
"A09..09",20,21,2022
"A09..09",17,22,2022
"A09..09",13,23,2022
"A09..09",13,24,2022
"A09..09",21,25,2022
"A09..09",20,26,2022
"A09..09",9,27,2022
"A09..09",7,28,2022
"A09..09",7,29,2022
"A09..09",9,30,2022
"A09..09",5,31,2022
"A09..09",11,32,2022
"A09..09",12,33,2022
"A09..09",7,34,2022
"A09..09",3,35,2022
"A09..09",6,36,2022
"A09..09",9,37,2022
"A09..09",NA,38,2022
"A09..09",NA,39,2022
"A09..09",1,40,2022
"A09..09",1,41,2022
"A09..09",4,42,2022
"A09..09",3,43,2022
"A10..10",3,1,2022
"A10..10",2,2,2022
"A10..10",3,3,2022
"A10..10",3,4,2022
"A10..10",2,5,2022
"A10..10",NA,6,2022
"A10..10",2,7,2022
"A10..10",4,8,2022
"A10..10",2,9,2022
"A10..10",NA,10,2022
"A10..10",5,11,2022
"A10..10",9,12,2022
"A10..10",10,13,2022
"A10..10",9,14,2022
"A10..10",7,15,2022
"A10..10",11,16,2022
"A10..10",8,17,2022
"A10..10",19,18,2022
"A10..10",22,19,2022
"A10..10",19,20,2022
"A10..10",18,21,2022
"A10..10",7,22,2022
"A10..10",11,23,2022
"A10..10",8,24,2022
"A10..10",16,25,2022
"A10..10",13,26,2022
"A10..10",4,27,2022
"A10..10",10,28,2022
"A10..10",6,29,2022
"A10..10",10,30,2022
"A10..10",5,31,2022
"A10..10",4,32,2022
"A10..10",5,33,2022
"A10..10",5,34,2022
"A10..10",4,35,2022
"A10..10",2,36,2022
"A10..10",10,37,2022
"A10..10",1,38,2022
"A10..10",3,39,2022
"A10..10",3,40,2022
"A10..10",1,41,2022
"A10..10",1,42,2022
"A10..10",NA,43,2022
"A11..11",3,1,2022
"A11..11",NA,2,2022
"A11..11",1,3,2022
"A11..11",1,4,2022
"A11..11",2,5,2022
"A11..11",2,6,2022
"A11..11",1,7,2022
"A11..11",1,8,2022
"A11..11",2,9,2022
"A11..11",2,10,2022
"A11..11",2,11,2022
"A11..11",2,12,2022
"A11..11",4,13,2022
"A11..11",4,14,2022
"A11..11",4,15,2022
"A11..11",7,16,2022
"A11..11",13,17,2022
"A11..11",9,18,2022
"A11..11",7,19,2022
"A11..11",11,20,2022
"A11..11",11,21,2022
"A11..11",11,22,2022
"A11..11",4,23,2022
"A11..11",7,24,2022
"A11..11",11,25,2022
"A11..11",10,26,2022
"A11..11",2,27,2022
"A11..11",4,28,2022
"A11..11",4,29,2022
"A11..11",4,30,2022
"A11..11",2,31,2022
"A11..11",5,32,2022
"A11..11",1,33,2022
"A11..11",2,34,2022
"A11..11",3,35,2022
"A11..11",1,36,2022
"A11..11",4,37,2022
"A11..11",1,38,2022
"A11..11",1,39,2022
"A11..11",NA,40,2022
"A11..11",NA,41,2022
"A11..11",2,42,2022
"A11..11",2,43,2022
"A12..12",NA,1,2022
"A12..12",2,2,2022
"A12..12",2,3,2022
"A12..12",2,4,2022
"A12..12",2,5,2022
"A12..12",1,6,2022
"A12..12",1,7,2022
"A12..12",NA,8,2022
"A12..12",1,9,2022
"A12..12",2,10,2022
"A12..12",2,11,2022
"A12..12",4,12,2022
"A12..12",5,13,2022
"A12..12",2,14,2022
"A12..12",4,15,2022
"A12..12",8,16,2022
"A12..12",8,17,2022
"A12..12",8,18,2022
"A12..12",7,19,2022
"A12..12",9,20,2022
"A12..12",5,21,2022
"A12..12",8,22,2022
"A12..12",5,23,2022
"A12..12",2,24,2022
"A12..12",2,25,2022
"A12..12",8,26,2022
"A12..12",4,27,2022
"A12..12",4,28,2022
"A12..12",2,29,2022
"A12..12",1,30,2022
"A12..12",4,31,2022
"A12..12",5,32,2022
"A12..12",1,33,2022
"A12..12",4,34,2022
"A12..12",5,35,2022
"A12..12",5,36,2022
"A12..12",1,37,2022
"A12..12",1,38,2022
"A12..12",1,39,2022
"A12..12",NA,40,2022
"A12..12",1,41,2022
"A12..12",NA,42,2022
"A12..12",2,43,2022
"A13..13",1,1,2022
"A13..13",NA,2,2022
"A13..13",1,3,2022
"A13..13",NA,4,2022
"A13..13",1,5,2022
"A13..13",NA,6,2022
"A13..13",2,7,2022
"A13..13",NA,8,2022
"A13..13",4,9,2022
"A13..13",1,10,2022
"A13..13",4,11,2022
"A13..13",3,12,2022
"A13..13",5,13,2022
"A13..13",3,14,2022
"A13..13",3,15,2022
"A13..13",4,16,2022
"A13..13",6,17,2022
"A13..13",8,18,2022
"A13..13",4,19,2022
"A13..13",5,20,2022
"A13..13",4,21,2022
"A13..13",3,22,2022
"A13..13",4,23,2022
"A13..13",4,24,2022
"A13..13",1,25,2022
"A13..13",3,26,2022
"A13..13",3,27,2022
"A13..13",6,28,2022
"A13..13",NA,29,2022
"A13..13",2,30,2022
"A13..13",1,31,2022
"A13..13",1,32,2022
"A13..13",2,33,2022
"A13..13",3,34,2022
"A13..13",1,35,2022
"A13..13",NA,36,2022
"A13..13",1,37,2022
"A13..13",NA,38,2022
"A13..13",1,39,2022
"A13..13",NA,40,2022
"A13..13",1,41,2022
"A13..13",1,42,2022
"A13..13",2,43,2022
"A14..14",NA,1,2022
"A14..14",NA,2,2022
"A14..14",NA,3,2022
"A14..14",NA,4,2022
"A14..14",NA,5,2022
"A14..14",1,6,2022
"A14..14",NA,7,2022
"A14..14",2,8,2022
"A14..14",NA,9,2022
"A14..14",NA,10,2022
"A14..14",3,11,2022
"A14..14",2,12,2022
"A14..14",1,13,2022
"A14..14",5,14,2022
"A14..14",5,15,2022
"A14..14",2,16,2022
"A14..14",4,17,2022
"A14..14",5,18,2022
"A14..14",2,19,2022
"A14..14",4,20,2022
"A14..14",9,21,2022
"A14..14",7,22,2022
"A14..14",1,23,2022
"A14..14",3,24,2022
"A14..14",2,25,2022
"A14..14",7,26,2022
"A14..14",1,27,2022
"A14..14",3,28,2022
"A14..14",NA,29,2022
"A14..14",1,30,2022
"A14..14",3,31,2022
"A14..14",2,32,2022
"A14..14",1,33,2022
"A14..14",4,34,2022
"A14..14",2,35,2022
"A14..14",3,36,2022
"A14..14",1,37,2022
"A14..14",2,38,2022
"A14..14",1,39,2022
"A14..14",NA,40,2022
"A14..14",NA,41,2022
"A14..14",NA,42,2022
"A14..14",NA,43,2022
"A15..15",NA,1,2022
"A15..15",1,2,2022
"A15..15",NA,3,2022
"A15..15",NA,4,2022
"A15..15",1,5,2022
"A15..15",2,6,2022
"A15..15",1,7,2022
"A15..15",3,8,2022
"A15..15",NA,9,2022
"A15..15",1,10,2022
"A15..15",NA,11,2022
"A15..15",1,12,2022
"A15..15",1,13,2022
"A15..15",1,14,2022
"A15..15",2,15,2022
"A15..15",1,16,2022
"A15..15",5,17,2022
"A15..15",7,18,2022
"A15..15",1,19,2022
"A15..15",4,20,2022
"A15..15",3,21,2022
"A15..15",3,22,2022
"A15..15",1,23,2022
"A15..15",1,24,2022
"A15..15",NA,25,2022
"A15..15",2,26,2022
"A15..15",2,27,2022
"A15..15",2,28,2022
"A15..15",1,29,2022
"A15..15",1,30,2022
"A15..15",3,31,2022
"A15..15",3,32,2022
"A15..15",NA,33,2022
"A15..15",1,34,2022
"A15..15",2,35,2022
"A15..15",2,36,2022
"A15..15",NA,37,2022
"A15..15",NA,38,2022
"A15..15",NA,39,2022
"A15..15",2,40,2022
"A15..15",NA,41,2022
"A15..15",NA,42,2022
"A15..15",1,43,2022
"A16..16",NA,1,2022
"A16..16",NA,2,2022
"A16..16",NA,3,2022
"A16..16",1,4,2022
"A16..16",1,5,2022
"A16..16",4,6,2022
"A16..16",1,7,2022
"A16..16",NA,8,2022
"A16..16",2,9,2022
"A16..16",1,10,2022
"A16..16",1,11,2022
"A16..16",1,12,2022
"A16..16",1,13,2022
"A16..16",5,14,2022
"A16..16",1,15,2022
"A16..16",3,16,2022
"A16..16",5,17,2022
"A16..16",5,18,2022
"A16..16",3,19,2022
"A16..16",6,20,2022
"A16..16",6,21,2022
"A16..16",3,22,2022
"A16..16",3,23,2022
"A16..16",1,24,2022
"A16..16",NA,25,2022
"A16..16",3,26,2022
"A16..16",4,27,2022
"A16..16",1,28,2022
"A16..16",2,29,2022
"A16..16",2,30,2022
"A16..16",NA,31,2022
"A16..16",4,32,2022
"A16..16",2,33,2022
"A16..16",NA,34,2022
"A16..16",NA,35,2022
"A16..16",3,36,2022
"A16..16",NA,37,2022
"A16..16",1,38,2022
"A16..16",NA,39,2022
"A16..16",1,40,2022
"A16..16",1,41,2022
"A16..16",2,42,2022
"A16..16",2,43,2022
"A17..17",4,1,2022
"A17..17",NA,2,2022
"A17..17",1,3,2022
"A17..17",1,4,2022
"A17..17",NA,5,2022
"A17..17",NA,6,2022
"A17..17",1,7,2022
"A17..17",1,8,2022
"A17..17",1,9,2022
"A17..17",1,10,2022
"A17..17",1,11,2022
"A17..17",1,12,2022
"A17..17",2,13,2022
"A17..17",5,14,2022
"A17..17",2,15,2022
"A17..17",2,16,2022
"A17..17",7,17,2022
"A17..17",5,18,2022
"A17..17",4,19,2022
"A17..17",1,20,2022
"A17..17",2,21,2022
"A17..17",3,22,2022
"A17..17",1,23,2022
"A17..17",2,24,2022
"A17..17",2,25,2022
"A17..17",2,26,2022
"A17..17",4,27,2022
"A17..17",1,28,2022
"A17..17",1,29,2022
"A17..17",1,30,2022
"A17..17",NA,31,2022
"A17..17",NA,32,2022
"A17..17",1,33,2022
"A17..17",NA,34,2022
"A17..17",1,35,2022
"A17..17",3,36,2022
"A17..17",NA,37,2022
"A17..17",1,38,2022
"A17..17",2,39,2022
"A17..17",NA,40,2022
"A17..17",6,41,2022
"A17..17",NA,42,2022
"A17..17",NA,43,2022
"A18..18",NA,1,2022
"A18..18",1,2,2022
"A18..18",NA,3,2022
"A18..18",1,4,2022
"A18..18",NA,5,2022
"A18..18",3,6,2022
"A18..18",NA,7,2022
"A18..18",1,8,2022
"A18..18",1,9,2022
"A18..18",NA,10,2022
"A18..18",1,11,2022
"A18..18",1,12,2022
"A18..18",NA,13,2022
"A18..18",4,14,2022
"A18..18",3,15,2022
"A18..18",1,16,2022
"A18..18",3,17,2022
"A18..18",NA,18,2022
"A18..18",2,19,2022
"A18..18",1,20,2022
"A18..18",1,21,2022
"A18..18",2,22,2022
"A18..18",2,23,2022
"A18..18",2,24,2022
"A18..18",1,25,2022
"A18..18",NA,26,2022
"A18..18",2,27,2022
"A18..18",2,28,2022
"A18..18",2,29,2022
"A18..18",NA,30,2022
"A18..18",1,31,2022
"A18..18",1,32,2022
"A18..18",1,33,2022
"A18..18",1,34,2022
"A18..18",1,35,2022
"A18..18",2,36,2022
"A18..18",1,37,2022
"A18..18",NA,38,2022
"A18..18",NA,39,2022
"A18..18",NA,40,2022
"A18..18",2,41,2022
"A18..18",NA,42,2022
"A18..18",1,43,2022
"A19..19",NA,1,2022
"A19..19",NA,2,2022
"A19..19",2,3,2022
"A19..19",1,4,2022
"A19..19",1,5,2022
"A19..19",NA,6,2022
"A19..19",NA,7,2022
"A19..19",NA,8,2022
"A19..19",NA,9,2022
"A19..19",1,10,2022
"A19..19",1,11,2022
"A19..19",1,12,2022
"A19..19",3,13,2022
"A19..19",1,14,2022
"A19..19",2,15,2022
"A19..19",NA,16,2022
"A19..19",1,17,2022
"A19..19",2,18,2022
"A19..19",3,19,2022
"A19..19",3,20,2022
"A19..19",2,21,2022
"A19..19",3,22,2022
"A19..19",1,23,2022
"A19..19",2,24,2022
"A19..19",3,25,2022
"A19..19",2,26,2022
"A19..19",1,27,2022
"A19..19",2,28,2022
"A19..19",2,29,2022
"A19..19",NA,30,2022
"A19..19",NA,31,2022
"A19..19",1,32,2022
"A19..19",1,33,2022
"A19..19",NA,34,2022
"A19..19",2,35,2022
"A19..19",NA,36,2022
"A19..19",NA,37,2022
"A19..19",1,38,2022
"A19..19",NA,39,2022
"A19..19",NA,40,2022
"A19..19",1,41,2022
"A19..19",NA,42,2022
"A19..19",NA,43,2022
"A20..20",NA,1,2022
"A20..20",1,2,2022
"A20..20",NA,3,2022
"A20..20",1,4,2022
"A20..20",NA,5,2022
"A20..20",1,6,2022
"A20..20",NA,7,2022
"A20..20",NA,8,2022
"A20..20",1,9,2022
"A20..20",NA,10,2022
"A20..20",2,11,2022
"A20..20",1,12,2022
"A20..20",NA,13,2022
"A20..20",2,14,2022
"A20..20",1,15,2022
"A20..20",NA,16,2022
"A20..20",3,17,2022
"A20..20",2,18,2022
"A20..20",2,19,2022
"A20..20",1,20,2022
"A20..20",2,21,2022
"A20..20",3,22,2022
"A20..20",NA,23,2022
"A20..20",2,24,2022
"A20..20",NA,25,2022
"A20..20",NA,26,2022
"A20..20",2,27,2022
"A20..20",1,28,2022
"A20..20",NA,29,2022
"A20..20",2,30,2022
"A20..20",1,31,2022
"A20..20",NA,32,2022
"A20..20",NA,33,2022
"A20..20",1,34,2022
"A20..20",2,35,2022
"A20..20",3,36,2022
"A20..20",2,37,2022
"A20..20",NA,38,2022
"A20..20",NA,39,2022
"A20..20",1,40,2022
"A20..20",NA,41,2022
"A20..20",1,42,2022
"A20..20",NA,43,2022
"A21..21",1,1,2022
"A21..21",NA,2,2022
"A21..21",1,3,2022
"A21..21",1,4,2022
"A21..21",NA,5,2022
"A21..21",NA,6,2022
"A21..21",1,7,2022
"A21..21",NA,8,2022
"A21..21",3,9,2022
"A21..21",2,10,2022
"A21..21",2,11,2022
"A21..21",2,12,2022
"A21..21",3,13,2022
"A21..21",2,14,2022
"A21..21",5,15,2022
"A21..21",3,16,2022
"A21..21",3,17,2022
"A21..21",4,18,2022
"A21..21",11,19,2022
"A21..21",5,20,2022
"A21..21",2,21,2022
"A21..21",2,22,2022
"A21..21",1,23,2022
"A21..21",3,24,2022
"A21..21",4,25,2022
"A21..21",2,26,2022
"A21..21",1,27,2022
"A21..21",3,28,2022
"A21..21",3,29,2022
"A21..21",NA,30,2022
"A21..21",2,31,2022
"A21..21",5,32,2022
"A21..21",1,33,2022
"A21..21",1,34,2022
"A21..21",NA,35,2022
"A21..21",NA,36,2022
"A21..21",1,37,2022
"A21..21",1,38,2022
"A21..21",1,39,2022
"A21..21",NA,40,2022
"A21..21",NA,41,2022
"A21..21",NA,42,2022
"A21..21",NA,43,2022
"A22..22",1,1,2022
"A22..22",NA,2,2022
"A22..22",1,3,2022
"A22..22",NA,4,2022
"A22..22",2,5,2022
"A22..22",1,6,2022
"A22..22",2,7,2022
"A22..22",1,8,2022
"A22..22",1,9,2022
"A22..22",NA,10,2022
"A22..22",2,11,2022
"A22..22",NA,12,2022
"A22..22",5,13,2022
"A22..22",3,14,2022
"A22..22",5,15,2022
"A22..22",NA,16,2022
"A22..22",4,17,2022
"A22..22",5,18,2022
"A22..22",2,19,2022
"A22..22",5,20,2022
"A22..22",2,21,2022
"A22..22",5,22,2022
"A22..22",1,23,2022
"A22..22",1,24,2022
"A22..22",2,25,2022
"A22..22",1,26,2022
"A22..22",1,27,2022
"A22..22",NA,28,2022
"A22..22",2,29,2022
"A22..22",NA,30,2022
"A22..22",1,31,2022
"A22..22",3,32,2022
"A22..22",1,33,2022
"A22..22",NA,34,2022
"A22..22",1,35,2022
"A22..22",NA,36,2022
"A22..22",1,37,2022
"A22..22",NA,38,2022
"A22..22",2,39,2022
"A22..22",NA,40,2022
"A22..22",1,41,2022
"A22..22",1,42,2022
"A22..22",NA,43,2022
"A23..23",NA,1,2022
"A23..23",NA,2,2022
"A23..23",1,3,2022
"A23..23",1,4,2022
"A23..23",NA,5,2022
"A23..23",2,6,2022
"A23..23",1,7,2022
"A23..23",1,8,2022
"A23..23",1,9,2022
"A23..23",1,10,2022
"A23..23",1,11,2022
"A23..23",4,12,2022
"A23..23",3,13,2022
"A23..23",2,14,2022
"A23..23",2,15,2022
"A23..23",3,16,2022
"A23..23",3,17,2022
"A23..23",3,18,2022
"A23..23",2,19,2022
"A23..23",7,20,2022
"A23..23",3,21,2022
"A23..23",6,22,2022
"A23..23",NA,23,2022
"A23..23",4,24,2022
"A23..23",5,25,2022
"A23..23",NA,26,2022
"A23..23",1,27,2022
"A23..23",4,28,2022
"A23..23",2,29,2022
"A23..23",1,30,2022
"A23..23",NA,31,2022
"A23..23",NA,32,2022
"A23..23",NA,33,2022
"A23..23",1,34,2022
"A23..23",NA,35,2022
"A23..23",1,36,2022
"A23..23",2,37,2022
"A23..23",3,38,2022
"A23..23",1,39,2022
"A23..23",1,40,2022
"A23..23",1,41,2022
"A23..23",NA,42,2022
"A23..23",1,43,2022
"A24..24",1,1,2022
"A24..24",1,2,2022
"A24..24",NA,3,2022
"A24..24",NA,4,2022
"A24..24",2,5,2022
"A24..24",1,6,2022
"A24..24",NA,7,2022
"A24..24",2,8,2022
"A24..24",1,9,2022
"A24..24",NA,10,2022
"A24..24",1,11,2022
"A24..24",1,12,2022
"A24..24",2,13,2022
"A24..24",1,14,2022
"A24..24",2,15,2022
"A24..24",5,16,2022
"A24..24",2,17,2022
"A24..24",1,18,2022
"A24..24",7,19,2022
"A24..24",9,20,2022
"A24..24",7,21,2022
"A24..24",1,22,2022
"A24..24",6,23,2022
"A24..24",3,24,2022
"A24..24",2,25,2022
"A24..24",1,26,2022
"A24..24",1,27,2022
"A24..24",2,28,2022
"A24..24",1,29,2022
"A24..24",NA,30,2022
"A24..24",NA,31,2022
"A24..24",1,32,2022
"A24..24",NA,33,2022
"A24..24",NA,34,2022
"A24..24",2,35,2022
"A24..24",NA,36,2022
"A24..24",NA,37,2022
"A24..24",1,38,2022
"A24..24",NA,39,2022
"A24..24",3,40,2022
"A24..24",2,41,2022
"A24..24",1,42,2022
"A24..24",NA,43,2022
"A25..25",NA,1,2022
"A25..25",1,2,2022
"A25..25",1,3,2022
"A25..25",NA,4,2022
"A25..25",1,5,2022
"A25..25",3,6,2022
"A25..25",NA,7,2022
"A25..25",2,8,2022
"A25..25",1,9,2022
"A25..25",NA,10,2022
"A25..25",NA,11,2022
"A25..25",3,12,2022
"A25..25",3,13,2022
"A25..25",4,14,2022
"A25..25",NA,15,2022
"A25..25",5,16,2022
"A25..25",5,17,2022
"A25..25",4,18,2022
"A25..25",4,19,2022
"A25..25",4,20,2022
"A25..25",1,21,2022
"A25..25",8,22,2022
"A25..25",2,23,2022
"A25..25",1,24,2022
"A25..25",1,25,2022
"A25..25",4,26,2022
"A25..25",3,27,2022
"A25..25",NA,28,2022
"A25..25",2,29,2022
"A25..25",NA,30,2022
"A25..25",NA,31,2022
"A25..25",2,32,2022
"A25..25",NA,33,2022
"A25..25",3,34,2022
"A25..25",2,35,2022
"A25..25",1,36,2022
"A25..25",1,37,2022
"A25..25",NA,38,2022
"A25..25",NA,39,2022
"A25..25",NA,40,2022
"A25..25",NA,41,2022
"A25..25",2,42,2022
"A25..25",NA,43,2022
"A26..26",1,1,2022
"A26..26",1,2,2022
"A26..26",NA,3,2022
"A26..26",NA,4,2022
"A26..26",NA,5,2022
"A26..26",NA,6,2022
"A26..26",1,7,2022
"A26..26",NA,8,2022
"A26..26",1,9,2022
"A26..26",1,10,2022
"A26..26",NA,11,2022
"A26..26",1,12,2022
"A26..26",1,13,2022
"A26..26",3,14,2022
"A26..26",2,15,2022
"A26..26",2,16,2022
"A26..26",9,17,2022
"A26..26",1,18,2022
"A26..26",2,19,2022
"A26..26",11,20,2022
"A26..26",3,21,2022
"A26..26",2,22,2022
"A26..26",NA,23,2022
"A26..26",5,24,2022
"A26..26",4,25,2022
"A26..26",3,26,2022
"A26..26",NA,27,2022
"A26..26",NA,28,2022
"A26..26",NA,29,2022
"A26..26",NA,30,2022
"A26..26",1,31,2022
"A26..26",NA,32,2022
"A26..26",NA,33,2022
"A26..26",NA,34,2022
"A26..26",1,35,2022
"A26..26",NA,36,2022
"A26..26",3,37,2022
"A26..26",NA,38,2022
"A26..26",1,39,2022
"A26..26",1,40,2022
"A26..26",2,41,2022
"A26..26",NA,42,2022
"A26..26",NA,43,2022
"A27..27",2,1,2022
"A27..27",1,2,2022
"A27..27",1,3,2022
"A27..27",NA,4,2022
"A27..27",NA,5,2022
"A27..27",1,6,2022
"A27..27",1,7,2022
"A27..27",NA,8,2022
"A27..27",2,9,2022
"A27..27",1,10,2022
"A27..27",3,11,2022
"A27..27",1,12,2022
"A27..27",6,13,2022
"A27..27",1,14,2022
"A27..27",2,15,2022
"A27..27",1,16,2022
"A27..27",3,17,2022
"A27..27",6,18,2022
"A27..27",4,19,2022
"A27..27",1,20,2022
"A27..27",7,21,2022
"A27..27",6,22,2022
"A27..27",3,23,2022
"A27..27",1,24,2022
"A27..27",1,25,2022
"A27..27",3,26,2022
"A27..27",1,27,2022
"A27..27",NA,28,2022
"A27..27",1,29,2022
"A27..27",2,30,2022
"A27..27",NA,31,2022
"A27..27",6,32,2022
"A27..27",2,33,2022
"A27..27",NA,34,2022
"A27..27",1,35,2022
"A27..27",2,36,2022
"A27..27",2,37,2022
"A27..27",NA,38,2022
"A27..27",2,39,2022
"A27..27",NA,40,2022
"A27..27",NA,41,2022
"A27..27",NA,42,2022
"A27..27",NA,43,2022
"A28..28",NA,1,2022
"A28..28",2,2,2022
"A28..28",1,3,2022
"A28..28",NA,4,2022
"A28..28",1,5,2022
"A28..28",NA,6,2022
"A28..28",2,7,2022
"A28..28",NA,8,2022
"A28..28",1,9,2022
"A28..28",4,10,2022
"A28..28",2,11,2022
"A28..28",1,12,2022
"A28..28",2,13,2022
"A28..28",2,14,2022
"A28..28",2,15,2022
"A28..28",5,16,2022
"A28..28",2,17,2022
"A28..28",3,18,2022
"A28..28",2,19,2022
"A28..28",3,20,2022
"A28..28",7,21,2022
"A28..28",4,22,2022
"A28..28",2,23,2022
"A28..28",6,24,2022
"A28..28",2,25,2022
"A28..28",2,26,2022
"A28..28",3,27,2022
"A28..28",2,28,2022
"A28..28",2,29,2022
"A28..28",3,30,2022
"A28..28",2,31,2022
"A28..28",NA,32,2022
"A28..28",1,33,2022
"A28..28",NA,34,2022
"A28..28",1,35,2022
"A28..28",1,36,2022
"A28..28",3,37,2022
"A28..28",1,38,2022
"A28..28",NA,39,2022
"A28..28",NA,40,2022
"A28..28",1,41,2022
"A28..28",1,42,2022
"A28..28",1,43,2022
"A29..29",NA,1,2022
"A29..29",1,2,2022
"A29..29",1,3,2022
"A29..29",2,4,2022
"A29..29",2,5,2022
"A29..29",1,6,2022
"A29..29",4,7,2022
"A29..29",3,8,2022
"A29..29",1,9,2022
"A29..29",1,10,2022
"A29..29",1,11,2022
"A29..29",NA,12,2022
"A29..29",3,13,2022
"A29..29",4,14,2022
"A29..29",3,15,2022
"A29..29",4,16,2022
"A29..29",4,17,2022
"A29..29",8,18,2022
"A29..29",5,19,2022
"A29..29",6,20,2022
"A29..29",2,21,2022
"A29..29",2,22,2022
"A29..29",3,23,2022
"A29..29",3,24,2022
"A29..29",NA,25,2022
"A29..29",2,26,2022
"A29..29",2,27,2022
"A29..29",4,28,2022
"A29..29",3,29,2022
"A29..29",3,30,2022
"A29..29",3,31,2022
"A29..29",2,32,2022
"A29..29",2,33,2022
"A29..29",1,34,2022
"A29..29",1,35,2022
"A29..29",3,36,2022
"A29..29",2,37,2022
"A29..29",NA,38,2022
"A29..29",2,39,2022
"A29..29",1,40,2022
"A29..29",1,41,2022
"A29..29",NA,42,2022
"A29..29",NA,43,2022
"A30..30",NA,1,2022
"A30..30",1,2,2022
"A30..30",2,3,2022
"A30..30",1,4,2022
"A30..30",1,5,2022
"A30..30",NA,6,2022
"A30..30",6,7,2022
"A30..30",1,8,2022
"A30..30",NA,9,2022
"A30..30",1,10,2022
"A30..30",2,11,2022
"A30..30",4,12,2022
"A30..30",4,13,2022
"A30..30",4,14,2022
"A30..30",2,15,2022
"A30..30",3,16,2022
"A30..30",8,17,2022
"A30..30",2,18,2022
"A30..30",9,19,2022
"A30..30",7,20,2022
"A30..30",6,21,2022
"A30..30",5,22,2022
"A30..30",4,23,2022
"A30..30",5,24,2022
"A30..30",5,25,2022
"A30..30",2,26,2022
"A30..30",2,27,2022
"A30..30",2,28,2022
"A30..30",2,29,2022
"A30..30",1,30,2022
"A30..30",3,31,2022
"A30..30",1,32,2022
"A30..30",NA,33,2022
"A30..30",1,34,2022
"A30..30",NA,35,2022
"A30..30",3,36,2022
"A30..30",2,37,2022
"A30..30",1,38,2022
"A30..30",2,39,2022
"A30..30",NA,40,2022
"A30..30",NA,41,2022
"A30..30",4,42,2022
"A30..30",1,43,2022
"A31..31",2,1,2022
"A31..31",2,2,2022
"A31..31",1,3,2022
"A31..31",1,4,2022
"A31..31",1,5,2022
"A31..31",7,6,2022
"A31..31",4,7,2022
"A31..31",2,8,2022
"A31..31",1,9,2022
"A31..31",1,10,2022
"A31..31",NA,11,2022
"A31..31",4,12,2022
"A31..31",1,13,2022
"A31..31",3,14,2022
"A31..31",5,15,2022
"A31..31",4,16,2022
"A31..31",9,17,2022
"A31..31",8,18,2022
"A31..31",9,19,2022
"A31..31",10,20,2022
"A31..31",9,21,2022
"A31..31",8,22,2022
"A31..31",10,23,2022
"A31..31",8,24,2022
"A31..31",6,25,2022
"A31..31",3,26,2022
"A31..31",2,27,2022
"A31..31",5,28,2022
"A31..31",6,29,2022
"A31..31",4,30,2022
"A31..31",NA,31,2022
"A31..31",1,32,2022
"A31..31",1,33,2022
"A31..31",2,34,2022
"A31..31",3,35,2022
"A31..31",1,36,2022
"A31..31",1,37,2022
"A31..31",1,38,2022
"A31..31",5,39,2022
"A31..31",1,40,2022
"A31..31",4,41,2022
"A31..31",2,42,2022
"A31..31",NA,43,2022
"A32..32",3,1,2022
"A32..32",1,2,2022
"A32..32",2,3,2022
"A32..32",2,4,2022
"A32..32",NA,5,2022
"A32..32",3,6,2022
"A32..32",1,7,2022
"A32..32",NA,8,2022
"A32..32",NA,9,2022
"A32..32",1,10,2022
"A32..32",2,11,2022
"A32..32",5,12,2022
"A32..32",6,13,2022
"A32..32",7,14,2022
"A32..32",5,15,2022
"A32..32",5,16,2022
"A32..32",9,17,2022
"A32..32",5,18,2022
"A32..32",4,19,2022
"A32..32",12,20,2022
"A32..32",5,21,2022
"A32..32",9,22,2022
"A32..32",8,23,2022
"A32..32",5,24,2022
"A32..32",11,25,2022
"A32..32",5,26,2022
"A32..32",6,27,2022
"A32..32",5,28,2022
"A32..32",4,29,2022
"A32..32",6,30,2022
"A32..32",2,31,2022
"A32..32",4,32,2022
"A32..32",NA,33,2022
"A32..32",1,34,2022
"A32..32",1,35,2022
"A32..32",3,36,2022
"A32..32",1,37,2022
"A32..32",2,38,2022
"A32..32",1,39,2022
"A32..32",4,40,2022
"A32..32",NA,41,2022
"A32..32",3,42,2022
"A32..32",2,43,2022
"A33..33",NA,1,2022
"A33..33",5,2,2022
"A33..33",6,3,2022
"A33..33",4,4,2022
"A33..33",NA,5,2022
"A33..33",NA,6,2022
"A33..33",NA,7,2022
"A33..33",3,8,2022
"A33..33",2,9,2022
"A33..33",2,10,2022
"A33..33",5,11,2022
"A33..33",2,12,2022
"A33..33",3,13,2022
"A33..33",8,14,2022
"A33..33",6,15,2022
"A33..33",8,16,2022
"A33..33",7,17,2022
"A33..33",11,18,2022
"A33..33",9,19,2022
"A33..33",7,20,2022
"A33..33",8,21,2022
"A33..33",9,22,2022
"A33..33",5,23,2022
"A33..33",9,24,2022
"A33..33",9,25,2022
"A33..33",6,26,2022
"A33..33",1,27,2022
"A33..33",3,28,2022
"A33..33",3,29,2022
"A33..33",2,30,2022
"A33..33",3,31,2022
"A33..33",4,32,2022
"A33..33",3,33,2022
"A33..33",2,34,2022
"A33..33",2,35,2022
"A33..33",NA,36,2022
"A33..33",2,37,2022
"A33..33",NA,38,2022
"A33..33",4,39,2022
"A33..33",3,40,2022
"A33..33",NA,41,2022
"A33..33",4,42,2022
"A33..33",2,43,2022
"A34..34",NA,1,2022
"A34..34",NA,2,2022
"A34..34",2,3,2022
"A34..34",3,4,2022
"A34..34",NA,5,2022
"A34..34",1,6,2022
"A34..34",3,7,2022
"A34..34",2,8,2022
"A34..34",1,9,2022
"A34..34",3,10,2022
"A34..34",3,11,2022
"A34..34",5,12,2022
"A34..34",4,13,2022
"A34..34",2,14,2022
"A34..34",3,15,2022
"A34..34",3,16,2022
"A34..34",6,17,2022
"A34..34",7,18,2022
"A34..34",15,19,2022
"A34..34",15,20,2022
"A34..34",12,21,2022
"A34..34",9,22,2022
"A34..34",2,23,2022
"A34..34",7,24,2022
"A34..34",9,25,2022
"A34..34",6,26,2022
"A34..34",2,27,2022
"A34..34",5,28,2022
"A34..34",5,29,2022
"A34..34",5,30,2022
"A34..34",2,31,2022
"A34..34",5,32,2022
"A34..34",3,33,2022
"A34..34",2,34,2022
"A34..34",NA,35,2022
"A34..34",7,36,2022
"A34..34",3,37,2022
"A34..34",1,38,2022
"A34..34",2,39,2022
"A34..34",2,40,2022
"A34..34",3,41,2022
"A34..34",3,42,2022
"A34..34",2,43,2022
"A35..35",2,1,2022
"A35..35",NA,2,2022
"A35..35",1,3,2022
"A35..35",1,4,2022
"A35..35",NA,5,2022
"A35..35",1,6,2022
"A35..35",5,7,2022
"A35..35",2,8,2022
"A35..35",2,9,2022
"A35..35",1,10,2022
"A35..35",3,11,2022
"A35..35",3,12,2022
"A35..35",4,13,2022
"A35..35",4,14,2022
"A35..35",11,15,2022
"A35..35",10,16,2022
"A35..35",5,17,2022
"A35..35",15,18,2022
"A35..35",15,19,2022
"A35..35",4,20,2022
"A35..35",8,21,2022
"A35..35",13,22,2022
"A35..35",4,23,2022
"A35..35",10,24,2022
"A35..35",4,25,2022
"A35..35",14,26,2022
"A35..35",3,27,2022
"A35..35",1,28,2022
"A35..35",3,29,2022
"A35..35",1,30,2022
"A35..35",5,31,2022
"A35..35",NA,32,2022
"A35..35",3,33,2022
"A35..35",NA,34,2022
"A35..35",2,35,2022
"A35..35",3,36,2022
"A35..35",2,37,2022
"A35..35",1,38,2022
"A35..35",NA,39,2022
"A35..35",1,40,2022
"A35..35",4,41,2022
"A35..35",1,42,2022
"A35..35",NA,43,2022
"A36..36",2,1,2022
"A36..36",1,2,2022
"A36..36",NA,3,2022
"A36..36",2,4,2022
"A36..36",1,5,2022
"A36..36",1,6,2022
"A36..36",1,7,2022
"A36..36",2,8,2022
"A36..36",2,9,2022
"A36..36",3,10,2022
"A36..36",5,11,2022
"A36..36",3,12,2022
"A36..36",3,13,2022
"A36..36",6,14,2022
"A36..36",5,15,2022
"A36..36",9,16,2022
"A36..36",7,17,2022
"A36..36",11,18,2022
"A36..36",6,19,2022
"A36..36",6,20,2022
"A36..36",4,21,2022
"A36..36",7,22,2022
"A36..36",2,23,2022
"A36..36",9,24,2022
"A36..36",3,25,2022
"A36..36",8,26,2022
"A36..36",2,27,2022
"A36..36",3,28,2022
"A36..36",4,29,2022
"A36..36",2,30,2022
"A36..36",1,31,2022
"A36..36",3,32,2022
"A36..36",1,33,2022
"A36..36",NA,34,2022
"A36..36",2,35,2022
"A36..36",1,36,2022
"A36..36",NA,37,2022
"A36..36",1,38,2022
"A36..36",NA,39,2022
"A36..36",2,40,2022
"A36..36",1,41,2022
"A36..36",2,42,2022
"A36..36",1,43,2022
"A37..37",2,1,2022
"A37..37",2,2,2022
"A37..37",2,3,2022
"A37..37",2,4,2022
"A37..37",NA,5,2022
"A37..37",1,6,2022
"A37..37",NA,7,2022
"A37..37",3,8,2022
"A37..37",3,9,2022
"A37..37",1,10,2022
"A37..37",4,11,2022
"A37..37",3,12,2022
"A37..37",4,13,2022
"A37..37",NA,14,2022
"A37..37",6,15,2022
"A37..37",4,16,2022
"A37..37",7,17,2022
"A37..37",8,18,2022
"A37..37",10,19,2022
"A37..37",7,20,2022
"A37..37",6,21,2022
"A37..37",12,22,2022
"A37..37",8,23,2022
"A37..37",5,24,2022
"A37..37",9,25,2022
"A37..37",4,26,2022
"A37..37",5,27,2022
"A37..37",1,28,2022
"A37..37",2,29,2022
"A37..37",3,30,2022
"A37..37",NA,31,2022
"A37..37",2,32,2022
"A37..37",4,33,2022
"A37..37",2,34,2022
"A37..37",5,35,2022
"A37..37",1,36,2022
"A37..37",2,37,2022
"A37..37",1,38,2022
"A37..37",2,39,2022
"A37..37",NA,40,2022
"A37..37",1,41,2022
"A37..37",NA,42,2022
"A37..37",1,43,2022
"A38..38",NA,1,2022
"A38..38",4,2,2022
"A38..38",1,3,2022
"A38..38",5,4,2022
"A38..38",NA,5,2022
"A38..38",NA,6,2022
"A38..38",2,7,2022
"A38..38",NA,8,2022
"A38..38",NA,9,2022
"A38..38",3,10,2022
"A38..38",2,11,2022
"A38..38",2,12,2022
"A38..38",2,13,2022
"A38..38",9,14,2022
"A38..38",6,15,2022
"A38..38",7,16,2022
"A38..38",10,17,2022
"A38..38",8,18,2022
"A38..38",6,19,2022
"A38..38",9,20,2022
"A38..38",6,21,2022
"A38..38",6,22,2022
"A38..38",3,23,2022
"A38..38",2,24,2022
"A38..38",5,25,2022
"A38..38",3,26,2022
"A38..38",2,27,2022
"A38..38",6,28,2022
"A38..38",3,29,2022
"A38..38",2,30,2022
"A38..38",1,31,2022
"A38..38",3,32,2022
"A38..38",2,33,2022
"A38..38",2,34,2022
"A38..38",NA,35,2022
"A38..38",1,36,2022
"A38..38",1,37,2022
"A38..38",2,38,2022
"A38..38",NA,39,2022
"A38..38",NA,40,2022
"A38..38",NA,41,2022
"A38..38",NA,42,2022
"A38..38",NA,43,2022
"A39..39",1,1,2022
"A39..39",1,2,2022
"A39..39",1,3,2022
"A39..39",1,4,2022
"A39..39",1,5,2022
"A39..39",1,6,2022
"A39..39",2,7,2022
"A39..39",NA,8,2022
"A39..39",3,9,2022
"A39..39",NA,10,2022
"A39..39",2,11,2022
"A39..39",6,12,2022
"A39..39",2,13,2022
"A39..39",6,14,2022
"A39..39",2,15,2022
"A39..39",5,16,2022
"A39..39",9,17,2022
"A39..39",5,18,2022
"A39..39",13,19,2022
"A39..39",7,20,2022
"A39..39",4,21,2022
"A39..39",7,22,2022
"A39..39",4,23,2022
"A39..39",1,24,2022
"A39..39",10,25,2022
"A39..39",2,26,2022
"A39..39",5,27,2022
"A39..39",1,28,2022
"A39..39",3,29,2022
"A39..39",4,30,2022
"A39..39",2,31,2022
"A39..39",NA,32,2022
"A39..39",NA,33,2022
"A39..39",3,34,2022
"A39..39",1,35,2022
"A39..39",1,36,2022
"A39..39",2,37,2022
"A39..39",1,38,2022
"A39..39",NA,39,2022
"A39..39",NA,40,2022
"A39..39",4,41,2022
"A39..39",NA,42,2022
"A39..39",2,43,2022
"A40..40",3,1,2022
"A40..40",1,2,2022
"A40..40",NA,3,2022
"A40..40",NA,4,2022
"A40..40",1,5,2022
"A40..40",NA,6,2022
"A40..40",1,7,2022
"A40..40",3,8,2022
"A40..40",1,9,2022
"A40..40",3,10,2022
"A40..40",1,11,2022
"A40..40",1,12,2022
"A40..40",2,13,2022
"A40..40",8,14,2022
"A40..40",7,15,2022
"A40..40",6,16,2022
"A40..40",7,17,2022
"A40..40",5,18,2022
"A40..40",11,19,2022
"A40..40",7,20,2022
"A40..40",4,21,2022
"A40..40",8,22,2022
"A40..40",4,23,2022
"A40..40",6,24,2022
"A40..40",7,25,2022
"A40..40",2,26,2022
"A40..40",5,27,2022
"A40..40",2,28,2022
"A40..40",2,29,2022
"A40..40",1,30,2022
"A40..40",2,31,2022
"A40..40",3,32,2022
"A40..40",3,33,2022
"A40..40",1,34,2022
"A40..40",3,35,2022
"A40..40",3,36,2022
"A40..40",3,37,2022
"A40..40",2,38,2022
"A40..40",3,39,2022
"A40..40",NA,40,2022
"A40..40",2,41,2022
"A40..40",NA,42,2022
"A40..40",1,43,2022
"A41..41",NA,1,2022
"A41..41",NA,2,2022
"A41..41",1,3,2022
"A41..41",2,4,2022
"A41..41",NA,5,2022
"A41..41",1,6,2022
"A41..41",1,7,2022
"A41..41",1,8,2022
"A41..41",NA,9,2022
"A41..41",NA,10,2022
"A41..41",4,11,2022
"A41..41",3,12,2022
"A41..41",1,13,2022
"A41..41",2,14,2022
"A41..41",2,15,2022
"A41..41",8,16,2022
"A41..41",4,17,2022
"A41..41",7,18,2022
"A41..41",11,19,2022
"A41..41",7,20,2022
"A41..41",8,21,2022
"A41..41",6,22,2022
"A41..41",3,23,2022
"A41..41",NA,24,2022
"A41..41",5,25,2022
"A41..41",5,26,2022
"A41..41",4,27,2022
"A41..41",1,28,2022
"A41..41",1,29,2022
"A41..41",2,30,2022
"A41..41",4,31,2022
"A41..41",NA,32,2022
"A41..41",3,33,2022
"A41..41",4,34,2022
"A41..41",1,35,2022
"A41..41",NA,36,2022
"A41..41",1,37,2022
"A41..41",1,38,2022
"A41..41",1,39,2022
"A41..41",NA,40,2022
"A41..41",2,41,2022
"A41..41",1,42,2022
"A41..41",1,43,2022
"A42..42",1,1,2022
"A42..42",1,2,2022
"A42..42",1,3,2022
"A42..42",1,4,2022
"A42..42",1,5,2022
"A42..42",NA,6,2022
"A42..42",1,7,2022
"A42..42",2,8,2022
"A42..42",1,9,2022
"A42..42",NA,10,2022
"A42..42",4,11,2022
"A42..42",5,12,2022
"A42..42",2,13,2022
"A42..42",3,14,2022
"A42..42",3,15,2022
"A42..42",4,16,2022
"A42..42",3,17,2022
"A42..42",7,18,2022
"A42..42",4,19,2022
"A42..42",6,20,2022
"A42..42",5,21,2022
"A42..42",11,22,2022
"A42..42",5,23,2022
"A42..42",1,24,2022
"A42..42",3,25,2022
"A42..42",2,26,2022
"A42..42",2,27,2022
"A42..42",NA,28,2022
"A42..42",2,29,2022
"A42..42",3,30,2022
"A42..42",NA,31,2022
"A42..42",1,32,2022
"A42..42",1,33,2022
"A42..42",1,34,2022
"A42..42",NA,35,2022
"A42..42",1,36,2022
"A42..42",1,37,2022
"A42..42",NA,38,2022
"A42..42",2,39,2022
"A42..42",1,40,2022
"A42..42",1,41,2022
"A42..42",NA,42,2022
"A42..42",NA,43,2022
"A43..43",1,1,2022
"A43..43",2,2,2022
"A43..43",2,3,2022
"A43..43",NA,4,2022
"A43..43",NA,5,2022
"A43..43",NA,6,2022
"A43..43",2,7,2022
"A43..43",2,8,2022
"A43..43",3,9,2022
"A43..43",1,10,2022
"A43..43",1,11,2022
"A43..43",1,12,2022
"A43..43",3,13,2022
"A43..43",2,14,2022
"A43..43",4,15,2022
"A43..43",NA,16,2022
"A43..43",7,17,2022
"A43..43",2,18,2022
"A43..43",4,19,2022
"A43..43",3,20,2022
"A43..43",7,21,2022
"A43..43",1,22,2022
"A43..43",7,23,2022
"A43..43",1,24,2022
"A43..43",2,25,2022
"A43..43",3,26,2022
"A43..43",2,27,2022
"A43..43",2,28,2022
"A43..43",5,29,2022
"A43..43",1,30,2022
"A43..43",NA,31,2022
"A43..43",1,32,2022
"A43..43",1,33,2022
"A43..43",1,34,2022
"A43..43",2,35,2022
"A43..43",NA,36,2022
"A43..43",1,37,2022
"A43..43",NA,38,2022
"A43..43",NA,39,2022
"A43..43",NA,40,2022
"A43..43",NA,41,2022
"A43..43",NA,42,2022
"A43..43",NA,43,2022
"A44..44",NA,1,2022
"A44..44",1,2,2022
"A44..44",NA,3,2022
"A44..44",3,4,2022
"A44..44",NA,5,2022
"A44..44",2,6,2022
"A44..44",1,7,2022
"A44..44",NA,8,2022
"A44..44",2,9,2022
"A44..44",1,10,2022
"A44..44",1,11,2022
"A44..44",2,12,2022
"A44..44",3,13,2022
"A44..44",4,14,2022
"A44..44",3,15,2022
"A44..44",2,16,2022
"A44..44",1,17,2022
"A44..44",6,18,2022
"A44..44",4,19,2022
"A44..44",8,20,2022
"A44..44",3,21,2022
"A44..44",4,22,2022
"A44..44",7,23,2022
"A44..44",1,24,2022
"A44..44",2,25,2022
"A44..44",1,26,2022
"A44..44",1,27,2022
"A44..44",NA,28,2022
"A44..44",2,29,2022
"A44..44",NA,30,2022
"A44..44",3,31,2022
"A44..44",2,32,2022
"A44..44",NA,33,2022
"A44..44",3,34,2022
"A44..44",4,35,2022
"A44..44",1,36,2022
"A44..44",NA,37,2022
"A44..44",1,38,2022
"A44..44",1,39,2022
"A44..44",NA,40,2022
"A44..44",NA,41,2022
"A44..44",1,42,2022
"A44..44",NA,43,2022
"A45..45",1,1,2022
"A45..45",NA,2,2022
"A45..45",1,3,2022
"A45..45",1,4,2022
"A45..45",2,5,2022
"A45..45",2,6,2022
"A45..45",1,7,2022
"A45..45",NA,8,2022
"A45..45",1,9,2022
"A45..45",1,10,2022
"A45..45",2,11,2022
"A45..45",1,12,2022
"A45..45",1,13,2022
"A45..45",3,14,2022
"A45..45",2,15,2022
"A45..45",3,16,2022
"A45..45",5,17,2022
"A45..45",3,18,2022
"A45..45",4,19,2022
"A45..45",3,20,2022
"A45..45",2,21,2022
"A45..45",1,22,2022
"A45..45",2,23,2022
"A45..45",2,24,2022
"A45..45",NA,25,2022
"A45..45",5,26,2022
"A45..45",3,27,2022
"A45..45",1,28,2022
"A45..45",NA,29,2022
"A45..45",1,30,2022
"A45..45",2,31,2022
"A45..45",3,32,2022
"A45..45",1,33,2022
"A45..45",3,34,2022
"A45..45",1,35,2022
"A45..45",NA,36,2022
"A45..45",2,37,2022
"A45..45",2,38,2022
"A45..45",1,39,2022
"A45..45",NA,40,2022
"A45..45",NA,41,2022
"A45..45",NA,42,2022
"A45..45",NA,43,2022
"A46..46",NA,1,2022
"A46..46",NA,2,2022
"A46..46",1,3,2022
"A46..46",NA,4,2022
"A46..46",NA,5,2022
"A46..46",NA,6,2022
"A46..46",NA,7,2022
"A46..46",NA,8,2022
"A46..46",NA,9,2022
"A46..46",NA,10,2022
"A46..46",2,11,2022
"A46..46",4,12,2022
"A46..46",3,13,2022
"A46..46",7,14,2022
"A46..46",1,15,2022
"A46..46",2,16,2022
"A46..46",2,17,2022
"A46..46",2,18,2022
"A46..46",4,19,2022
"A46..46",2,20,2022
"A46..46",1,21,2022
"A46..46",5,22,2022
"A46..46",1,23,2022
"A46..46",4,24,2022
"A46..46",2,25,2022
"A46..46",4,26,2022
"A46..46",4,27,2022
"A46..46",NA,28,2022
"A46..46",1,29,2022
"A46..46",1,30,2022
"A46..46",2,31,2022
"A46..46",1,32,2022
"A46..46",1,33,2022
"A46..46",2,34,2022
"A46..46",1,35,2022
"A46..46",1,36,2022
"A46..46",2,37,2022
"A46..46",2,38,2022
"A46..46",NA,39,2022
"A46..46",1,40,2022
"A46..46",NA,41,2022
"A46..46",1,42,2022
"A46..46",1,43,2022
"A47..47",NA,1,2022
"A47..47",NA,2,2022
"A47..47",1,3,2022
"A47..47",1,4,2022
"A47..47",1,5,2022
"A47..47",NA,6,2022
"A47..47",2,7,2022
"A47..47",NA,8,2022
"A47..47",NA,9,2022
"A47..47",NA,10,2022
"A47..47",NA,11,2022
"A47..47",1,12,2022
"A47..47",1,13,2022
"A47..47",2,14,2022
"A47..47",1,15,2022
"A47..47",1,16,2022
"A47..47",6,17,2022
"A47..47",3,18,2022
"A47..47",3,19,2022
"A47..47",2,20,2022
"A47..47",2,21,2022
"A47..47",5,22,2022
"A47..47",3,23,2022
"A47..47",NA,24,2022
"A47..47",3,25,2022
"A47..47",2,26,2022
"A47..47",NA,27,2022
"A47..47",2,28,2022
"A47..47",NA,29,2022
"A47..47",3,30,2022
"A47..47",3,31,2022
"A47..47",1,32,2022
"A47..47",NA,33,2022
"A47..47",1,34,2022
"A47..47",1,35,2022
"A47..47",NA,36,2022
"A47..47",1,37,2022
"A47..47",NA,38,2022
"A47..47",1,39,2022
"A47..47",1,40,2022
"A47..47",NA,41,2022
"A47..47",2,42,2022
"A47..47",NA,43,2022
"A48..48",2,1,2022
"A48..48",NA,2,2022
"A48..48",1,3,2022
"A48..48",NA,4,2022
"A48..48",1,5,2022
"A48..48",2,6,2022
"A48..48",NA,7,2022
"A48..48",NA,8,2022
"A48..48",1,9,2022
"A48..48",1,10,2022
"A48..48",1,11,2022
"A48..48",1,12,2022
"A48..48",3,13,2022
"A48..48",1,14,2022
"A48..48",1,15,2022
"A48..48",1,16,2022
"A48..48",6,17,2022
"A48..48",6,18,2022
"A48..48",6,19,2022
"A48..48",2,20,2022
"A48..48",5,21,2022
"A48..48",1,22,2022
"A48..48",4,23,2022
"A48..48",1,24,2022
"A48..48",3,25,2022
"A48..48",NA,26,2022
"A48..48",4,27,2022
"A48..48",NA,28,2022
"A48..48",2,29,2022
"A48..48",1,30,2022
"A48..48",3,31,2022
"A48..48",1,32,2022
"A48..48",1,33,2022
"A48..48",NA,34,2022
"A48..48",1,35,2022
"A48..48",1,36,2022
"A48..48",NA,37,2022
"A48..48",1,38,2022
"A48..48",NA,39,2022
"A48..48",1,40,2022
"A48..48",1,41,2022
"A48..48",NA,42,2022
"A48..48",NA,43,2022
"A49..49",NA,1,2022
"A49..49",1,2,2022
"A49..49",NA,3,2022
"A49..49",1,4,2022
"A49..49",1,5,2022
"A49..49",NA,6,2022
"A49..49",NA,7,2022
"A49..49",NA,8,2022
"A49..49",NA,9,2022
"A49..49",2,10,2022
"A49..49",3,11,2022
"A49..49",2,12,2022
"A49..49",1,13,2022
"A49..49",2,14,2022
"A49..49",2,15,2022
"A49..49",3,16,2022
"A49..49",6,17,2022
"A49..49",3,18,2022
"A49..49",4,19,2022
"A49..49",8,20,2022
"A49..49",2,21,2022
"A49..49",2,22,2022
"A49..49",2,23,2022
"A49..49",2,24,2022
"A49..49",3,25,2022
"A49..49",6,26,2022
"A49..49",1,27,2022
"A49..49",1,28,2022
"A49..49",1,29,2022
"A49..49",NA,30,2022
"A49..49",1,31,2022
"A49..49",2,32,2022
"A49..49",2,33,2022
"A49..49",NA,34,2022
"A49..49",1,35,2022
"A49..49",NA,36,2022
"A49..49",2,37,2022
"A49..49",1,38,2022
"A49..49",2,39,2022
"A49..49",NA,40,2022
"A49..49",NA,41,2022
"A49..49",1,42,2022
"A49..49",NA,43,2022
"A50..50",2,1,2022
"A50..50",3,2,2022
"A50..50",2,3,2022
"A50..50",1,4,2022
"A50..50",1,5,2022
"A50..50",1,6,2022
"A50..50",1,7,2022
"A50..50",2,8,2022
"A50..50",1,9,2022
"A50..50",1,10,2022
"A50..50",3,11,2022
"A50..50",2,12,2022
"A50..50",1,13,2022
"A50..50",NA,14,2022
"A50..50",1,15,2022
"A50..50",1,16,2022
"A50..50",2,17,2022
"A50..50",6,18,2022
"A50..50",2,19,2022
"A50..50",7,20,2022
"A50..50",4,21,2022
"A50..50",3,22,2022
"A50..50",3,23,2022
"A50..50",1,24,2022
"A50..50",3,25,2022
"A50..50",NA,26,2022
"A50..50",2,27,2022
"A50..50",2,28,2022
"A50..50",2,29,2022
"A50..50",2,30,2022
"A50..50",NA,31,2022
"A50..50",1,32,2022
"A50..50",3,33,2022
"A50..50",3,34,2022
"A50..50",NA,35,2022
"A50..50",NA,36,2022
"A50..50",1,37,2022
"A50..50",NA,38,2022
"A50..50",1,39,2022
"A50..50",NA,40,2022
"A50..50",NA,41,2022
"A50..50",2,42,2022
"A50..50",1,43,2022
"A51..51",NA,1,2022
"A51..51",3,2,2022
"A51..51",1,3,2022
"A51..51",NA,4,2022
"A51..51",NA,5,2022
"A51..51",NA,6,2022
"A51..51",NA,7,2022
"A51..51",1,8,2022
"A51..51",1,9,2022
"A51..51",2,10,2022
"A51..51",4,11,2022
"A51..51",3,12,2022
"A51..51",1,13,2022
"A51..51",3,14,2022
"A51..51",4,15,2022
"A51..51",1,16,2022
"A51..51",2,17,2022
"A51..51",5,18,2022
"A51..51",1,19,2022
"A51..51",3,20,2022
"A51..51",5,21,2022
"A51..51",7,22,2022
"A51..51",1,23,2022
"A51..51",2,24,2022
"A51..51",3,25,2022
"A51..51",3,26,2022
"A51..51",2,27,2022
"A51..51",NA,28,2022
"A51..51",NA,29,2022
"A51..51",3,30,2022
"A51..51",2,31,2022
"A51..51",1,32,2022
"A51..51",NA,33,2022
"A51..51",NA,34,2022
"A51..51",NA,35,2022
"A51..51",NA,36,2022
"A51..51",2,37,2022
"A51..51",2,38,2022
"A51..51",1,39,2022
"A51..51",NA,40,2022
"A51..51",1,41,2022
"A51..51",NA,42,2022
"A51..51",1,43,2022
"A52..52",1,1,2022
"A52..52",2,2,2022
"A52..52",2,3,2022
"A52..52",NA,4,2022
"A52..52",1,5,2022
"A52..52",2,6,2022
"A52..52",3,7,2022
"A52..52",2,8,2022
"A52..52",NA,9,2022
"A52..52",NA,10,2022
"A52..52",4,11,2022
"A52..52",3,12,2022
"A52..52",6,13,2022
"A52..52",7,14,2022
"A52..52",3,15,2022
"A52..52",5,16,2022
"A52..52",7,17,2022
"A52..52",2,18,2022
"A52..52",4,19,2022
"A52..52",2,20,2022
"A52..52",1,21,2022
"A52..52",3,22,2022
"A52..52",2,23,2022
"A52..52",5,24,2022
"A52..52",3,25,2022
"A52..52",1,26,2022
"A52..52",2,27,2022
"A52..52",2,28,2022
"A52..52",1,29,2022
"A52..52",1,30,2022
"A52..52",3,31,2022
"A52..52",NA,32,2022
"A52..52",1,33,2022
"A52..52",NA,34,2022
"A52..52",1,35,2022
"A52..52",1,36,2022
"A52..52",NA,37,2022
"A52..52",NA,38,2022
"A52..52",NA,39,2022
"A52..52",2,40,2022
"A52..52",NA,41,2022
"A52..52",1,42,2022
"A52..52",NA,43,2022
"A53..53",1,1,2022
"A53..53",1,2,2022
"A53..53",1,3,2022
"A53..53",1,4,2022
"A53..53",1,5,2022
"A53..53",NA,6,2022
"A53..53",NA,7,2022
"A53..53",NA,8,2022
"A53..53",NA,9,2022
"A53..53",6,10,2022
"A53..53",1,11,2022
"A53..53",2,12,2022
"A53..53",2,13,2022
"A53..53",3,14,2022
"A53..53",2,15,2022
"A53..53",3,16,2022
"A53..53",8,17,2022
"A53..53",5,18,2022
"A53..53",4,19,2022
"A53..53",6,20,2022
"A53..53",4,21,2022
"A53..53",2,22,2022
"A53..53",1,23,2022
"A53..53",2,24,2022
"A53..53",1,25,2022
"A53..53",1,26,2022
"A53..53",3,27,2022
"A53..53",NA,28,2022
"A53..53",2,29,2022
"A53..53",1,30,2022
"A53..53",2,31,2022
"A53..53",2,32,2022
"A53..53",1,33,2022
"A53..53",1,34,2022
"A53..53",1,35,2022
"A53..53",2,36,2022
"A53..53",2,37,2022
"A53..53",NA,38,2022
"A53..53",2,39,2022
"A53..53",NA,40,2022
"A53..53",3,41,2022
"A53..53",1,42,2022
"A53..53",NA,43,2022
"A54..54",2,1,2022
"A54..54",2,2,2022
"A54..54",1,3,2022
"A54..54",NA,4,2022
"A54..54",1,5,2022
"A54..54",1,6,2022
"A54..54",NA,7,2022
"A54..54",3,8,2022
"A54..54",NA,9,2022
"A54..54",3,10,2022
"A54..54",1,11,2022
"A54..54",3,12,2022
"A54..54",2,13,2022
"A54..54",2,14,2022
"A54..54",3,15,2022
"A54..54",1,16,2022
"A54..54",3,17,2022
"A54..54",4,18,2022
"A54..54",7,19,2022
"A54..54",6,20,2022
"A54..54",5,21,2022
"A54..54",7,22,2022
"A54..54",2,23,2022
"A54..54",3,24,2022
"A54..54",5,25,2022
"A54..54",4,26,2022
"A54..54",3,27,2022
"A54..54",1,28,2022
"A54..54",1,29,2022
"A54..54",1,30,2022
"A54..54",2,31,2022
"A54..54",2,32,2022
"A54..54",1,33,2022
"A54..54",1,34,2022
"A54..54",2,35,2022
"A54..54",NA,36,2022
"A54..54",1,37,2022
"A54..54",1,38,2022
"A54..54",NA,39,2022
"A54..54",3,40,2022
"A54..54",NA,41,2022
"A54..54",1,42,2022
"A54..54",2,43,2022
"A55..55",1,1,2022
"A55..55",2,2,2022
"A55..55",NA,3,2022
"A55..55",1,4,2022
"A55..55",1,5,2022
"A55..55",NA,6,2022
"A55..55",2,7,2022
"A55..55",NA,8,2022
"A55..55",NA,9,2022
"A55..55",1,10,2022
"A55..55",2,11,2022
"A55..55",2,12,2022
"A55..55",1,13,2022
"A55..55",7,14,2022
"A55..55",3,15,2022
"A55..55",2,16,2022
"A55..55",4,17,2022
"A55..55",2,18,2022
"A55..55",9,19,2022
"A55..55",6,20,2022
"A55..55",5,21,2022
"A55..55",8,22,2022
"A55..55",4,23,2022
"A55..55",3,24,2022
"A55..55",1,25,2022
"A55..55",2,26,2022
"A55..55",2,27,2022
"A55..55",3,28,2022
"A55..55",4,29,2022
"A55..55",1,30,2022
"A55..55",1,31,2022
"A55..55",3,32,2022
"A55..55",NA,33,2022
"A55..55",1,34,2022
"A55..55",1,35,2022
"A55..55",NA,36,2022
"A55..55",1,37,2022
"A55..55",NA,38,2022
"A55..55",2,39,2022
"A55..55",1,40,2022
"A55..55",2,41,2022
"A55..55",4,42,2022
"A55..55",2,43,2022
"A56..56",3,1,2022
"A56..56",4,2,2022
"A56..56",4,3,2022
"A56..56",3,4,2022
"A56..56",1,5,2022
"A56..56",2,6,2022
"A56..56",2,7,2022
"A56..56",1,8,2022
"A56..56",1,9,2022
"A56..56",1,10,2022
"A56..56",1,11,2022
"A56..56",5,12,2022
"A56..56",2,13,2022
"A56..56",1,14,2022
"A56..56",2,15,2022
"A56..56",6,16,2022
"A56..56",8,17,2022
"A56..56",5,18,2022
"A56..56",8,19,2022
"A56..56",6,20,2022
"A56..56",4,21,2022
"A56..56",3,22,2022
"A56..56",5,23,2022
"A56..56",2,24,2022
"A56..56",7,25,2022
"A56..56",3,26,2022
"A56..56",3,27,2022
"A56..56",2,28,2022
"A56..56",5,29,2022
"A56..56",2,30,2022
"A56..56",NA,31,2022
"A56..56",7,32,2022
"A56..56",1,33,2022
"A56..56",2,34,2022
"A56..56",3,35,2022
"A56..56",1,36,2022
"A56..56",NA,37,2022
"A56..56",NA,38,2022
"A56..56",NA,39,2022
"A56..56",NA,40,2022
"A56..56",NA,41,2022
"A56..56",1,42,2022
"A56..56",1,43,2022
"A57..57",2,1,2022
"A57..57",3,2,2022
"A57..57",1,3,2022
"A57..57",1,4,2022
"A57..57",1,5,2022
"A57..57",1,6,2022
"A57..57",2,7,2022
"A57..57",1,8,2022
"A57..57",3,9,2022
"A57..57",2,10,2022
"A57..57",3,11,2022
"A57..57",2,12,2022
"A57..57",2,13,2022
"A57..57",3,14,2022
"A57..57",1,15,2022
"A57..57",2,16,2022
"A57..57",16,17,2022
"A57..57",8,18,2022
"A57..57",5,19,2022
"A57..57",4,20,2022
"A57..57",3,21,2022
"A57..57",3,22,2022
"A57..57",4,23,2022
"A57..57",4,24,2022
"A57..57",1,25,2022
"A57..57",5,26,2022
"A57..57",3,27,2022
"A57..57",4,28,2022
"A57..57",4,29,2022
"A57..57",2,30,2022
"A57..57",5,31,2022
"A57..57",NA,32,2022
"A57..57",2,33,2022
"A57..57",NA,34,2022
"A57..57",2,35,2022
"A57..57",NA,36,2022
"A57..57",NA,37,2022
"A57..57",2,38,2022
"A57..57",3,39,2022
"A57..57",NA,40,2022
"A57..57",1,41,2022
"A57..57",2,42,2022
"A57..57",NA,43,2022
"A58..58",1,1,2022
"A58..58",1,2,2022
"A58..58",3,3,2022
"A58..58",3,4,2022
"A58..58",3,5,2022
"A58..58",2,6,2022
"A58..58",4,7,2022
"A58..58",NA,8,2022
"A58..58",NA,9,2022
"A58..58",2,10,2022
"A58..58",3,11,2022
"A58..58",3,12,2022
"A58..58",3,13,2022
"A58..58",3,14,2022
"A58..58",4,15,2022
"A58..58",4,16,2022
"A58..58",4,17,2022
"A58..58",9,18,2022
"A58..58",7,19,2022
"A58..58",7,20,2022
"A58..58",4,21,2022
"A58..58",6,22,2022
"A58..58",1,23,2022
"A58..58",6,24,2022
"A58..58",4,25,2022
"A58..58",3,26,2022
"A58..58",8,27,2022
"A58..58",3,28,2022
"A58..58",4,29,2022
"A58..58",2,30,2022
"A58..58",7,31,2022
"A58..58",1,32,2022
"A58..58",4,33,2022
"A58..58",1,34,2022
"A58..58",3,35,2022
"A58..58",2,36,2022
"A58..58",3,37,2022
"A58..58",2,38,2022
"A58..58",1,39,2022
"A58..58",1,40,2022
"A58..58",4,41,2022
"A58..58",3,42,2022
"A58..58",NA,43,2022
"A59..59",1,1,2022
"A59..59",NA,2,2022
"A59..59",1,3,2022
"A59..59",NA,4,2022
"A59..59",3,5,2022
"A59..59",NA,6,2022
"A59..59",1,7,2022
"A59..59",1,8,2022
"A59..59",2,9,2022
"A59..59",2,10,2022
"A59..59",4,11,2022
"A59..59",2,12,2022
"A59..59",4,13,2022
"A59..59",6,14,2022
"A59..59",5,15,2022
"A59..59",4,16,2022
"A59..59",3,17,2022
"A59..59",5,18,2022
"A59..59",7,19,2022
"A59..59",4,20,2022
"A59..59",1,21,2022
"A59..59",5,22,2022
"A59..59",NA,23,2022
"A59..59",7,24,2022
"A59..59",5,25,2022
"A59..59",4,26,2022
"A59..59",5,27,2022
"A59..59",7,28,2022
"A59..59",3,29,2022
"A59..59",2,30,2022
"A59..59",2,31,2022
"A59..59",3,32,2022
"A59..59",4,33,2022
"A59..59",2,34,2022
"A59..59",2,35,2022
"A59..59",3,36,2022
"A59..59",2,37,2022
"A59..59",5,38,2022
"A59..59",5,39,2022
"A59..59",1,40,2022
"A59..59",1,41,2022
"A59..59",3,42,2022
"A59..59",2,43,2022
"A60..60",1,1,2022
"A60..60",5,2,2022
"A60..60",2,3,2022
"A60..60",2,4,2022
"A60..60",2,5,2022
"A60..60",1,6,2022
"A60..60",3,7,2022
"A60..60",1,8,2022
"A60..60",1,9,2022
"A60..60",3,10,2022
"A60..60",6,11,2022
"A60..60",6,12,2022
"A60..60",4,13,2022
"A60..60",2,14,2022
"A60..60",5,15,2022
"A60..60",7,16,2022
"A60..60",9,17,2022
"A60..60",8,18,2022
"A60..60",4,19,2022
"A60..60",10,20,2022
"A60..60",7,21,2022
"A60..60",4,22,2022
"A60..60",3,23,2022
"A60..60",7,24,2022
"A60..60",3,25,2022
"A60..60",4,26,2022
"A60..60",2,27,2022
"A60..60",3,28,2022
"A60..60",2,29,2022
"A60..60",2,30,2022
"A60..60",4,31,2022
"A60..60",3,32,2022
"A60..60",2,33,2022
"A60..60",1,34,2022
"A60..60",3,35,2022
"A60..60",1,36,2022
"A60..60",2,37,2022
"A60..60",3,38,2022
"A60..60",1,39,2022
"A60..60",1,40,2022
"A60..60",1,41,2022
"A60..60",NA,42,2022
"A60..60",2,43,2022
"A61..61",2,1,2022
"A61..61",1,2,2022
"A61..61",NA,3,2022
"A61..61",1,4,2022
"A61..61",NA,5,2022
"A61..61",5,6,2022
"A61..61",3,7,2022
"A61..61",2,8,2022
"A61..61",3,9,2022
"A61..61",3,10,2022
"A61..61",1,11,2022
"A61..61",2,12,2022
"A61..61",4,13,2022
"A61..61",5,14,2022
"A61..61",6,15,2022
"A61..61",2,16,2022
"A61..61",2,17,2022
"A61..61",8,18,2022
"A61..61",7,19,2022
"A61..61",6,20,2022
"A61..61",2,21,2022
"A61..61",6,22,2022
"A61..61",2,23,2022
"A61..61",6,24,2022
"A61..61",4,25,2022
"A61..61",5,26,2022
"A61..61",4,27,2022
"A61..61",3,28,2022
"A61..61",5,29,2022
"A61..61",8,30,2022
"A61..61",1,31,2022
"A61..61",1,32,2022
"A61..61",1,33,2022
"A61..61",1,34,2022
"A61..61",1,35,2022
"A61..61",1,36,2022
"A61..61",5,37,2022
"A61..61",1,38,2022
"A61..61",2,39,2022
"A61..61",NA,40,2022
"A61..61",4,41,2022
"A61..61",NA,42,2022
"A61..61",3,43,2022
"A62..62",NA,1,2022
"A62..62",2,2,2022
"A62..62",2,3,2022
"A62..62",3,4,2022
"A62..62",1,5,2022
"A62..62",2,6,2022
"A62..62",2,7,2022
"A62..62",1,8,2022
"A62..62",3,9,2022
"A62..62",1,10,2022
"A62..62",5,11,2022
"A62..62",5,12,2022
"A62..62",7,13,2022
"A62..62",9,14,2022
"A62..62",4,15,2022
"A62..62",4,16,2022
"A62..62",11,17,2022
"A62..62",6,18,2022
"A62..62",6,19,2022
"A62..62",4,20,2022
"A62..62",5,21,2022
"A62..62",8,22,2022
"A62..62",7,23,2022
"A62..62",1,24,2022
"A62..62",4,25,2022
"A62..62",NA,26,2022
"A62..62",2,27,2022
"A62..62",4,28,2022
"A62..62",5,29,2022
"A62..62",6,30,2022
"A62..62",3,31,2022
"A62..62",2,32,2022
"A62..62",3,33,2022
"A62..62",3,34,2022
"A62..62",4,35,2022
"A62..62",NA,36,2022
"A62..62",2,37,2022
"A62..62",4,38,2022
"A62..62",2,39,2022
"A62..62",2,40,2022
"A62..62",3,41,2022
"A62..62",NA,42,2022
"A62..62",1,43,2022
"A63..63",NA,1,2022
"A63..63",4,2,2022
"A63..63",2,3,2022
"A63..63",3,4,2022
"A63..63",4,5,2022
"A63..63",2,6,2022
"A63..63",2,7,2022
"A63..63",3,8,2022
"A63..63",1,9,2022
"A63..63",2,10,2022
"A63..63",2,11,2022
"A63..63",3,12,2022
"A63..63",7,13,2022
"A63..63",5,14,2022
"A63..63",1,15,2022
"A63..63",5,16,2022
"A63..63",3,17,2022
"A63..63",3,18,2022
"A63..63",8,19,2022
"A63..63",9,20,2022
"A63..63",3,21,2022
"A63..63",5,22,2022
"A63..63",4,23,2022
"A63..63",5,24,2022
"A63..63",5,25,2022
"A63..63",3,26,2022
"A63..63",5,27,2022
"A63..63",1,28,2022
"A63..63",7,29,2022
"A63..63",2,30,2022
"A63..63",3,31,2022
"A63..63",1,32,2022
"A63..63",1,33,2022
"A63..63",1,34,2022
"A63..63",1,35,2022
"A63..63",3,36,2022
"A63..63",1,37,2022
"A63..63",2,38,2022
"A63..63",NA,39,2022
"A63..63",3,40,2022
"A63..63",1,41,2022
"A63..63",4,42,2022
"A63..63",NA,43,2022
"A64..64",3,1,2022
"A64..64",1,2,2022
"A64..64",2,3,2022
"A64..64",2,4,2022
"A64..64",2,5,2022
"A64..64",2,6,2022
"A64..64",3,7,2022
"A64..64",NA,8,2022
"A64..64",NA,9,2022
"A64..64",1,10,2022
"A64..64",3,11,2022
"A64..64",4,12,2022
"A64..64",2,13,2022
"A64..64",5,14,2022
"A64..64",3,15,2022
"A64..64",6,16,2022
"A64..64",9,17,2022
"A64..64",5,18,2022
"A64..64",7,19,2022
"A64..64",4,20,2022
"A64..64",5,21,2022
"A64..64",8,22,2022
"A64..64",4,23,2022
"A64..64",4,24,2022
"A64..64",3,25,2022
"A64..64",1,26,2022
"A64..64",5,27,2022
"A64..64",3,28,2022
"A64..64",6,29,2022
"A64..64",2,30,2022
"A64..64",3,31,2022
"A64..64",3,32,2022
"A64..64",2,33,2022
"A64..64",2,34,2022
"A64..64",1,35,2022
"A64..64",4,36,2022
"A64..64",2,37,2022
"A64..64",3,38,2022
"A64..64",5,39,2022
"A64..64",NA,40,2022
"A64..64",2,41,2022
"A64..64",4,42,2022
"A64..64",NA,43,2022
"A65..65",2,1,2022
"A65..65",2,2,2022
"A65..65",3,3,2022
"A65..65",NA,4,2022
"A65..65",NA,5,2022
"A65..65",1,6,2022
"A65..65",3,7,2022
"A65..65",4,8,2022
"A65..65",1,9,2022
"A65..65",1,10,2022
"A65..65",4,11,2022
"A65..65",5,12,2022
"A65..65",5,13,2022
"A65..65",2,14,2022
"A65..65",1,15,2022
"A65..65",5,16,2022
"A65..65",4,17,2022
"A65..65",1,18,2022
"A65..65",5,19,2022
"A65..65",10,20,2022
"A65..65",5,21,2022
"A65..65",1,22,2022
"A65..65",3,23,2022
"A65..65",NA,24,2022
"A65..65",2,25,2022
"A65..65",1,26,2022
"A65..65",5,27,2022
"A65..65",3,28,2022
"A65..65",2,29,2022
"A65..65",NA,30,2022
"A65..65",5,31,2022
"A65..65",NA,32,2022
"A65..65",2,33,2022
"A65..65",1,34,2022
"A65..65",1,35,2022
"A65..65",NA,36,2022
"A65..65",1,37,2022
"A65..65",1,38,2022
"A65..65",2,39,2022
"A65..65",1,40,2022
"A65..65",3,41,2022
"A65..65",1,42,2022
"A65..65",NA,43,2022
"A66..66",4,1,2022
"A66..66",1,2,2022
"A66..66",1,3,2022
"A66..66",3,4,2022
"A66..66",3,5,2022
"A66..66",3,6,2022
"A66..66",4,7,2022
"A66..66",1,8,2022
"A66..66",NA,9,2022
"A66..66",2,10,2022
"A66..66",2,11,2022
"A66..66",5,12,2022
"A66..66",6,13,2022
"A66..66",2,14,2022
"A66..66",4,15,2022
"A66..66",5,16,2022
"A66..66",6,17,2022
"A66..66",4,18,2022
"A66..66",11,19,2022
"A66..66",10,20,2022
"A66..66",1,21,2022
"A66..66",7,22,2022
"A66..66",1,23,2022
"A66..66",5,24,2022
"A66..66",3,25,2022
"A66..66",4,26,2022
"A66..66",3,27,2022
"A66..66",3,28,2022
"A66..66",3,29,2022
"A66..66",NA,30,2022
"A66..66",3,31,2022
"A66..66",3,32,2022
"A66..66",NA,33,2022
"A66..66",2,34,2022
"A66..66",2,35,2022
"A66..66",1,36,2022
"A66..66",3,37,2022
"A66..66",NA,38,2022
"A66..66",1,39,2022
"A66..66",NA,40,2022
"A66..66",1,41,2022
"A66..66",2,42,2022
"A66..66",1,43,2022
"A67..67",1,1,2022
"A67..67",3,2,2022
"A67..67",1,3,2022
"A67..67",4,4,2022
"A67..67",2,5,2022
"A67..67",2,6,2022
"A67..67",3,7,2022
"A67..67",3,8,2022
"A67..67",2,9,2022
"A67..67",1,10,2022
"A67..67",5,11,2022
"A67..67",3,12,2022
"A67..67",6,13,2022
"A67..67",2,14,2022
"A67..67",4,15,2022
"A67..67",5,16,2022
"A67..67",3,17,2022
"A67..67",5,18,2022
"A67..67",6,19,2022
"A67..67",5,20,2022
"A67..67",4,21,2022
"A67..67",5,22,2022
"A67..67",5,23,2022
"A67..67",4,24,2022
"A67..67",1,25,2022
"A67..67",1,26,2022
"A67..67",3,27,2022
"A67..67",4,28,2022
"A67..67",2,29,2022
"A67..67",3,30,2022
"A67..67",1,31,2022
"A67..67",1,32,2022
"A67..67",7,33,2022
"A67..67",1,34,2022
"A67..67",2,35,2022
"A67..67",1,36,2022
"A67..67",2,37,2022
"A67..67",NA,38,2022
"A67..67",2,39,2022
"A67..67",1,40,2022
"A67..67",1,41,2022
"A67..67",NA,42,2022
"A67..67",1,43,2022
"A68..68",4,1,2022
"A68..68",1,2,2022
"A68..68",2,3,2022
"A68..68",2,4,2022
"A68..68",4,5,2022
"A68..68",1,6,2022
"A68..68",4,7,2022
"A68..68",NA,8,2022
"A68..68",3,9,2022
"A68..68",2,10,2022
"A68..68",2,11,2022
"A68..68",2,12,2022
"A68..68",7,13,2022
"A68..68",4,14,2022
"A68..68",1,15,2022
"A68..68",4,16,2022
"A68..68",2,17,2022
"A68..68",6,18,2022
"A68..68",6,19,2022
"A68..68",5,20,2022
"A68..68",2,21,2022
"A68..68",7,22,2022
"A68..68",3,23,2022
"A68..68",2,24,2022
"A68..68",5,25,2022
"A68..68",2,26,2022
"A68..68",1,27,2022
"A68..68",3,28,2022
"A68..68",4,29,2022
"A68..68",5,30,2022
"A68..68",7,31,2022
"A68..68",1,32,2022
"A68..68",5,33,2022
"A68..68",1,34,2022
"A68..68",3,35,2022
"A68..68",2,36,2022
"A68..68",3,37,2022
"A68..68",3,38,2022
"A68..68",1,39,2022
"A68..68",3,40,2022
"A68..68",2,41,2022
"A68..68",4,42,2022
"A68..68",2,43,2022
"A69..69",2,1,2022
"A69..69",2,2,2022
"A69..69",2,3,2022
"A69..69",1,4,2022
"A69..69",1,5,2022
"A69..69",2,6,2022
"A69..69",NA,7,2022
"A69..69",3,8,2022
"A69..69",2,9,2022
"A69..69",3,10,2022
"A69..69",5,11,2022
"A69..69",4,12,2022
"A69..69",9,13,2022
"A69..69",3,14,2022
"A69..69",2,15,2022
"A69..69",8,16,2022
"A69..69",2,17,2022
"A69..69",9,18,2022
"A69..69",8,19,2022
"A69..69",6,20,2022
"A69..69",3,21,2022
"A69..69",5,22,2022
"A69..69",2,23,2022
"A69..69",4,24,2022
"A69..69",3,25,2022
"A69..69",3,26,2022
"A69..69",4,27,2022
"A69..69",1,28,2022
"A69..69",4,29,2022
"A69..69",2,30,2022
"A69..69",1,31,2022
"A69..69",NA,32,2022
"A69..69",5,33,2022
"A69..69",1,34,2022
"A69..69",2,35,2022
"A69..69",1,36,2022
"A69..69",2,37,2022
"A69..69",2,38,2022
"A69..69",2,39,2022
"A69..69",3,40,2022
"A69..69",NA,41,2022
"A69..69",2,42,2022
"A69..69",NA,43,2022
"A70..70",NA,1,2022
"A70..70",2,2,2022
"A70..70",4,3,2022
"A70..70",3,4,2022
"A70..70",3,5,2022
"A70..70",2,6,2022
"A70..70",2,7,2022
"A70..70",1,8,2022
"A70..70",3,9,2022
"A70..70",2,10,2022
"A70..70",2,11,2022
"A70..70",1,12,2022
"A70..70",9,13,2022
"A70..70",4,14,2022
"A70..70",4,15,2022
"A70..70",2,16,2022
"A70..70",7,17,2022
"A70..70",6,18,2022
"A70..70",7,19,2022
"A70..70",5,20,2022
"A70..70",8,21,2022
"A70..70",3,22,2022
"A70..70",7,23,2022
"A70..70",2,24,2022
"A70..70",2,25,2022
"A70..70",1,26,2022
"A70..70",3,27,2022
"A70..70",3,28,2022
"A70..70",1,29,2022
"A70..70",2,30,2022
"A70..70",3,31,2022
"A70..70",1,32,2022
"A70..70",1,33,2022
"A70..70",2,34,2022
"A70..70",1,35,2022
"A70..70",2,36,2022
"A70..70",2,37,2022
"A70..70",NA,38,2022
"A70..70",NA,39,2022
"A70..70",NA,40,2022
"A70..70",8,41,2022
"A70..70",NA,42,2022
"A70..70",NA,43,2022
"A71..71",3,1,2022
"A71..71",1,2,2022
"A71..71",1,3,2022
"A71..71",5,4,2022
"A71..71",2,5,2022
"A71..71",3,6,2022
"A71..71",2,7,2022
"A71..71",2,8,2022
"A71..71",2,9,2022
"A71..71",3,10,2022
"A71..71",1,11,2022
"A71..71",3,12,2022
"A71..71",4,13,2022
"A71..71",3,14,2022
"A71..71",5,15,2022
"A71..71",7,16,2022
"A71..71",7,17,2022
"A71..71",8,18,2022
"A71..71",3,19,2022
"A71..71",10,20,2022
"A71..71",4,21,2022
"A71..71",7,22,2022
"A71..71",3,23,2022
"A71..71",5,24,2022
"A71..71",2,25,2022
"A71..71",1,26,2022
"A71..71",2,27,2022
"A71..71",5,28,2022
"A71..71",5,29,2022
"A71..71",NA,30,2022
"A71..71",1,31,2022
"A71..71",1,32,2022
"A71..71",5,33,2022
"A71..71",1,34,2022
"A71..71",1,35,2022
"A71..71",3,36,2022
"A71..71",1,37,2022
"A71..71",1,38,2022
"A71..71",3,39,2022
"A71..71",NA,40,2022
"A71..71",1,41,2022
"A71..71",5,42,2022
"A71..71",2,43,2022
"A72..72",2,1,2022
"A72..72",2,2,2022
"A72..72",1,3,2022
"A72..72",NA,4,2022
"A72..72",2,5,2022
"A72..72",1,6,2022
"A72..72",4,7,2022
"A72..72",2,8,2022
"A72..72",1,9,2022
"A72..72",2,10,2022
"A72..72",2,11,2022
"A72..72",4,12,2022
"A72..72",5,13,2022
"A72..72",2,14,2022
"A72..72",4,15,2022
"A72..72",8,16,2022
"A72..72",3,17,2022
"A72..72",9,18,2022
"A72..72",6,19,2022
"A72..72",6,20,2022
"A72..72",3,21,2022
"A72..72",2,22,2022
"A72..72",2,23,2022
"A72..72",3,24,2022
"A72..72",6,25,2022
"A72..72",3,26,2022
"A72..72",2,27,2022
"A72..72",2,28,2022
"A72..72",3,29,2022
"A72..72",1,30,2022
"A72..72",2,31,2022
"A72..72",4,32,2022
"A72..72",1,33,2022
"A72..72",3,34,2022
"A72..72",1,35,2022
"A72..72",NA,36,2022
"A72..72",2,37,2022
"A72..72",1,38,2022
"A72..72",NA,39,2022
"A72..72",1,40,2022
"A72..72",2,41,2022
"A72..72",1,42,2022
"A72..72",NA,43,2022
"A73..73",NA,1,2022
"A73..73",1,2,2022
"A73..73",4,3,2022
"A73..73",NA,4,2022
"A73..73",3,5,2022
"A73..73",3,6,2022
"A73..73",2,7,2022
"A73..73",3,8,2022
"A73..73",1,9,2022
"A73..73",3,10,2022
"A73..73",7,11,2022
"A73..73",2,12,2022
"A73..73",NA,13,2022
"A73..73",3,14,2022
"A73..73",6,15,2022
"A73..73",5,16,2022
"A73..73",7,17,2022
"A73..73",7,18,2022
"A73..73",9,19,2022
"A73..73",10,20,2022
"A73..73",4,21,2022
"A73..73",4,22,2022
"A73..73",3,23,2022
"A73..73",7,24,2022
"A73..73",1,25,2022
"A73..73",4,26,2022
"A73..73",3,27,2022
"A73..73",2,28,2022
"A73..73",1,29,2022
"A73..73",3,30,2022
"A73..73",NA,31,2022
"A73..73",4,32,2022
"A73..73",1,33,2022
"A73..73",1,34,2022
"A73..73",2,35,2022
"A73..73",1,36,2022
"A73..73",6,37,2022
"A73..73",1,38,2022
"A73..73",2,39,2022
"A73..73",NA,40,2022
"A73..73",2,41,2022
"A73..73",2,42,2022
"A73..73",3,43,2022
"A74..74",3,1,2022
"A74..74",5,2,2022
"A74..74",1,3,2022
"A74..74",NA,4,2022
"A74..74",1,5,2022
"A74..74",3,6,2022
"A74..74",6,7,2022
"A74..74",1,8,2022
"A74..74",3,9,2022
"A74..74",2,10,2022
"A74..74",3,11,2022
"A74..74",2,12,2022
"A74..74",3,13,2022
"A74..74",4,14,2022
"A74..74",5,15,2022
"A74..74",4,16,2022
"A74..74",3,17,2022
"A74..74",4,18,2022
"A74..74",7,19,2022
"A74..74",3,20,2022
"A74..74",6,21,2022
"A74..74",4,22,2022
"A74..74",2,23,2022
"A74..74",1,24,2022
"A74..74",1,25,2022
"A74..74",5,26,2022
"A74..74",4,27,2022
"A74..74",1,28,2022
"A74..74",3,29,2022
"A74..74",1,30,2022
"A74..74",1,31,2022
"A74..74",1,32,2022
"A74..74",3,33,2022
"A74..74",4,34,2022
"A74..74",1,35,2022
"A74..74",2,36,2022
"A74..74",2,37,2022
"A74..74",2,38,2022
"A74..74",NA,39,2022
"A74..74",2,40,2022
"A74..74",3,41,2022
"A74..74",NA,42,2022
"A74..74",1,43,2022
"A75..75",1,1,2022
"A75..75",1,2,2022
"A75..75",1,3,2022
"A75..75",NA,4,2022
"A75..75",4,5,2022
"A75..75",2,6,2022
"A75..75",3,7,2022
"A75..75",3,8,2022
"A75..75",2,9,2022
"A75..75",1,10,2022
"A75..75",2,11,2022
"A75..75",2,12,2022
"A75..75",6,13,2022
"A75..75",4,14,2022
"A75..75",4,15,2022
"A75..75",3,16,2022
"A75..75",5,17,2022
"A75..75",5,18,2022
"A75..75",8,19,2022
"A75..75",5,20,2022
"A75..75",1,21,2022
"A75..75",4,22,2022
"A75..75",2,23,2022
"A75..75",4,24,2022
"A75..75",4,25,2022
"A75..75",3,26,2022
"A75..75",1,27,2022
"A75..75",3,28,2022
"A75..75",NA,29,2022
"A75..75",2,30,2022
"A75..75",2,31,2022
"A75..75",NA,32,2022
"A75..75",2,33,2022
"A75..75",1,34,2022
"A75..75",1,35,2022
"A75..75",1,36,2022
"A75..75",NA,37,2022
"A75..75",3,38,2022
"A75..75",NA,39,2022
"A75..75",1,40,2022
"A75..75",2,41,2022
"A75..75",1,42,2022
"A75..75",1,43,2022
"A76..76",NA,1,2022
"A76..76",3,2,2022
"A76..76",3,3,2022
"A76..76",NA,4,2022
"A76..76",1,5,2022
"A76..76",3,6,2022
"A76..76",NA,7,2022
"A76..76",1,8,2022
"A76..76",1,9,2022
"A76..76",1,10,2022
"A76..76",3,11,2022
"A76..76",2,12,2022
"A76..76",5,13,2022
"A76..76",2,14,2022
"A76..76",7,15,2022
"A76..76",4,16,2022
"A76..76",4,17,2022
"A76..76",1,18,2022
"A76..76",4,19,2022
"A76..76",5,20,2022
"A76..76",3,21,2022
"A76..76",2,22,2022
"A76..76",3,23,2022
"A76..76",3,24,2022
"A76..76",2,25,2022
"A76..76",3,26,2022
"A76..76",2,27,2022
"A76..76",3,28,2022
"A76..76",4,29,2022
"A76..76",NA,30,2022
"A76..76",4,31,2022
"A76..76",1,32,2022
"A76..76",1,33,2022
"A76..76",1,34,2022
"A76..76",1,35,2022
"A76..76",1,36,2022
"A76..76",2,37,2022
"A76..76",1,38,2022
"A76..76",2,39,2022
"A76..76",2,40,2022
"A76..76",NA,41,2022
"A76..76",NA,42,2022
"A76..76",NA,43,2022
"A77..77",NA,1,2022
"A77..77",2,2,2022
"A77..77",2,3,2022
"A77..77",1,4,2022
"A77..77",2,5,2022
"A77..77",5,6,2022
"A77..77",2,7,2022
"A77..77",4,8,2022
"A77..77",4,9,2022
"A77..77",2,10,2022
"A77..77",4,11,2022
"A77..77",6,12,2022
"A77..77",3,13,2022
"A77..77",10,14,2022
"A77..77",7,15,2022
"A77..77",6,16,2022
"A77..77",6,17,2022
"A77..77",5,18,2022
"A77..77",4,19,2022
"A77..77",6,20,2022
"A77..77",3,21,2022
"A77..77",2,22,2022
"A77..77",6,23,2022
"A77..77",4,24,2022
"A77..77",4,25,2022
"A77..77",3,26,2022
"A77..77",3,27,2022
"A77..77",4,28,2022
"A77..77",2,29,2022
"A77..77",1,30,2022
"A77..77",NA,31,2022
"A77..77",2,32,2022
"A77..77",NA,33,2022
"A77..77",1,34,2022
"A77..77",3,35,2022
"A77..77",2,36,2022
"A77..77",2,37,2022
"A77..77",NA,38,2022
"A77..77",NA,39,2022
"A77..77",NA,40,2022
"A77..77",1,41,2022
"A77..77",2,42,2022
"A77..77",1,43,2022
"A78..78",1,1,2022
"A78..78",2,2,2022
"A78..78",1,3,2022
"A78..78",2,4,2022
"A78..78",2,5,2022
"A78..78",4,6,2022
"A78..78",1,7,2022
"A78..78",1,8,2022
"A78..78",3,9,2022
"A78..78",1,10,2022
"A78..78",6,11,2022
"A78..78",4,12,2022
"A78..78",7,13,2022
"A78..78",5,14,2022
"A78..78",2,15,2022
"A78..78",5,16,2022
"A78..78",11,17,2022
"A78..78",6,18,2022
"A78..78",8,19,2022
"A78..78",10,20,2022
"A78..78",5,21,2022
"A78..78",8,22,2022
"A78..78",4,23,2022
"A78..78",5,24,2022
"A78..78",4,25,2022
"A78..78",3,26,2022
"A78..78",1,27,2022
"A78..78",7,28,2022
"A78..78",2,29,2022
"A78..78",1,30,2022
"A78..78",2,31,2022
"A78..78",4,32,2022
"A78..78",2,33,2022
"A78..78",6,34,2022
"A78..78",1,35,2022
"A78..78",3,36,2022
"A78..78",1,37,2022
"A78..78",3,38,2022
"A78..78",2,39,2022
"A78..78",2,40,2022
"A78..78",2,41,2022
"A78..78",1,42,2022
"A78..78",1,43,2022
"A79..79",1,1,2022
"A79..79",1,2,2022
"A79..79",3,3,2022
"A79..79",3,4,2022
"A79..79",1,5,2022
"A79..79",2,6,2022
"A79..79",1,7,2022
"A79..79",3,8,2022
"A79..79",3,9,2022
"A79..79",3,10,2022
"A79..79",4,11,2022
"A79..79",2,12,2022
"A79..79",2,13,2022
"A79..79",5,14,2022
"A79..79",2,15,2022
"A79..79",10,16,2022
"A79..79",9,17,2022
"A79..79",5,18,2022
"A79..79",7,19,2022
"A79..79",5,20,2022
"A79..79",9,21,2022
"A79..79",3,22,2022
"A79..79",3,23,2022
"A79..79",5,24,2022
"A79..79",5,25,2022
"A79..79",5,26,2022
"A79..79",2,27,2022
"A79..79",2,28,2022
"A79..79",4,29,2022
"A79..79",2,30,2022
"A79..79",3,31,2022
"A79..79",2,32,2022
"A79..79",4,33,2022
"A79..79",2,34,2022
"A79..79",2,35,2022
"A79..79",2,36,2022
"A79..79",3,37,2022
"A79..79",1,38,2022
"A79..79",2,39,2022
"A79..79",NA,40,2022
"A79..79",1,41,2022
"A79..79",NA,42,2022
"A79..79",1,43,2022
"A80.",42,1,2022
"A80.",32,2,2022
"A80.",30,3,2022
"A80.",42,4,2022
"A80.",38,5,2022
"A80.",50,6,2022
"A80.",43,7,2022
"A80.",42,8,2022
"A80.",49,9,2022
"A80.",60,10,2022
"A80.",86,11,2022
"A80.",86,12,2022
"A80.",80,13,2022
"A80.",135,14,2022
"A80.",96,15,2022
"A80.",85,16,2022
"A80.",142,17,2022
"A80.",161,18,2022
"A80.",144,19,2022
"A80.",127,20,2022
"A80.",101,21,2022
"A80.",91,22,2022
"A80.",69,23,2022
"A80.",70,24,2022
"A80.",67,25,2022
"A80.",43,26,2022
"A80.",56,27,2022
"A80.",43,28,2022
"A80.",49,29,2022
"A80.",41,30,2022
"A80.",30,31,2022
"A80.",28,32,2022
"A80.",30,33,2022
"A80.",20,34,2022
"A80.",24,35,2022
"A80.",24,36,2022
"A80.",28,37,2022
"A80.",27,38,2022
"A80.",16,39,2022
"A80.",17,40,2022
"A80.",23,41,2022
"A80.",29,42,2022
"A80.",17,43,2022
"Unbekannt",NA,1,2022
"Unbekannt",NA,2,2022
"Unbekannt",NA,3,2022
"Unbekannt",NA,4,2022
"Unbekannt",NA,5,2022
"Unbekannt",NA,6,2022
"Unbekannt",NA,7,2022
"Unbekannt",1,8,2022
"Unbekannt",NA,9,2022
"Unbekannt",1,10,2022
"Unbekannt",2,11,2022
"Unbekannt",2,12,2022
"Unbekannt",NA,13,2022
"Unbekannt",4,14,2022
"Unbekannt",NA,15,2022
"Unbekannt",1,16,2022
"Unbekannt",1,17,2022
"Unbekannt",2,18,2022
"Unbekannt",7,19,2022
"Unbekannt",12,20,2022
"Unbekannt",2,21,2022
"Unbekannt",1,22,2022
"Unbekannt",2,23,2022
"Unbekannt",9,24,2022
"Unbekannt",42,25,2022
"Unbekannt",1,26,2022
"Unbekannt",NA,27,2022
"Unbekannt",NA,28,2022
"Unbekannt",2,29,2022
"Unbekannt",1,30,2022
"Unbekannt",NA,31,2022
"Unbekannt",NA,32,2022
"Unbekannt",NA,33,2022
"Unbekannt",NA,34,2022
"Unbekannt",NA,35,2022
"Unbekannt",NA,36,2022
"Unbekannt",NA,37,2022
"Unbekannt",NA,38,2022
"Unbekannt",NA,39,2022
"Unbekannt",NA,40,2022
"Unbekannt",NA,41,2022
"Unbekannt",4,42,2022
"Unbekannt",1,43,2022
"A00..00",12,1,2021
"A00..00",10,2,2021
"A00..00",12,3,2021
"A00..00",11,4,2021
"A00..00",9,5,2021
"A00..00",17,6,2021
"A00..00",14,7,2021
"A00..00",5,8,2021
"A00..00",17,9,2021
"A00..00",21,10,2021
"A00..00",12,11,2021
"A00..00",13,12,2021
"A00..00",11,13,2021
"A00..00",13,14,2021
"A00..00",11,15,2021
"A00..00",19,16,2021
"A00..00",15,17,2021
"A00..00",10,18,2021
"A00..00",7,19,2021
"A00..00",13,20,2021
"A00..00",10,21,2021
"A00..00",15,22,2021
"A00..00",23,23,2021
"A00..00",12,24,2021
"A00..00",13,25,2021
"A00..00",11,26,2021
"A00..00",18,27,2021
"A00..00",18,28,2021
"A00..00",18,29,2021
"A00..00",14,30,2021
"A00..00",16,31,2021
"A00..00",20,32,2021
"A00..00",15,33,2021
"A00..00",21,34,2021
"A00..00",15,35,2021
"A00..00",22,36,2021
"A00..00",25,37,2021
"A00..00",16,38,2021
"A00..00",14,39,2021
"A00..00",22,40,2021
"A00..00",13,41,2021
"A00..00",21,42,2021
"A00..00",9,43,2021
"A00..00",17,44,2021
"A00..00",24,45,2021
"A00..00",23,46,2021
"A00..00",26,47,2021
"A00..00",22,48,2021
"A00..00",18,49,2021
"A00..00",26,50,2021
"A00..00",31,51,2021
"A00..00",21,52,2021
"A01..01",6,1,2021
"A01..01",1,2,2021
"A01..01",5,3,2021
"A01..01",5,4,2021
"A01..01",3,5,2021
"A01..01",4,6,2021
"A01..01",14,7,2021
"A01..01",4,8,2021
"A01..01",4,9,2021
"A01..01",3,10,2021
"A01..01",7,11,2021
"A01..01",8,12,2021
"A01..01",5,13,2021
"A01..01",6,14,2021
"A01..01",6,15,2021
"A01..01",4,16,2021
"A01..01",5,17,2021
"A01..01",8,18,2021
"A01..01",3,19,2021
"A01..01",8,20,2021
"A01..01",NA,21,2021
"A01..01",7,22,2021
"A01..01",6,23,2021
"A01..01",11,24,2021
"A01..01",13,25,2021
"A01..01",4,26,2021
"A01..01",8,27,2021
"A01..01",2,28,2021
"A01..01",6,29,2021
"A01..01",5,30,2021
"A01..01",6,31,2021
"A01..01",7,32,2021
"A01..01",9,33,2021
"A01..01",13,34,2021
"A01..01",10,35,2021
"A01..01",12,36,2021
"A01..01",13,37,2021
"A01..01",10,38,2021
"A01..01",12,39,2021
"A01..01",11,40,2021
"A01..01",6,41,2021
"A01..01",9,42,2021
"A01..01",9,43,2021
"A01..01",15,44,2021
"A01..01",9,45,2021
"A01..01",12,46,2021
"A01..01",14,47,2021
"A01..01",11,48,2021
"A01..01",12,49,2021
"A01..01",19,50,2021
"A01..01",8,51,2021
"A01..01",13,52,2021
"A02..02",2,1,2021
"A02..02",5,2,2021
"A02..02",4,3,2021
"A02..02",3,4,2021
"A02..02",5,5,2021
"A02..02",5,6,2021
"A02..02",7,7,2021
"A02..02",3,8,2021
"A02..02",4,9,2021
"A02..02",4,10,2021
"A02..02",5,11,2021
"A02..02",6,12,2021
"A02..02",8,13,2021
"A02..02",5,14,2021
"A02..02",5,15,2021
"A02..02",2,16,2021
"A02..02",5,17,2021
"A02..02",5,18,2021
"A02..02",3,19,2021
"A02..02",2,20,2021
"A02..02",7,21,2021
"A02..02",5,22,2021
"A02..02",7,23,2021
"A02..02",7,24,2021
"A02..02",11,25,2021
"A02..02",3,26,2021
"A02..02",2,27,2021
"A02..02",5,28,2021
"A02..02",5,29,2021
"A02..02",5,30,2021
"A02..02",1,31,2021
"A02..02",4,32,2021
"A02..02",13,33,2021
"A02..02",20,34,2021
"A02..02",10,35,2021
"A02..02",14,36,2021
"A02..02",8,37,2021
"A02..02",7,38,2021
"A02..02",13,39,2021
"A02..02",4,40,2021
"A02..02",10,41,2021
"A02..02",15,42,2021
"A02..02",6,43,2021
"A02..02",14,44,2021
"A02..02",13,45,2021
"A02..02",9,46,2021
"A02..02",11,47,2021
"A02..02",13,48,2021
"A02..02",12,49,2021
"A02..02",12,50,2021
"A02..02",13,51,2021
"A02..02",9,52,2021
"A03..03",3,1,2021
"A03..03",3,2,2021
"A03..03",NA,3,2021
"A03..03",2,4,2021
"A03..03",1,5,2021
"A03..03",3,6,2021
"A03..03",8,7,2021
"A03..03",5,8,2021
"A03..03",2,9,2021
"A03..03",1,10,2021
"A03..03",2,11,2021
"A03..03",3,12,2021
"A03..03",6,13,2021
"A03..03",NA,14,2021
"A03..03",1,15,2021
"A03..03",2,16,2021
"A03..03",2,17,2021
"A03..03",7,18,2021
"A03..03",3,19,2021
"A03..03",2,20,2021
"A03..03",5,21,2021
"A03..03",2,22,2021
"A03..03",2,23,2021
"A03..03",4,24,2021
"A03..03",10,25,2021
"A03..03",6,26,2021
"A03..03",3,27,2021
"A03..03",2,28,2021
"A03..03",1,29,2021
"A03..03",NA,30,2021
"A03..03",3,31,2021
"A03..03",4,32,2021
"A03..03",2,33,2021
"A03..03",6,34,2021
"A03..03",10,35,2021
"A03..03",5,36,2021
"A03..03",15,37,2021
"A03..03",10,38,2021
"A03..03",6,39,2021
"A03..03",5,40,2021
"A03..03",10,41,2021
"A03..03",8,42,2021
"A03..03",8,43,2021
"A03..03",5,44,2021
"A03..03",4,45,2021
"A03..03",12,46,2021
"A03..03",12,47,2021
"A03..03",10,48,2021
"A03..03",9,49,2021
"A03..03",16,50,2021
"A03..03",10,51,2021
"A03..03",12,52,2021
"A04..04",NA,1,2021
"A04..04",1,2,2021
"A04..04",NA,3,2021
"A04..04",1,4,2021
"A04..04",NA,5,2021
"A04..04",1,6,2021
"A04..04",1,7,2021
"A04..04",5,8,2021
"A04..04",2,9,2021
"A04..04",4,10,2021
"A04..04",2,11,2021
"A04..04",1,12,2021
"A04..04",1,13,2021
"A04..04",1,14,2021
"A04..04",1,15,2021
"A04..04",4,16,2021
"A04..04",3,17,2021
"A04..04",2,18,2021
"A04..04",1,19,2021
"A04..04",3,20,2021
"A04..04",3,21,2021
"A04..04",5,22,2021
"A04..04",3,23,2021
"A04..04",3,24,2021
"A04..04",8,25,2021
"A04..04",2,26,2021
"A04..04",3,27,2021
"A04..04",2,28,2021
"A04..04",1,29,2021
"A04..04",3,30,2021
"A04..04",3,31,2021
"A04..04",3,32,2021
"A04..04",1,33,2021
"A04..04",11,34,2021
"A04..04",10,35,2021
"A04..04",8,36,2021
"A04..04",2,37,2021
"A04..04",8,38,2021
"A04..04",7,39,2021
"A04..04",7,40,2021
"A04..04",3,41,2021
"A04..04",2,42,2021
"A04..04",7,43,2021
"A04..04",20,44,2021
"A04..04",9,45,2021
"A04..04",9,46,2021
"A04..04",8,47,2021
"A04..04",8,48,2021
"A04..04",10,49,2021
"A04..04",7,50,2021
"A04..04",5,51,2021
"A04..04",6,52,2021
"A05..05",1,1,2021
"A05..05",NA,2,2021
"A05..05",1,3,2021
"A05..05",1,4,2021
"A05..05",3,5,2021
"A05..05",NA,6,2021
"A05..05",3,7,2021
"A05..05",3,8,2021
"A05..05",3,9,2021
"A05..05",1,10,2021
"A05..05",1,11,2021
"A05..05",NA,12,2021
"A05..05",1,13,2021
"A05..05",3,14,2021
"A05..05",NA,15,2021
"A05..05",3,16,2021
"A05..05",2,17,2021
"A05..05",5,18,2021
"A05..05",5,19,2021
"A05..05",4,20,2021
"A05..05",1,21,2021
"A05..05",NA,22,2021
"A05..05",7,23,2021
"A05..05",1,24,2021
"A05..05",3,25,2021
"A05..05",3,26,2021
"A05..05",NA,27,2021
"A05..05",1,28,2021
"A05..05",2,29,2021
"A05..05",2,30,2021
"A05..05",1,31,2021
"A05..05",2,32,2021
"A05..05",7,33,2021
"A05..05",4,34,2021
"A05..05",5,35,2021
"A05..05",6,36,2021
"A05..05",7,37,2021
"A05..05",5,38,2021
"A05..05",2,39,2021
"A05..05",5,40,2021
"A05..05",7,41,2021
"A05..05",6,42,2021
"A05..05",7,43,2021
"A05..05",12,44,2021
"A05..05",8,45,2021
"A05..05",8,46,2021
"A05..05",13,47,2021
"A05..05",11,48,2021
"A05..05",6,49,2021
"A05..05",4,50,2021
"A05..05",5,51,2021
"A05..05",9,52,2021
"A06..06",1,1,2021
"A06..06",NA,2,2021
"A06..06",5,3,2021
"A06..06",NA,4,2021
"A06..06",NA,5,2021
"A06..06",2,6,2021
"A06..06",NA,7,2021
"A06..06",2,8,2021
"A06..06",NA,9,2021
"A06..06",1,10,2021
"A06..06",1,11,2021
"A06..06",1,12,2021
"A06..06",2,13,2021
"A06..06",NA,14,2021
"A06..06",2,15,2021
"A06..06",1,16,2021
"A06..06",NA,17,2021
"A06..06",3,18,2021
"A06..06",2,19,2021
"A06..06",2,20,2021
"A06..06",2,21,2021
"A06..06",2,22,2021
"A06..06",2,23,2021
"A06..06",NA,24,2021
"A06..06",2,25,2021
"A06..06",2,26,2021
"A06..06",3,27,2021
"A06..06",1,28,2021
"A06..06",2,29,2021
"A06..06",2,30,2021
"A06..06",NA,31,2021
"A06..06",1,32,2021
"A06..06",3,33,2021
"A06..06",4,34,2021
"A06..06",3,35,2021
"A06..06",10,36,2021
"A06..06",4,37,2021
"A06..06",5,38,2021
"A06..06",3,39,2021
"A06..06",1,40,2021
"A06..06",2,41,2021
"A06..06",4,42,2021
"A06..06",2,43,2021
"A06..06",5,44,2021
"A06..06",7,45,2021
"A06..06",6,46,2021
"A06..06",5,47,2021
"A06..06",8,48,2021
"A06..06",3,49,2021
"A06..06",5,50,2021
"A06..06",NA,51,2021
"A06..06",3,52,2021
"A07..07",NA,1,2021
"A07..07",3,2,2021
"A07..07",1,3,2021
"A07..07",1,4,2021
"A07..07",1,5,2021
"A07..07",1,6,2021
"A07..07",NA,7,2021
"A07..07",2,8,2021
"A07..07",NA,9,2021
"A07..07",2,10,2021
"A07..07",2,11,2021
"A07..07",1,12,2021
"A07..07",NA,13,2021
"A07..07",NA,14,2021
"A07..07",NA,15,2021
"A07..07",NA,16,2021
"A07..07",1,17,2021
"A07..07",NA,18,2021
"A07..07",1,19,2021
"A07..07",NA,20,2021
"A07..07",2,21,2021
"A07..07",NA,22,2021
"A07..07",2,23,2021
"A07..07",3,24,2021
"A07..07",3,25,2021
"A07..07",4,26,2021
"A07..07",1,27,2021
"A07..07",1,28,2021
"A07..07",1,29,2021
"A07..07",NA,30,2021
"A07..07",1,31,2021
"A07..07",NA,32,2021
"A07..07",3,33,2021
"A07..07",3,34,2021
"A07..07",2,35,2021
"A07..07",NA,36,2021
"A07..07",4,37,2021
"A07..07",NA,38,2021
"A07..07",1,39,2021
"A07..07",2,40,2021
"A07..07",NA,41,2021
"A07..07",NA,42,2021
"A07..07",NA,43,2021
"A07..07",2,44,2021
"A07..07",3,45,2021
"A07..07",3,46,2021
"A07..07",3,47,2021
"A07..07",NA,48,2021
"A07..07",3,49,2021
"A07..07",11,50,2021
"A07..07",3,51,2021
"A07..07",3,52,2021
"A08..08",2,1,2021
"A08..08",NA,2,2021
"A08..08",NA,3,2021
"A08..08",NA,4,2021
"A08..08",NA,5,2021
"A08..08",2,6,2021
"A08..08",NA,7,2021
"A08..08",1,8,2021
"A08..08",NA,9,2021
"A08..08",NA,10,2021
"A08..08",1,11,2021
"A08..08",1,12,2021
"A08..08",2,13,2021
"A08..08",NA,14,2021
"A08..08",1,15,2021
"A08..08",2,16,2021
"A08..08",NA,17,2021
"A08..08",2,18,2021
"A08..08",1,19,2021
"A08..08",1,20,2021
"A08..08",2,21,2021
"A08..08",1,22,2021
"A08..08",1,23,2021
"A08..08",1,24,2021
"A08..08",1,25,2021
"A08..08",NA,26,2021
"A08..08",3,27,2021
"A08..08",NA,28,2021
"A08..08",4,29,2021
"A08..08",NA,30,2021
"A08..08",3,31,2021
"A08..08",1,32,2021
"A08..08",1,33,2021
"A08..08",1,34,2021
"A08..08",3,35,2021
"A08..08",4,36,2021
"A08..08",1,37,2021
"A08..08",3,38,2021
"A08..08",1,39,2021
"A08..08",NA,40,2021
"A08..08",2,41,2021
"A08..08",2,42,2021
"A08..08",1,43,2021
"A08..08",2,44,2021
"A08..08",4,45,2021
"A08..08",2,46,2021
"A08..08",3,47,2021
"A08..08",1,48,2021
"A08..08",5,49,2021
"A08..08",3,50,2021
"A08..08",3,51,2021
"A08..08",NA,52,2021
"A09..09",NA,1,2021
"A09..09",1,2,2021
"A09..09",1,3,2021
"A09..09",1,4,2021
"A09..09",NA,5,2021
"A09..09",NA,6,2021
"A09..09",NA,7,2021
"A09..09",1,8,2021
"A09..09",NA,9,2021
"A09..09",2,10,2021
"A09..09",NA,11,2021
"A09..09",NA,12,2021
"A09..09",1,13,2021
"A09..09",1,14,2021
"A09..09",2,15,2021
"A09..09",NA,16,2021
"A09..09",NA,17,2021
"A09..09",NA,18,2021
"A09..09",NA,19,2021
"A09..09",3,20,2021
"A09..09",2,21,2021
"A09..09",NA,22,2021
"A09..09",1,23,2021
"A09..09",2,24,2021
"A09..09",1,25,2021
"A09..09",2,26,2021
"A09..09",NA,27,2021
"A09..09",NA,28,2021
"A09..09",NA,29,2021
"A09..09",1,30,2021
"A09..09",3,31,2021
"A09..09",1,32,2021
"A09..09",NA,33,2021
"A09..09",3,34,2021
"A09..09",1,35,2021
"A09..09",2,36,2021
"A09..09",3,37,2021
"A09..09",2,38,2021
"A09..09",1,39,2021
"A09..09",NA,40,2021
"A09..09",3,41,2021
"A09..09",NA,42,2021
"A09..09",1,43,2021
"A09..09",3,44,2021
"A09..09",3,45,2021
"A09..09",2,46,2021
"A09..09",1,47,2021
"A09..09",NA,48,2021
"A09..09",1,49,2021
"A09..09",4,50,2021
"A09..09",2,51,2021
"A09..09",2,52,2021
"A10..10",NA,1,2021
"A10..10",NA,2,2021
"A10..10",2,3,2021
"A10..10",1,4,2021
"A10..10",1,5,2021
"A10..10",1,6,2021
"A10..10",1,7,2021
"A10..10",1,8,2021
"A10..10",NA,9,2021
"A10..10",NA,10,2021
"A10..10",NA,11,2021
"A10..10",1,12,2021
"A10..10",NA,13,2021
"A10..10",NA,14,2021
"A10..10",NA,15,2021
"A10..10",NA,16,2021
"A10..10",NA,17,2021
"A10..10",NA,18,2021
"A10..10",1,19,2021
"A10..10",3,20,2021
"A10..10",1,21,2021
"A10..10",1,22,2021
"A10..10",1,23,2021
"A10..10",2,24,2021
"A10..10",NA,25,2021
"A10..10",NA,26,2021
"A10..10",1,27,2021
"A10..10",1,28,2021
"A10..10",NA,29,2021
"A10..10",1,30,2021
"A10..10",3,31,2021
"A10..10",NA,32,2021
"A10..10",2,33,2021
"A10..10",NA,34,2021
"A10..10",2,35,2021
"A10..10",2,36,2021
"A10..10",1,37,2021
"A10..10",4,38,2021
"A10..10",1,39,2021
"A10..10",1,40,2021
"A10..10",NA,41,2021
"A10..10",1,42,2021
"A10..10",2,43,2021
"A10..10",1,44,2021
"A10..10",2,45,2021
"A10..10",2,46,2021
"A10..10",2,47,2021
"A10..10",1,48,2021
"A10..10",1,49,2021
"A10..10",2,50,2021
"A10..10",1,51,2021
"A10..10",1,52,2021
"A11..11",2,1,2021
"A11..11",1,2,2021
"A11..11",2,3,2021
"A11..11",NA,4,2021
"A11..11",1,5,2021
"A11..11",NA,6,2021
"A11..11",1,7,2021
"A11..11",NA,8,2021
"A11..11",NA,9,2021
"A11..11",NA,10,2021
"A11..11",1,11,2021
"A11..11",NA,12,2021
"A11..11",NA,13,2021
"A11..11",NA,14,2021
"A11..11",NA,15,2021
"A11..11",NA,16,2021
"A11..11",1,17,2021
"A11..11",NA,18,2021
"A11..11",NA,19,2021
"A11..11",NA,20,2021
"A11..11",NA,21,2021
"A11..11",NA,22,2021
"A11..11",1,23,2021
"A11..11",1,24,2021
"A11..11",NA,25,2021
"A11..11",4,26,2021
"A11..11",NA,27,2021
"A11..11",2,28,2021
"A11..11",1,29,2021
"A11..11",NA,30,2021
"A11..11",NA,31,2021
"A11..11",NA,32,2021
"A11..11",1,33,2021
"A11..11",1,34,2021
"A11..11",1,35,2021
"A11..11",2,36,2021
"A11..11",1,37,2021
"A11..11",NA,38,2021
"A11..11",NA,39,2021
"A11..11",1,40,2021
"A11..11",NA,41,2021
"A11..11",NA,42,2021
"A11..11",3,43,2021
"A11..11",NA,44,2021
"A11..11",2,45,2021
"A11..11",1,46,2021
"A11..11",1,47,2021
"A11..11",3,48,2021
"A11..11",2,49,2021
"A11..11",1,50,2021
"A11..11",1,51,2021
"A11..11",NA,52,2021
"A12..12",NA,1,2021
"A12..12",NA,2,2021
"A12..12",NA,3,2021
"A12..12",1,4,2021
"A12..12",NA,5,2021
"A12..12",NA,6,2021
"A12..12",NA,7,2021
"A12..12",NA,8,2021
"A12..12",1,9,2021
"A12..12",1,10,2021
"A12..12",NA,11,2021
"A12..12",2,12,2021
"A12..12",1,13,2021
"A12..12",NA,14,2021
"A12..12",1,15,2021
"A12..12",NA,16,2021
"A12..12",NA,17,2021
"A12..12",NA,18,2021
"A12..12",NA,19,2021
"A12..12",NA,20,2021
"A12..12",NA,21,2021
"A12..12",NA,22,2021
"A12..12",1,23,2021
"A12..12",1,24,2021
"A12..12",NA,25,2021
"A12..12",2,26,2021
"A12..12",NA,27,2021
"A12..12",NA,28,2021
"A12..12",NA,29,2021
"A12..12",NA,30,2021
"A12..12",NA,31,2021
"A12..12",NA,32,2021
"A12..12",2,33,2021
"A12..12",2,34,2021
"A12..12",1,35,2021
"A12..12",NA,36,2021
"A12..12",1,37,2021
"A12..12",1,38,2021
"A12..12",NA,39,2021
"A12..12",NA,40,2021
"A12..12",NA,41,2021
"A12..12",NA,42,2021
"A12..12",1,43,2021
"A12..12",NA,44,2021
"A12..12",2,45,2021
"A12..12",1,46,2021
"A12..12",NA,47,2021
"A12..12",1,48,2021
"A12..12",NA,49,2021
"A12..12",1,50,2021
"A12..12",NA,51,2021
"A12..12",1,52,2021
"A13..13",NA,1,2021
"A13..13",1,2,2021
"A13..13",1,3,2021
"A13..13",NA,4,2021
"A13..13",NA,5,2021
"A13..13",NA,6,2021
"A13..13",1,7,2021
"A13..13",NA,8,2021
"A13..13",NA,9,2021
"A13..13",NA,10,2021
"A13..13",2,11,2021
"A13..13",NA,12,2021
"A13..13",NA,13,2021
"A13..13",NA,14,2021
"A13..13",NA,15,2021
"A13..13",NA,16,2021
"A13..13",NA,17,2021
"A13..13",NA,18,2021
"A13..13",1,19,2021
"A13..13",NA,20,2021
"A13..13",2,21,2021
"A13..13",1,22,2021
"A13..13",1,23,2021
"A13..13",1,24,2021
"A13..13",NA,25,2021
"A13..13",3,26,2021
"A13..13",NA,27,2021
"A13..13",1,28,2021
"A13..13",1,29,2021
"A13..13",NA,30,2021
"A13..13",NA,31,2021
"A13..13",1,32,2021
"A13..13",NA,33,2021
"A13..13",NA,34,2021
"A13..13",NA,35,2021
"A13..13",NA,36,2021
"A13..13",1,37,2021
"A13..13",NA,38,2021
"A13..13",NA,39,2021
"A13..13",1,40,2021
"A13..13",2,41,2021
"A13..13",NA,42,2021
"A13..13",3,43,2021
"A13..13",2,44,2021
"A13..13",1,45,2021
"A13..13",2,46,2021
"A13..13",2,47,2021
"A13..13",1,48,2021
"A13..13",1,49,2021
"A13..13",NA,50,2021
"A13..13",NA,51,2021
"A13..13",1,52,2021
"A14..14",NA,1,2021
"A14..14",1,2,2021
"A14..14",NA,3,2021
"A14..14",NA,4,2021
"A14..14",NA,5,2021
"A14..14",NA,6,2021
"A14..14",NA,7,2021
"A14..14",NA,8,2021
"A14..14",1,9,2021
"A14..14",NA,10,2021
"A14..14",NA,11,2021
"A14..14",NA,12,2021
"A14..14",NA,13,2021
"A14..14",NA,14,2021
"A14..14",1,15,2021
"A14..14",NA,16,2021
"A14..14",NA,17,2021
"A14..14",NA,18,2021
"A14..14",NA,19,2021
"A14..14",NA,20,2021
"A14..14",1,21,2021
"A14..14",NA,22,2021
"A14..14",NA,23,2021
"A14..14",NA,24,2021
"A14..14",NA,25,2021
"A14..14",NA,26,2021
"A14..14",NA,27,2021
"A14..14",NA,28,2021
"A14..14",NA,29,2021
"A14..14",NA,30,2021
"A14..14",NA,31,2021
"A14..14",NA,32,2021
"A14..14",NA,33,2021
"A14..14",NA,34,2021
"A14..14",2,35,2021
"A14..14",NA,36,2021
"A14..14",NA,37,2021
"A14..14",2,38,2021
"A14..14",1,39,2021
"A14..14",NA,40,2021
"A14..14",2,41,2021
"A14..14",NA,42,2021
"A14..14",2,43,2021
"A14..14",NA,44,2021
"A14..14",NA,45,2021
"A14..14",NA,46,2021
"A14..14",NA,47,2021
"A14..14",1,48,2021
"A14..14",1,49,2021
"A14..14",NA,50,2021
"A14..14",1,51,2021
"A14..14",NA,52,2021
"A15..15",NA,1,2021
"A15..15",NA,2,2021
"A15..15",NA,3,2021
"A15..15",NA,4,2021
"A15..15",1,5,2021
"A15..15",NA,6,2021
"A15..15",NA,7,2021
"A15..15",NA,8,2021
"A15..15",NA,9,2021
"A15..15",NA,10,2021
"A15..15",1,11,2021
"A15..15",NA,12,2021
"A15..15",NA,13,2021
"A15..15",1,14,2021
"A15..15",NA,15,2021
"A15..15",NA,16,2021
"A15..15",NA,17,2021
"A15..15",NA,18,2021
"A15..15",NA,19,2021
"A15..15",1,20,2021
"A15..15",NA,21,2021
"A15..15",NA,22,2021
"A15..15",1,23,2021
"A15..15",NA,24,2021
"A15..15",NA,25,2021
"A15..15",1,26,2021
"A15..15",NA,27,2021
"A15..15",NA,28,2021
"A15..15",NA,29,2021
"A15..15",NA,30,2021
"A15..15",NA,31,2021
"A15..15",NA,32,2021
"A15..15",1,33,2021
"A15..15",1,34,2021
"A15..15",1,35,2021
"A15..15",NA,36,2021
"A15..15",1,37,2021
"A15..15",NA,38,2021
"A15..15",NA,39,2021
"A15..15",1,40,2021
"A15..15",NA,41,2021
"A15..15",1,42,2021
"A15..15",NA,43,2021
"A15..15",2,44,2021
"A15..15",NA,45,2021
"A15..15",NA,46,2021
"A15..15",NA,47,2021
"A15..15",NA,48,2021
"A15..15",NA,49,2021
"A15..15",1,50,2021
"A15..15",1,51,2021
"A15..15",NA,52,2021
"A16..16",NA,1,2021
"A16..16",NA,2,2021
"A16..16",NA,3,2021
"A16..16",1,4,2021
"A16..16",NA,5,2021
"A16..16",2,6,2021
"A16..16",NA,7,2021
"A16..16",NA,8,2021
"A16..16",NA,9,2021
"A16..16",NA,10,2021
"A16..16",NA,11,2021
"A16..16",1,12,2021
"A16..16",NA,13,2021
"A16..16",2,14,2021
"A16..16",1,15,2021
"A16..16",1,16,2021
"A16..16",NA,17,2021
"A16..16",1,18,2021
"A16..16",1,19,2021
"A16..16",NA,20,2021
"A16..16",NA,21,2021
"A16..16",NA,22,2021
"A16..16",2,23,2021
"A16..16",1,24,2021
"A16..16",1,25,2021
"A16..16",NA,26,2021
"A16..16",NA,27,2021
"A16..16",NA,28,2021
"A16..16",NA,29,2021
"A16..16",1,30,2021
"A16..16",NA,31,2021
"A16..16",NA,32,2021
"A16..16",1,33,2021
"A16..16",1,34,2021
"A16..16",1,35,2021
"A16..16",1,36,2021
"A16..16",2,37,2021
"A16..16",NA,38,2021
"A16..16",1,39,2021
"A16..16",1,40,2021
"A16..16",NA,41,2021
"A16..16",1,42,2021
"A16..16",2,43,2021
"A16..16",1,44,2021
"A16..16",3,45,2021
"A16..16",NA,46,2021
"A16..16",1,47,2021
"A16..16",1,48,2021
"A16..16",1,49,2021
"A16..16",2,50,2021
"A16..16",NA,51,2021
"A16..16",2,52,2021
"A17..17",NA,1,2021
"A17..17",NA,2,2021
"A17..17",2,3,2021
"A17..17",1,4,2021
"A17..17",NA,5,2021
"A17..17",NA,6,2021
"A17..17",1,7,2021
"A17..17",NA,8,2021
"A17..17",1,9,2021
"A17..17",NA,10,2021
"A17..17",2,11,2021
"A17..17",NA,12,2021
"A17..17",NA,13,2021
"A17..17",NA,14,2021
"A17..17",1,15,2021
"A17..17",NA,16,2021
"A17..17",1,17,2021
"A17..17",NA,18,2021
"A17..17",NA,19,2021
"A17..17",NA,20,2021
"A17..17",NA,21,2021
"A17..17",NA,22,2021
"A17..17",NA,23,2021
"A17..17",2,24,2021
"A17..17",NA,25,2021
"A17..17",1,26,2021
"A17..17",NA,27,2021
"A17..17",1,28,2021
"A17..17",NA,29,2021
"A17..17",NA,30,2021
"A17..17",NA,31,2021
"A17..17",NA,32,2021
"A17..17",NA,33,2021
"A17..17",NA,34,2021
"A17..17",2,35,2021
"A17..17",NA,36,2021
"A17..17",NA,37,2021
"A17..17",NA,38,2021
"A17..17",NA,39,2021
"A17..17",NA,40,2021
"A17..17",NA,41,2021
"A17..17",1,42,2021
"A17..17",NA,43,2021
"A17..17",2,44,2021
"A17..17",1,45,2021
"A17..17",NA,46,2021
"A17..17",1,47,2021
"A17..17",NA,48,2021
"A17..17",1,49,2021
"A17..17",NA,50,2021
"A17..17",1,51,2021
"A17..17",NA,52,2021
"A18..18",NA,1,2021
"A18..18",NA,2,2021
"A18..18",NA,3,2021
"A18..18",1,4,2021
"A18..18",NA,5,2021
"A18..18",NA,6,2021
"A18..18",NA,7,2021
"A18..18",1,8,2021
"A18..18",NA,9,2021
"A18..18",NA,10,2021
"A18..18",NA,11,2021
"A18..18",NA,12,2021
"A18..18",1,13,2021
"A18..18",NA,14,2021
"A18..18",1,15,2021
"A18..18",NA,16,2021
"A18..18",NA,17,2021
"A18..18",NA,18,2021
"A18..18",NA,19,2021
"A18..18",NA,20,2021
"A18..18",NA,21,2021
"A18..18",NA,22,2021
"A18..18",NA,23,2021
"A18..18",NA,24,2021
"A18..18",NA,25,2021
"A18..18",NA,26,2021
"A18..18",NA,27,2021
"A18..18",NA,28,2021
"A18..18",NA,29,2021
"A18..18",1,30,2021
"A18..18",NA,31,2021
"A18..18",NA,32,2021
"A18..18",NA,33,2021
"A18..18",1,34,2021
"A18..18",NA,35,2021
"A18..18",1,36,2021
"A18..18",NA,37,2021
"A18..18",NA,38,2021
"A18..18",1,39,2021
"A18..18",1,40,2021
"A18..18",NA,41,2021
"A18..18",NA,42,2021
"A18..18",3,43,2021
"A18..18",NA,44,2021
"A18..18",NA,45,2021
"A18..18",2,46,2021
"A18..18",NA,47,2021
"A18..18",1,48,2021
"A18..18",NA,49,2021
"A18..18",NA,50,2021
"A18..18",NA,51,2021
"A18..18",NA,52,2021
"A19..19",NA,1,2021
"A19..19",NA,2,2021
"A19..19",1,3,2021
"A19..19",NA,4,2021
"A19..19",1,5,2021
"A19..19",NA,6,2021
"A19..19",1,7,2021
"A19..19",NA,8,2021
"A19..19",NA,9,2021
"A19..19",1,10,2021
"A19..19",NA,11,2021
"A19..19",1,12,2021
"A19..19",NA,13,2021
"A19..19",NA,14,2021
"A19..19",NA,15,2021
"A19..19",NA,16,2021
"A19..19",1,17,2021
"A19..19",NA,18,2021
"A19..19",NA,19,2021
"A19..19",NA,20,2021
"A19..19",NA,21,2021
"A19..19",NA,22,2021
"A19..19",NA,23,2021
"A19..19",NA,24,2021
"A19..19",NA,25,2021
"A19..19",1,26,2021
"A19..19",1,27,2021
"A19..19",NA,28,2021
"A19..19",NA,29,2021
"A19..19",NA,30,2021
"A19..19",1,31,2021
"A19..19",1,32,2021
"A19..19",NA,33,2021
"A19..19",1,34,2021
"A19..19",1,35,2021
"A19..19",1,36,2021
"A19..19",1,37,2021
"A19..19",1,38,2021
"A19..19",NA,39,2021
"A19..19",NA,40,2021
"A19..19",1,41,2021
"A19..19",NA,42,2021
"A19..19",1,43,2021
"A19..19",1,44,2021
"A19..19",NA,45,2021
"A19..19",1,46,2021
"A19..19",NA,47,2021
"A19..19",NA,48,2021
"A19..19",1,49,2021
"A19..19",1,50,2021
"A19..19",NA,51,2021
"A19..19",NA,52,2021
"A20..20",1,1,2021
"A20..20",NA,2,2021
"A20..20",NA,3,2021
"A20..20",1,4,2021
"A20..20",NA,5,2021
"A20..20",NA,6,2021
"A20..20",2,7,2021
"A20..20",1,8,2021
"A20..20",2,9,2021
"A20..20",1,10,2021
"A20..20",NA,11,2021
"A20..20",NA,12,2021
"A20..20",1,13,2021
"A20..20",NA,14,2021
"A20..20",1,15,2021
"A20..20",NA,16,2021
"A20..20",NA,17,2021
"A20..20",NA,18,2021
"A20..20",2,19,2021
"A20..20",NA,20,2021
"A20..20",NA,21,2021
"A20..20",NA,22,2021
"A20..20",NA,23,2021
"A20..20",1,24,2021
"A20..20",1,25,2021
"A20..20",NA,26,2021
"A20..20",NA,27,2021
"A20..20",1,28,2021
"A20..20",NA,29,2021
"A20..20",1,30,2021
"A20..20",NA,31,2021
"A20..20",1,32,2021
"A20..20",NA,33,2021
"A20..20",NA,34,2021
"A20..20",NA,35,2021
"A20..20",1,36,2021
"A20..20",NA,37,2021
"A20..20",NA,38,2021
"A20..20",1,39,2021
"A20..20",2,40,2021
"A20..20",2,41,2021
"A20..20",NA,42,2021
"A20..20",NA,43,2021
"A20..20",1,44,2021
"A20..20",1,45,2021
"A20..20",1,46,2021
"A20..20",2,47,2021
"A20..20",NA,48,2021
"A20..20",NA,49,2021
"A20..20",1,50,2021
"A20..20",2,51,2021
"A20..20",NA,52,2021
"A21..21",1,1,2021
"A21..21",NA,2,2021
"A21..21",NA,3,2021
"A21..21",NA,4,2021
"A21..21",1,5,2021
"A21..21",NA,6,2021
"A21..21",NA,7,2021
"A21..21",1,8,2021
"A21..21",NA,9,2021
"A21..21",NA,10,2021
"A21..21",NA,11,2021
"A21..21",2,12,2021
"A21..21",1,13,2021
"A21..21",NA,14,2021
"A21..21",NA,15,2021
"A21..21",1,16,2021
"A21..21",NA,17,2021
"A21..21",NA,18,2021
"A21..21",NA,19,2021
"A21..21",1,20,2021
"A21..21",1,21,2021
"A21..21",NA,22,2021
"A21..21",NA,23,2021
"A21..21",NA,24,2021
"A21..21",NA,25,2021
"A21..21",NA,26,2021
"A21..21",NA,27,2021
"A21..21",NA,28,2021
"A21..21",NA,29,2021
"A21..21",1,30,2021
"A21..21",NA,31,2021
"A21..21",1,32,2021
"A21..21",NA,33,2021
"A21..21",2,34,2021
"A21..21",NA,35,2021
"A21..21",1,36,2021
"A21..21",1,37,2021
"A21..21",NA,38,2021
"A21..21",1,39,2021
"A21..21",1,40,2021
"A21..21",1,41,2021
"A21..21",NA,42,2021
"A21..21",NA,43,2021
"A21..21",1,44,2021
"A21..21",1,45,2021
"A21..21",NA,46,2021
"A21..21",1,47,2021
"A21..21",NA,48,2021
"A21..21",NA,49,2021
"A21..21",1,50,2021
"A21..21",NA,51,2021
"A21..21",2,52,2021
"A22..22",NA,1,2021
"A22..22",1,2,2021
"A22..22",NA,3,2021
"A22..22",NA,4,2021
"A22..22",NA,5,2021
"A22..22",NA,6,2021
"A22..22",1,7,2021
"A22..22",1,8,2021
"A22..22",1,9,2021
"A22..22",NA,10,2021
"A22..22",NA,11,2021
"A22..22",NA,12,2021
"A22..22",NA,13,2021
"A22..22",1,14,2021
"A22..22",2,15,2021
"A22..22",NA,16,2021
"A22..22",NA,17,2021
"A22..22",3,18,2021
"A22..22",NA,19,2021
"A22..22",NA,20,2021
"A22..22",NA,21,2021
"A22..22",1,22,2021
"A22..22",NA,23,2021
"A22..22",NA,24,2021
"A22..22",2,25,2021
"A22..22",NA,26,2021
"A22..22",NA,27,2021
"A22..22",2,28,2021
"A22..22",1,29,2021
"A22..22",NA,30,2021
"A22..22",1,31,2021
"A22..22",1,32,2021
"A22..22",NA,33,2021
"A22..22",NA,34,2021
"A22..22",NA,35,2021
"A22..22",1,36,2021
"A22..22",1,37,2021
"A22..22",NA,38,2021
"A22..22",NA,39,2021
"A22..22",NA,40,2021
"A22..22",1,41,2021
"A22..22",1,42,2021
"A22..22",NA,43,2021
"A22..22",NA,44,2021
"A22..22",1,45,2021
"A22..22",NA,46,2021
"A22..22",2,47,2021
"A22..22",NA,48,2021
"A22..22",NA,49,2021
"A22..22",NA,50,2021
"A22..22",NA,51,2021
"A22..22",NA,52,2021
"A23..23",2,1,2021
"A23..23",NA,2,2021
"A23..23",NA,3,2021
"A23..23",NA,4,2021
"A23..23",NA,5,2021
"A23..23",1,6,2021
"A23..23",NA,7,2021
"A23..23",NA,8,2021
"A23..23",1,9,2021
"A23..23",NA,10,2021
"A23..23",NA,11,2021
"A23..23",1,12,2021
"A23..23",1,13,2021
"A23..23",NA,14,2021
"A23..23",NA,15,2021
"A23..23",2,16,2021
"A23..23",1,17,2021
"A23..23",1,18,2021
"A23..23",NA,19,2021
"A23..23",1,20,2021
"A23..23",NA,21,2021
"A23..23",NA,22,2021
"A23..23",NA,23,2021
"A23..23",NA,24,2021
"A23..23",NA,25,2021
"A23..23",NA,26,2021
"A23..23",NA,27,2021
"A23..23",NA,28,2021
"A23..23",NA,29,2021
"A23..23",1,30,2021
"A23..23",1,31,2021
"A23..23",2,32,2021
"A23..23",NA,33,2021
"A23..23",NA,34,2021
"A23..23",1,35,2021
"A23..23",NA,36,2021
"A23..23",NA,37,2021
"A23..23",1,38,2021
"A23..23",NA,39,2021
"A23..23",NA,40,2021
"A23..23",NA,41,2021
"A23..23",NA,42,2021
"A23..23",1,43,2021
"A23..23",NA,44,2021
"A23..23",1,45,2021
"A23..23",NA,46,2021
"A23..23",3,47,2021
"A23..23",NA,48,2021
"A23..23",NA,49,2021
"A23..23",NA,50,2021
"A23..23",NA,51,2021
"A23..23",1,52,2021
"A24..24",2,1,2021
"A24..24",NA,2,2021
"A24..24",NA,3,2021
"A24..24",NA,4,2021
"A24..24",NA,5,2021
"A24..24",NA,6,2021
"A24..24",NA,7,2021
"A24..24",NA,8,2021
"A24..24",NA,9,2021
"A24..24",1,10,2021
"A24..24",NA,11,2021
"A24..24",NA,12,2021
"A24..24",NA,13,2021
"A24..24",NA,14,2021
"A24..24",NA,15,2021
"A24..24",NA,16,2021
"A24..24",NA,17,2021
"A24..24",3,18,2021
"A24..24",1,19,2021
"A24..24",2,20,2021
"A24..24",1,21,2021
"A24..24",NA,22,2021
"A24..24",NA,23,2021
"A24..24",NA,24,2021
"A24..24",NA,25,2021
"A24..24",NA,26,2021
"A24..24",NA,27,2021
"A24..24",NA,28,2021
"A24..24",3,29,2021
"A24..24",NA,30,2021
"A24..24",NA,31,2021
"A24..24",1,32,2021
"A24..24",1,33,2021
"A24..24",1,34,2021
"A24..24",NA,35,2021
"A24..24",NA,36,2021
"A24..24",NA,37,2021
"A24..24",NA,38,2021
"A24..24",NA,39,2021
"A24..24",NA,40,2021
"A24..24",2,41,2021
"A24..24",NA,42,2021
"A24..24",NA,43,2021
"A24..24",1,44,2021
"A24..24",NA,45,2021
"A24..24",NA,46,2021
"A24..24",1,47,2021
"A24..24",NA,48,2021
"A24..24",1,49,2021
"A24..24",2,50,2021
"A24..24",NA,51,2021
"A24..24",NA,52,2021
"A25..25",NA,1,2021
"A25..25",2,2,2021
"A25..25",NA,3,2021
"A25..25",NA,4,2021
"A25..25",NA,5,2021
"A25..25",1,6,2021
"A25..25",1,7,2021
"A25..25",NA,8,2021
"A25..25",2,9,2021
"A25..25",1,10,2021
"A25..25",2,11,2021
"A25..25",NA,12,2021
"A25..25",NA,13,2021
"A25..25",NA,14,2021
"A25..25",2,15,2021
"A25..25",2,16,2021
"A25..25",NA,17,2021
"A25..25",NA,18,2021
"A25..25",1,19,2021
"A25..25",NA,20,2021
"A25..25",NA,21,2021
"A25..25",NA,22,2021
"A25..25",NA,23,2021
"A25..25",NA,24,2021
"A25..25",NA,25,2021
"A25..25",1,26,2021
"A25..25",NA,27,2021
"A25..25",NA,28,2021
"A25..25",1,29,2021
"A25..25",1,30,2021
"A25..25",1,31,2021
"A25..25",NA,32,2021
"A25..25",NA,33,2021
"A25..25",2,34,2021
"A25..25",NA,35,2021
"A25..25",3,36,2021
"A25..25",NA,37,2021
"A25..25",1,38,2021
"A25..25",NA,39,2021
"A25..25",NA,40,2021
"A25..25",NA,41,2021
"A25..25",NA,42,2021
"A25..25",NA,43,2021
"A25..25",NA,44,2021
"A25..25",NA,45,2021
"A25..25",NA,46,2021
"A25..25",NA,47,2021
"A25..25",1,48,2021
"A25..25",1,49,2021
"A25..25",NA,50,2021
"A25..25",NA,51,2021
"A25..25",NA,52,2021
"A26..26",1,1,2021
"A26..26",NA,2,2021
"A26..26",NA,3,2021
"A26..26",NA,4,2021
"A26..26",NA,5,2021
"A26..26",NA,6,2021
"A26..26",NA,7,2021
"A26..26",1,8,2021
"A26..26",1,9,2021
"A26..26",2,10,2021
"A26..26",1,11,2021
"A26..26",1,12,2021
"A26..26",NA,13,2021
"A26..26",1,14,2021
"A26..26",NA,15,2021
"A26..26",NA,16,2021
"A26..26",NA,17,2021
"A26..26",1,18,2021
"A26..26",NA,19,2021
"A26..26",1,20,2021
"A26..26",NA,21,2021
"A26..26",1,22,2021
"A26..26",NA,23,2021
"A26..26",NA,24,2021
"A26..26",NA,25,2021
"A26..26",NA,26,2021
"A26..26",NA,27,2021
"A26..26",NA,28,2021
"A26..26",NA,29,2021
"A26..26",NA,30,2021
"A26..26",NA,31,2021
"A26..26",NA,32,2021
"A26..26",NA,33,2021
"A26..26",1,34,2021
"A26..26",NA,35,2021
"A26..26",NA,36,2021
"A26..26",1,37,2021
"A26..26",2,38,2021
"A26..26",NA,39,2021
"A26..26",1,40,2021
"A26..26",NA,41,2021
"A26..26",1,42,2021
"A26..26",NA,43,2021
"A26..26",NA,44,2021
"A26..26",NA,45,2021
"A26..26",NA,46,2021
"A26..26",NA,47,2021
"A26..26",1,48,2021
"A26..26",NA,49,2021
"A26..26",NA,50,2021
"A26..26",1,51,2021
"A26..26",NA,52,2021
"A27..27",NA,1,2021
"A27..27",1,2,2021
"A27..27",NA,3,2021
"A27..27",NA,4,2021
"A27..27",1,5,2021
"A27..27",NA,6,2021
"A27..27",NA,7,2021
"A27..27",NA,8,2021
"A27..27",1,9,2021
"A27..27",NA,10,2021
"A27..27",1,11,2021
"A27..27",1,12,2021
"A27..27",NA,13,2021
"A27..27",1,14,2021
"A27..27",1,15,2021
"A27..27",NA,16,2021
"A27..27",2,17,2021
"A27..27",NA,18,2021
"A27..27",NA,19,2021
"A27..27",3,20,2021
"A27..27",1,21,2021
"A27..27",NA,22,2021
"A27..27",NA,23,2021
"A27..27",NA,24,2021
"A27..27",1,25,2021
"A27..27",NA,26,2021
"A27..27",1,27,2021
"A27..27",NA,28,2021
"A27..27",NA,29,2021
"A27..27",NA,30,2021
"A27..27",NA,31,2021
"A27..27",NA,32,2021
"A27..27",1,33,2021
"A27..27",2,34,2021
"A27..27",NA,35,2021
"A27..27",1,36,2021
"A27..27",1,37,2021
"A27..27",NA,38,2021
"A27..27",4,39,2021
"A27..27",1,40,2021
"A27..27",NA,41,2021
"A27..27",1,42,2021
"A27..27",1,43,2021
"A27..27",2,44,2021
"A27..27",1,45,2021
"A27..27",NA,46,2021
"A27..27",NA,47,2021
"A27..27",3,48,2021
"A27..27",NA,49,2021
"A27..27",NA,50,2021
"A27..27",1,51,2021
"A27..27",NA,52,2021
"A28..28",1,1,2021
"A28..28",1,2,2021
"A28..28",NA,3,2021
"A28..28",NA,4,2021
"A28..28",1,5,2021
"A28..28",3,6,2021
"A28..28",2,7,2021
"A28..28",NA,8,2021
"A28..28",NA,9,2021
"A28..28",NA,10,2021
"A28..28",NA,11,2021
"A28..28",1,12,2021
"A28..28",NA,13,2021
"A28..28",NA,14,2021
"A28..28",1,15,2021
"A28..28",1,16,2021
"A28..28",NA,17,2021
"A28..28",NA,18,2021
"A28..28",NA,19,2021
"A28..28",1,20,2021
"A28..28",1,21,2021
"A28..28",NA,22,2021
"A28..28",NA,23,2021
"A28..28",1,24,2021
"A28..28",1,25,2021
"A28..28",NA,26,2021
"A28..28",1,27,2021
"A28..28",NA,28,2021
"A28..28",NA,29,2021
"A28..28",1,30,2021
"A28..28",1,31,2021
"A28..28",1,32,2021
"A28..28",3,33,2021
"A28..28",NA,34,2021
"A28..28",1,35,2021
"A28..28",1,36,2021
"A28..28",1,37,2021
"A28..28",1,38,2021
"A28..28",NA,39,2021
"A28..28",NA,40,2021
"A28..28",1,41,2021
"A28..28",NA,42,2021
"A28..28",1,43,2021
"A28..28",1,44,2021
"A28..28",NA,45,2021
"A28..28",NA,46,2021
"A28..28",1,47,2021
"A28..28",NA,48,2021
"A28..28",1,49,2021
"A28..28",2,50,2021
"A28..28",2,51,2021
"A28..28",1,52,2021
"A29..29",NA,1,2021
"A29..29",1,2,2021
"A29..29",1,3,2021
"A29..29",1,4,2021
"A29..29",NA,5,2021
"A29..29",NA,6,2021
"A29..29",1,7,2021
"A29..29",2,8,2021
"A29..29",1,9,2021
"A29..29",2,10,2021
"A29..29",NA,11,2021
"A29..29",NA,12,2021
"A29..29",1,13,2021
"A29..29",NA,14,2021
"A29..29",NA,15,2021
"A29..29",NA,16,2021
"A29..29",NA,17,2021
"A29..29",1,18,2021
"A29..29",NA,19,2021
"A29..29",NA,20,2021
"A29..29",NA,21,2021
"A29..29",NA,22,2021
"A29..29",NA,23,2021
"A29..29",2,24,2021
"A29..29",NA,25,2021
"A29..29",1,26,2021
"A29..29",1,27,2021
"A29..29",NA,28,2021
"A29..29",1,29,2021
"A29..29",NA,30,2021
"A29..29",NA,31,2021
"A29..29",NA,32,2021
"A29..29",NA,33,2021
"A29..29",1,34,2021
"A29..29",NA,35,2021
"A29..29",1,36,2021
"A29..29",NA,37,2021
"A29..29",NA,38,2021
"A29..29",NA,39,2021
"A29..29",1,40,2021
"A29..29",NA,41,2021
"A29..29",NA,42,2021
"A29..29",1,43,2021
"A29..29",NA,44,2021
"A29..29",1,45,2021
"A29..29",NA,46,2021
"A29..29",1,47,2021
"A29..29",1,48,2021
"A29..29",NA,49,2021
"A29..29",NA,50,2021
"A29..29",NA,51,2021
"A29..29",NA,52,2021
"A30..30",NA,1,2021
"A30..30",NA,2,2021
"A30..30",1,3,2021
"A30..30",NA,4,2021
"A30..30",3,5,2021
"A30..30",1,6,2021
"A30..30",NA,7,2021
"A30..30",1,8,2021
"A30..30",NA,9,2021
"A30..30",NA,10,2021
"A30..30",NA,11,2021
"A30..30",NA,12,2021
"A30..30",NA,13,2021
"A30..30",NA,14,2021
"A30..30",2,15,2021
"A30..30",NA,16,2021
"A30..30",1,17,2021
"A30..30",NA,18,2021
"A30..30",2,19,2021
"A30..30",NA,20,2021
"A30..30",NA,21,2021
"A30..30",NA,22,2021
"A30..30",NA,23,2021
"A30..30",NA,24,2021
"A30..30",NA,25,2021
"A30..30",1,26,2021
"A30..30",1,27,2021
"A30..30",NA,28,2021
"A30..30",2,29,2021
"A30..30",NA,30,2021
"A30..30",2,31,2021
"A30..30",1,32,2021
"A30..30",NA,33,2021
"A30..30",1,34,2021
"A30..30",NA,35,2021
"A30..30",NA,36,2021
"A30..30",NA,37,2021
"A30..30",2,38,2021
"A30..30",2,39,2021
"A30..30",3,40,2021
"A30..30",NA,41,2021
"A30..30",NA,42,2021
"A30..30",NA,43,2021
"A30..30",NA,44,2021
"A30..30",NA,45,2021
"A30..30",NA,46,2021
"A30..30",1,47,2021
"A30..30",NA,48,2021
"A30..30",NA,49,2021
"A30..30",1,50,2021
"A30..30",NA,51,2021
"A30..30",1,52,2021
"A31..31",1,1,2021
"A31..31",1,2,2021
"A31..31",NA,3,2021
"A31..31",1,4,2021
"A31..31",NA,5,2021
"A31..31",NA,6,2021
"A31..31",NA,7,2021
"A31..31",NA,8,2021
"A31..31",NA,9,2021
"A31..31",1,10,2021
"A31..31",NA,11,2021
"A31..31",1,12,2021
"A31..31",NA,13,2021
"A31..31",NA,14,2021
"A31..31",NA,15,2021
"A31..31",1,16,2021
"A31..31",NA,17,2021
"A31..31",1,18,2021
"A31..31",2,19,2021
"A31..31",1,20,2021
"A31..31",1,21,2021
"A31..31",1,22,2021
"A31..31",NA,23,2021
"A31..31",2,24,2021
"A31..31",2,25,2021
"A31..31",1,26,2021
"A31..31",4,27,2021
"A31..31",1,28,2021
"A31..31",1,29,2021
"A31..31",NA,30,2021
"A31..31",1,31,2021
"A31..31",1,32,2021
"A31..31",NA,33,2021
"A31..31",1,34,2021
"A31..31",2,35,2021
"A31..31",NA,36,2021
"A31..31",1,37,2021
"A31..31",NA,38,2021
"A31..31",NA,39,2021
"A31..31",NA,40,2021
"A31..31",NA,41,2021
"A31..31",1,42,2021
"A31..31",1,43,2021
"A31..31",2,44,2021
"A31..31",2,45,2021
"A31..31",4,46,2021
"A31..31",1,47,2021
"A31..31",NA,48,2021
"A31..31",1,49,2021
"A31..31",1,50,2021
"A31..31",2,51,2021
"A31..31",2,52,2021
"A32..32",NA,1,2021
"A32..32",NA,2,2021
"A32..32",NA,3,2021
"A32..32",NA,4,2021
"A32..32",1,5,2021
"A32..32",1,6,2021
"A32..32",4,7,2021
"A32..32",1,8,2021
"A32..32",NA,9,2021
"A32..32",NA,10,2021
"A32..32",NA,11,2021
"A32..32",1,12,2021
"A32..32",1,13,2021
"A32..32",NA,14,2021
"A32..32",NA,15,2021
"A32..32",NA,16,2021
"A32..32",NA,17,2021
"A32..32",2,18,2021
"A32..32",NA,19,2021
"A32..32",3,20,2021
"A32..32",NA,21,2021
"A32..32",NA,22,2021
"A32..32",1,23,2021
"A32..32",NA,24,2021
"A32..32",NA,25,2021
"A32..32",NA,26,2021
"A32..32",NA,27,2021
"A32..32",1,28,2021
"A32..32",2,29,2021
"A32..32",NA,30,2021
"A32..32",NA,31,2021
"A32..32",NA,32,2021
"A32..32",3,33,2021
"A32..32",NA,34,2021
"A32..32",1,35,2021
"A32..32",NA,36,2021
"A32..32",2,37,2021
"A32..32",2,38,2021
"A32..32",2,39,2021
"A32..32",NA,40,2021
"A32..32",1,41,2021
"A32..32",2,42,2021
"A32..32",1,43,2021
"A32..32",NA,44,2021
"A32..32",NA,45,2021
"A32..32",1,46,2021
"A32..32",NA,47,2021
"A32..32",NA,48,2021
"A32..32",NA,49,2021
"A32..32",1,50,2021
"A32..32",NA,51,2021
"A32..32",NA,52,2021
"A33..33",1,1,2021
"A33..33",NA,2,2021
"A33..33",NA,3,2021
"A33..33",1,4,2021
"A33..33",NA,5,2021
"A33..33",1,6,2021
"A33..33",2,7,2021
"A33..33",NA,8,2021
"A33..33",NA,9,2021
"A33..33",NA,10,2021
"A33..33",1,11,2021
"A33..33",1,12,2021
"A33..33",NA,13,2021
"A33..33",NA,14,2021
"A33..33",2,15,2021
"A33..33",NA,16,2021
"A33..33",NA,17,2021
"A33..33",NA,18,2021
"A33..33",2,19,2021
"A33..33",NA,20,2021
"A33..33",1,21,2021
"A33..33",NA,22,2021
"A33..33",1,23,2021
"A33..33",1,24,2021
"A33..33",1,25,2021
"A33..33",1,26,2021
"A33..33",NA,27,2021
"A33..33",1,28,2021
"A33..33",NA,29,2021
"A33..33",NA,30,2021
"A33..33",1,31,2021
"A33..33",NA,32,2021
"A33..33",2,33,2021
"A33..33",NA,34,2021
"A33..33",1,35,2021
"A33..33",2,36,2021
"A33..33",2,37,2021
"A33..33",2,38,2021
"A33..33",2,39,2021
"A33..33",NA,40,2021
"A33..33",2,41,2021
"A33..33",1,42,2021
"A33..33",4,43,2021
"A33..33",2,44,2021
"A33..33",1,45,2021
"A33..33",1,46,2021
"A33..33",NA,47,2021
"A33..33",1,48,2021
"A33..33",1,49,2021
"A33..33",1,50,2021
"A33..33",2,51,2021
"A33..33",1,52,2021
"A34..34",NA,1,2021
"A34..34",NA,2,2021
"A34..34",NA,3,2021
"A34..34",NA,4,2021
"A34..34",1,5,2021
"A34..34",NA,6,2021
"A34..34",NA,7,2021
"A34..34",2,8,2021
"A34..34",NA,9,2021
"A34..34",NA,10,2021
"A34..34",NA,11,2021
"A34..34",1,12,2021
"A34..34",NA,13,2021
"A34..34",NA,14,2021
"A34..34",1,15,2021
"A34..34",NA,16,2021
"A34..34",3,17,2021
"A34..34",1,18,2021
"A34..34",NA,19,2021
"A34..34",NA,20,2021
"A34..34",NA,21,2021
"A34..34",NA,22,2021
"A34..34",NA,23,2021
"A34..34",1,24,2021
"A34..34",NA,25,2021
"A34..34",NA,26,2021
"A34..34",NA,27,2021
"A34..34",1,28,2021
"A34..34",1,29,2021
"A34..34",2,30,2021
"A34..34",NA,31,2021
"A34..34",1,32,2021
"A34..34",1,33,2021
"A34..34",1,34,2021
"A34..34",NA,35,2021
"A34..34",3,36,2021
"A34..34",2,37,2021
"A34..34",1,38,2021
"A34..34",1,39,2021
"A34..34",NA,40,2021
"A34..34",NA,41,2021
"A34..34",1,42,2021
"A34..34",1,43,2021
"A34..34",NA,44,2021
"A34..34",2,45,2021
"A34..34",2,46,2021
"A34..34",1,47,2021
"A34..34",NA,48,2021
"A34..34",4,49,2021
"A34..34",NA,50,2021
"A34..34",NA,51,2021
"A34..34",1,52,2021
"A35..35",NA,1,2021
"A35..35",1,2,2021
"A35..35",NA,3,2021
"A35..35",NA,4,2021
"A35..35",NA,5,2021
"A35..35",2,6,2021
"A35..35",NA,7,2021
"A35..35",1,8,2021
"A35..35",2,9,2021
"A35..35",2,10,2021
"A35..35",NA,11,2021
"A35..35",1,12,2021
"A35..35",1,13,2021
"A35..35",NA,14,2021
"A35..35",NA,15,2021
"A35..35",NA,16,2021
"A35..35",NA,17,2021
"A35..35",NA,18,2021
"A35..35",NA,19,2021
"A35..35",1,20,2021
"A35..35",NA,21,2021
"A35..35",1,22,2021
"A35..35",NA,23,2021
"A35..35",2,24,2021
"A35..35",2,25,2021
"A35..35",3,26,2021
"A35..35",1,27,2021
"A35..35",1,28,2021
"A35..35",1,29,2021
"A35..35",NA,30,2021
"A35..35",1,31,2021
"A35..35",NA,32,2021
"A35..35",NA,33,2021
"A35..35",NA,34,2021
"A35..35",NA,35,2021
"A35..35",NA,36,2021
"A35..35",NA,37,2021
"A35..35",1,38,2021
"A35..35",NA,39,2021
"A35..35",NA,40,2021
"A35..35",NA,41,2021
"A35..35",1,42,2021
"A35..35",1,43,2021
"A35..35",1,44,2021
"A35..35",1,45,2021
"A35..35",NA,46,2021
"A35..35",1,47,2021
"A35..35",1,48,2021
"A35..35",1,49,2021
"A35..35",2,50,2021
"A35..35",NA,51,2021
"A35..35",NA,52,2021
"A36..36",1,1,2021
"A36..36",2,2,2021
"A36..36",NA,3,2021
"A36..36",NA,4,2021
"A36..36",NA,5,2021
"A36..36",NA,6,2021
"A36..36",NA,7,2021
"A36..36",NA,8,2021
"A36..36",NA,9,2021
"A36..36",NA,10,2021
"A36..36",2,11,2021
"A36..36",NA,12,2021
"A36..36",NA,13,2021
"A36..36",NA,14,2021
"A36..36",1,15,2021
"A36..36",2,16,2021
"A36..36",NA,17,2021
"A36..36",1,18,2021
"A36..36",1,19,2021
"A36..36",1,20,2021
"A36..36",2,21,2021
"A36..36",NA,22,2021
"A36..36",2,23,2021
"A36..36",NA,24,2021
"A36..36",1,25,2021
"A36..36",NA,26,2021
"A36..36",NA,27,2021
"A36..36",1,28,2021
"A36..36",NA,29,2021
"A36..36",NA,30,2021
"A36..36",1,31,2021
"A36..36",NA,32,2021
"A36..36",NA,33,2021
"A36..36",1,34,2021
"A36..36",NA,35,2021
"A36..36",3,36,2021
"A36..36",2,37,2021
"A36..36",NA,38,2021
"A36..36",1,39,2021
"A36..36",1,40,2021
"A36..36",NA,41,2021
"A36..36",NA,42,2021
"A36..36",1,43,2021
"A36..36",1,44,2021
"A36..36",1,45,2021
"A36..36",2,46,2021
"A36..36",1,47,2021
"A36..36",3,48,2021
"A36..36",1,49,2021
"A36..36",3,50,2021
"A36..36",1,51,2021
"A36..36",1,52,2021
"A37..37",NA,1,2021
"A37..37",NA,2,2021
"A37..37",NA,3,2021
"A37..37",NA,4,2021
"A37..37",1,5,2021
"A37..37",NA,6,2021
"A37..37",NA,7,2021
"A37..37",1,8,2021
"A37..37",NA,9,2021
"A37..37",NA,10,2021
"A37..37",NA,11,2021
"A37..37",1,12,2021
"A37..37",NA,13,2021
"A37..37",NA,14,2021
"A37..37",1,15,2021
"A37..37",1,16,2021
"A37..37",NA,17,2021
"A37..37",NA,18,2021
"A37..37",NA,19,2021
"A37..37",1,20,2021
"A37..37",1,21,2021
"A37..37",NA,22,2021
"A37..37",NA,23,2021
"A37..37",NA,24,2021
"A37..37",NA,25,2021
"A37..37",NA,26,2021
"A37..37",2,27,2021
"A37..37",1,28,2021
"A37..37",2,29,2021
"A37..37",1,30,2021
"A37..37",NA,31,2021
"A37..37",1,32,2021
"A37..37",NA,33,2021
"A37..37",1,34,2021
"A37..37",1,35,2021
"A37..37",2,36,2021
"A37..37",3,37,2021
"A37..37",3,38,2021
"A37..37",2,39,2021
"A37..37",NA,40,2021
"A37..37",NA,41,2021
"A37..37",NA,42,2021
"A37..37",1,43,2021
"A37..37",NA,44,2021
"A37..37",1,45,2021
"A37..37",2,46,2021
"A37..37",NA,47,2021
"A37..37",NA,48,2021
"A37..37",NA,49,2021
"A37..37",2,50,2021
"A37..37",2,51,2021
"A37..37",NA,52,2021
"A38..38",NA,1,2021
"A38..38",NA,2,2021
"A38..38",1,3,2021
"A38..38",1,4,2021
"A38..38",NA,5,2021
"A38..38",NA,6,2021
"A38..38",NA,7,2021
"A38..38",1,8,2021
"A38..38",NA,9,2021
"A38..38",NA,10,2021
"A38..38",NA,11,2021
"A38..38",1,12,2021
"A38..38",NA,13,2021
"A38..38",1,14,2021
"A38..38",1,15,2021
"A38..38",NA,16,2021
"A38..38",1,17,2021
"A38..38",NA,18,2021
"A38..38",NA,19,2021
"A38..38",NA,20,2021
"A38..38",NA,21,2021
"A38..38",NA,22,2021
"A38..38",NA,23,2021
"A38..38",NA,24,2021
"A38..38",1,25,2021
"A38..38",1,26,2021
"A38..38",NA,27,2021
"A38..38",1,28,2021
"A38..38",NA,29,2021
"A38..38",NA,30,2021
"A38..38",NA,31,2021
"A38..38",NA,32,2021
"A38..38",1,33,2021
"A38..38",NA,34,2021
"A38..38",NA,35,2021
"A38..38",3,36,2021
"A38..38",1,37,2021
"A38..38",NA,38,2021
"A38..38",NA,39,2021
"A38..38",2,40,2021
"A38..38",1,41,2021
"A38..38",NA,42,2021
"A38..38",3,43,2021
"A38..38",NA,44,2021
"A38..38",1,45,2021
"A38..38",1,46,2021
"A38..38",1,47,2021
"A38..38",NA,48,2021
"A38..38",NA,49,2021
"A38..38",1,50,2021
"A38..38",2,51,2021
"A38..38",NA,52,2021
"A39..39",NA,1,2021
"A39..39",NA,2,2021
"A39..39",1,3,2021
"A39..39",NA,4,2021
"A39..39",NA,5,2021
"A39..39",1,6,2021
"A39..39",1,7,2021
"A39..39",1,8,2021
"A39..39",1,9,2021
"A39..39",1,10,2021
"A39..39",1,11,2021
"A39..39",2,12,2021
"A39..39",1,13,2021
"A39..39",NA,14,2021
"A39..39",4,15,2021
"A39..39",NA,16,2021
"A39..39",1,17,2021
"A39..39",1,18,2021
"A39..39",NA,19,2021
"A39..39",NA,20,2021
"A39..39",NA,21,2021
"A39..39",NA,22,2021
"A39..39",NA,23,2021
"A39..39",2,24,2021
"A39..39",NA,25,2021
"A39..39",1,26,2021
"A39..39",NA,27,2021
"A39..39",1,28,2021
"A39..39",1,29,2021
"A39..39",NA,30,2021
"A39..39",NA,31,2021
"A39..39",2,32,2021
"A39..39",NA,33,2021
"A39..39",1,34,2021
"A39..39",NA,35,2021
"A39..39",NA,36,2021
"A39..39",NA,37,2021
"A39..39",NA,38,2021
"A39..39",1,39,2021
"A39..39",1,40,2021
"A39..39",NA,41,2021
"A39..39",NA,42,2021
"A39..39",NA,43,2021
"A39..39",1,44,2021
"A39..39",2,45,2021
"A39..39",NA,46,2021
"A39..39",2,47,2021
"A39..39",NA,48,2021
"A39..39",1,49,2021
"A39..39",NA,50,2021
"A39..39",2,51,2021
"A39..39",NA,52,2021
"A40..40",NA,1,2021
"A40..40",NA,2,2021
"A40..40",NA,3,2021
"A40..40",NA,4,2021
"A40..40",NA,5,2021
"A40..40",1,6,2021
"A40..40",NA,7,2021
"A40..40",1,8,2021
"A40..40",NA,9,2021
"A40..40",2,10,2021
"A40..40",NA,11,2021
"A40..40",NA,12,2021
"A40..40",NA,13,2021
"A40..40",NA,14,2021
"A40..40",NA,15,2021
"A40..40",NA,16,2021
"A40..40",1,17,2021
"A40..40",NA,18,2021
"A40..40",NA,19,2021
"A40..40",NA,20,2021
"A40..40",NA,21,2021
"A40..40",NA,22,2021
"A40..40",NA,23,2021
"A40..40",NA,24,2021
"A40..40",1,25,2021
"A40..40",1,26,2021
"A40..40",NA,27,2021
"A40..40",NA,28,2021
"A40..40",1,29,2021
"A40..40",NA,30,2021
"A40..40",NA,31,2021
"A40..40",NA,32,2021
"A40..40",NA,33,2021
"A40..40",1,34,2021
"A40..40",NA,35,2021
"A40..40",NA,36,2021
"A40..40",2,37,2021
"A40..40",NA,38,2021
"A40..40",NA,39,2021
"A40..40",1,40,2021
"A40..40",1,41,2021
"A40..40",2,42,2021
"A40..40",2,43,2021
"A40..40",NA,44,2021
"A40..40",NA,45,2021
"A40..40",NA,46,2021
"A40..40",1,47,2021
"A40..40",1,48,2021
"A40..40",1,49,2021
"A40..40",NA,50,2021
"A40..40",1,51,2021
"A40..40",NA,52,2021
"A41..41",NA,1,2021
"A41..41",NA,2,2021
"A41..41",1,3,2021
"A41..41",NA,4,2021
"A41..41",NA,5,2021
"A41..41",3,6,2021
"A41..41",2,7,2021
"A41..41",NA,8,2021
"A41..41",NA,9,2021
"A41..41",1,10,2021
"A41..41",NA,11,2021
"A41..41",NA,12,2021
"A41..41",1,13,2021
"A41..41",NA,14,2021
"A41..41",1,15,2021
"A41..41",1,16,2021
"A41..41",NA,17,2021
"A41..41",1,18,2021
"A41..41",NA,19,2021
"A41..41",1,20,2021
"A41..41",NA,21,2021
"A41..41",NA,22,2021
"A41..41",2,23,2021
"A41..41",NA,24,2021
"A41..41",1,25,2021
"A41..41",NA,26,2021
"A41..41",NA,27,2021
"A41..41",NA,28,2021
"A41..41",NA,29,2021
"A41..41",NA,30,2021
"A41..41",NA,31,2021
"A41..41",1,32,2021
"A41..41",NA,33,2021
"A41..41",NA,34,2021
"A41..41",NA,35,2021
"A41..41",NA,36,2021
"A41..41",2,37,2021
"A41..41",NA,38,2021
"A41..41",NA,39,2021
"A41..41",1,40,2021
"A41..41",1,41,2021
"A41..41",NA,42,2021
"A41..41",1,43,2021
"A41..41",2,44,2021
"A41..41",3,45,2021
"A41..41",1,46,2021
"A41..41",4,47,2021
"A41..41",2,48,2021
"A41..41",1,49,2021
"A41..41",NA,50,2021
"A41..41",3,51,2021
"A41..41",1,52,2021
"A42..42",NA,1,2021
"A42..42",1,2,2021
"A42..42",1,3,2021
"A42..42",NA,4,2021
"A42..42",1,5,2021
"A42..42",1,6,2021
"A42..42",1,7,2021
"A42..42",1,8,2021
"A42..42",1,9,2021
"A42..42",1,10,2021
"A42..42",NA,11,2021
"A42..42",1,12,2021
"A42..42",NA,13,2021
"A42..42",NA,14,2021
"A42..42",NA,15,2021
"A42..42",1,16,2021
"A42..42",NA,17,2021
"A42..42",1,18,2021
"A42..42",1,19,2021
"A42..42",NA,20,2021
"A42..42",1,21,2021
"A42..42",NA,22,2021
"A42..42",1,23,2021
"A42..42",NA,24,2021
"A42..42",NA,25,2021
"A42..42",NA,26,2021
"A42..42",NA,27,2021
"A42..42",NA,28,2021
"A42..42",NA,29,2021
"A42..42",NA,30,2021
"A42..42",1,31,2021
"A42..42",1,32,2021
"A42..42",NA,33,2021
"A42..42",2,34,2021
"A42..42",1,35,2021
"A42..42",NA,36,2021
"A42..42",1,37,2021
"A42..42",NA,38,2021
"A42..42",2,39,2021
"A42..42",1,40,2021
"A42..42",1,41,2021
"A42..42",2,42,2021
"A42..42",1,43,2021
"A42..42",NA,44,2021
"A42..42",1,45,2021
"A42..42",NA,46,2021
"A42..42",NA,47,2021
"A42..42",NA,48,2021
"A42..42",1,49,2021
"A42..42",2,50,2021
"A42..42",1,51,2021
"A42..42",NA,52,2021
"A43..43",NA,1,2021
"A43..43",NA,2,2021
"A43..43",NA,3,2021
"A43..43",1,4,2021
"A43..43",1,5,2021
"A43..43",2,6,2021
"A43..43",NA,7,2021
"A43..43",2,8,2021
"A43..43",NA,9,2021
"A43..43",1,10,2021
"A43..43",NA,11,2021
"A43..43",NA,12,2021
"A43..43",1,13,2021
"A43..43",NA,14,2021
"A43..43",NA,15,2021
"A43..43",NA,16,2021
"A43..43",2,17,2021
"A43..43",NA,18,2021
"A43..43",NA,19,2021
"A43..43",NA,20,2021
"A43..43",NA,21,2021
"A43..43",NA,22,2021
"A43..43",1,23,2021
"A43..43",NA,24,2021
"A43..43",1,25,2021
"A43..43",1,26,2021
"A43..43",1,27,2021
"A43..43",NA,28,2021
"A43..43",1,29,2021
"A43..43",NA,30,2021
"A43..43",NA,31,2021
"A43..43",NA,32,2021
"A43..43",NA,33,2021
"A43..43",NA,34,2021
"A43..43",NA,35,2021
"A43..43",NA,36,2021
"A43..43",NA,37,2021
"A43..43",1,38,2021
"A43..43",NA,39,2021
"A43..43",1,40,2021
"A43..43",1,41,2021
"A43..43",NA,42,2021
"A43..43",NA,43,2021
"A43..43",NA,44,2021
"A43..43",1,45,2021
"A43..43",NA,46,2021
"A43..43",NA,47,2021
"A43..43",1,48,2021
"A43..43",1,49,2021
"A43..43",NA,50,2021
"A43..43",NA,51,2021
"A43..43",1,52,2021
"A44..44",NA,1,2021
"A44..44",1,2,2021
"A44..44",NA,3,2021
"A44..44",NA,4,2021
"A44..44",NA,5,2021
"A44..44",NA,6,2021
"A44..44",NA,7,2021
"A44..44",NA,8,2021
"A44..44",2,9,2021
"A44..44",NA,10,2021
"A44..44",2,11,2021
"A44..44",1,12,2021
"A44..44",NA,13,2021
"A44..44",NA,14,2021
"A44..44",NA,15,2021
"A44..44",NA,16,2021
"A44..44",2,17,2021
"A44..44",NA,18,2021
"A44..44",NA,19,2021
"A44..44",NA,20,2021
"A44..44",NA,21,2021
"A44..44",NA,22,2021
"A44..44",NA,23,2021
"A44..44",1,24,2021
"A44..44",NA,25,2021
"A44..44",NA,26,2021
"A44..44",NA,27,2021
"A44..44",NA,28,2021
"A44..44",1,29,2021
"A44..44",1,30,2021
"A44..44",1,31,2021
"A44..44",1,32,2021
"A44..44",1,33,2021
"A44..44",3,34,2021
"A44..44",NA,35,2021
"A44..44",2,36,2021
"A44..44",1,37,2021
"A44..44",1,38,2021
"A44..44",NA,39,2021
"A44..44",NA,40,2021
"A44..44",NA,41,2021
"A44..44",2,42,2021
"A44..44",NA,43,2021
"A44..44",1,44,2021
"A44..44",1,45,2021
"A44..44",1,46,2021
"A44..44",1,47,2021
"A44..44",NA,48,2021
"A44..44",NA,49,2021
"A44..44",NA,50,2021
"A44..44",1,51,2021
"A44..44",NA,52,2021
"A45..45",NA,1,2021
"A45..45",NA,2,2021
"A45..45",NA,3,2021
"A45..45",NA,4,2021
"A45..45",NA,5,2021
"A45..45",NA,6,2021
"A45..45",NA,7,2021
"A45..45",1,8,2021
"A45..45",1,9,2021
"A45..45",NA,10,2021
"A45..45",NA,11,2021
"A45..45",2,12,2021
"A45..45",NA,13,2021
"A45..45",NA,14,2021
"A45..45",1,15,2021
"A45..45",1,16,2021
"A45..45",NA,17,2021
"A45..45",NA,18,2021
"A45..45",NA,19,2021
"A45..45",NA,20,2021
"A45..45",1,21,2021
"A45..45",NA,22,2021
"A45..45",NA,23,2021
"A45..45",NA,24,2021
"A45..45",NA,25,2021
"A45..45",NA,26,2021
"A45..45",NA,27,2021
"A45..45",1,28,2021
"A45..45",NA,29,2021
"A45..45",NA,30,2021
"A45..45",NA,31,2021
"A45..45",NA,32,2021
"A45..45",1,33,2021
"A45..45",NA,34,2021
"A45..45",1,35,2021
"A45..45",1,36,2021
"A45..45",1,37,2021
"A45..45",2,38,2021
"A45..45",NA,39,2021
"A45..45",1,40,2021
"A45..45",1,41,2021
"A45..45",1,42,2021
"A45..45",NA,43,2021
"A45..45",NA,44,2021
"A45..45",1,45,2021
"A45..45",1,46,2021
"A45..45",1,47,2021
"A45..45",NA,48,2021
"A45..45",3,49,2021
"A45..45",1,50,2021
"A45..45",1,51,2021
"A45..45",NA,52,2021
"A46..46",NA,1,2021
"A46..46",NA,2,2021
"A46..46",NA,3,2021
"A46..46",NA,4,2021
"A46..46",1,5,2021
"A46..46",NA,6,2021
"A46..46",NA,7,2021
"A46..46",NA,8,2021
"A46..46",NA,9,2021
"A46..46",NA,10,2021
"A46..46",1,11,2021
"A46..46",NA,12,2021
"A46..46",1,13,2021
"A46..46",NA,14,2021
"A46..46",NA,15,2021
"A46..46",NA,16,2021
"A46..46",NA,17,2021
"A46..46",2,18,2021
"A46..46",NA,19,2021
"A46..46",NA,20,2021
"A46..46",NA,21,2021
"A46..46",NA,22,2021
"A46..46",NA,23,2021
"A46..46",NA,24,2021
"A46..46",1,25,2021
"A46..46",NA,26,2021
"A46..46",2,27,2021
"A46..46",NA,28,2021
"A46..46",NA,29,2021
"A46..46",NA,30,2021
"A46..46",2,31,2021
"A46..46",1,32,2021
"A46..46",1,33,2021
"A46..46",NA,34,2021
"A46..46",1,35,2021
"A46..46",NA,36,2021
"A46..46",1,37,2021
"A46..46",2,38,2021
"A46..46",1,39,2021
"A46..46",NA,40,2021
"A46..46",NA,41,2021
"A46..46",1,42,2021
"A46..46",NA,43,2021
"A46..46",1,44,2021
"A46..46",2,45,2021
"A46..46",1,46,2021
"A46..46",NA,47,2021
"A46..46",NA,48,2021
"A46..46",NA,49,2021
"A46..46",NA,50,2021
"A46..46",NA,51,2021
"A46..46",NA,52,2021
"A47..47",NA,1,2021
"A47..47",NA,2,2021
"A47..47",1,3,2021
"A47..47",1,4,2021
"A47..47",1,5,2021
"A47..47",1,6,2021
"A47..47",NA,7,2021
"A47..47",NA,8,2021
"A47..47",NA,9,2021
"A47..47",NA,10,2021
"A47..47",1,11,2021
"A47..47",NA,12,2021
"A47..47",NA,13,2021
"A47..47",1,14,2021
"A47..47",NA,15,2021
"A47..47",NA,16,2021
"A47..47",1,17,2021
"A47..47",NA,18,2021
"A47..47",1,19,2021
"A47..47",1,20,2021
"A47..47",NA,21,2021
"A47..47",NA,22,2021
"A47..47",NA,23,2021
"A47..47",1,24,2021
"A47..47",NA,25,2021
"A47..47",1,26,2021
"A47..47",1,27,2021
"A47..47",NA,28,2021
"A47..47",NA,29,2021
"A47..47",NA,30,2021
"A47..47",NA,31,2021
"A47..47",2,32,2021
"A47..47",2,33,2021
"A47..47",NA,34,2021
"A47..47",NA,35,2021
"A47..47",NA,36,2021
"A47..47",NA,37,2021
"A47..47",NA,38,2021
"A47..47",NA,39,2021
"A47..47",NA,40,2021
"A47..47",NA,41,2021
"A47..47",2,42,2021
"A47..47",3,43,2021
"A47..47",NA,44,2021
"A47..47",NA,45,2021
"A47..47",NA,46,2021
"A47..47",1,47,2021
"A47..47",NA,48,2021
"A47..47",NA,49,2021
"A47..47",1,50,2021
"A47..47",1,51,2021
"A47..47",NA,52,2021
"A48..48",NA,1,2021
"A48..48",1,2,2021
"A48..48",NA,3,2021
"A48..48",NA,4,2021
"A48..48",1,5,2021
"A48..48",1,6,2021
"A48..48",NA,7,2021
"A48..48",NA,8,2021
"A48..48",NA,9,2021
"A48..48",NA,10,2021
"A48..48",NA,11,2021
"A48..48",NA,12,2021
"A48..48",NA,13,2021
"A48..48",2,14,2021
"A48..48",1,15,2021
"A48..48",NA,16,2021
"A48..48",1,17,2021
"A48..48",NA,18,2021
"A48..48",NA,19,2021
"A48..48",NA,20,2021
"A48..48",NA,21,2021
"A48..48",1,22,2021
"A48..48",NA,23,2021
"A48..48",NA,24,2021
"A48..48",NA,25,2021
"A48..48",1,26,2021
"A48..48",NA,27,2021
"A48..48",NA,28,2021
"A48..48",NA,29,2021
"A48..48",NA,30,2021
"A48..48",NA,31,2021
"A48..48",NA,32,2021
"A48..48",NA,33,2021
"A48..48",1,34,2021
"A48..48",2,35,2021
"A48..48",NA,36,2021
"A48..48",1,37,2021
"A48..48",NA,38,2021
"A48..48",NA,39,2021
"A48..48",NA,40,2021
"A48..48",NA,41,2021
"A48..48",1,42,2021
"A48..48",NA,43,2021
"A48..48",NA,44,2021
"A48..48",NA,45,2021
"A48..48",1,46,2021
"A48..48",1,47,2021
"A48..48",NA,48,2021
"A48..48",1,49,2021
"A48..48",1,50,2021
"A48..48",NA,51,2021
"A48..48",NA,52,2021
"A49..49",2,1,2021
"A49..49",1,2,2021
"A49..49",1,3,2021
"A49..49",1,4,2021
"A49..49",1,5,2021
"A49..49",NA,6,2021
"A49..49",NA,7,2021
"A49..49",NA,8,2021
"A49..49",NA,9,2021
"A49..49",NA,10,2021
"A49..49",NA,11,2021
"A49..49",NA,12,2021
"A49..49",NA,13,2021
"A49..49",NA,14,2021
"A49..49",NA,15,2021
"A49..49",NA,16,2021
"A49..49",NA,17,2021
"A49..49",NA,18,2021
"A49..49",1,19,2021
"A49..49",2,20,2021
"A49..49",1,21,2021
"A49..49",1,22,2021
"A49..49",NA,23,2021
"A49..49",NA,24,2021
"A49..49",NA,25,2021
"A49..49",NA,26,2021
"A49..49",NA,27,2021
"A49..49",NA,28,2021
"A49..49",1,29,2021
"A49..49",2,30,2021
"A49..49",NA,31,2021
"A49..49",NA,32,2021
"A49..49",NA,33,2021
"A49..49",3,34,2021
"A49..49",NA,35,2021
"A49..49",2,36,2021
"A49..49",1,37,2021
"A49..49",1,38,2021
"A49..49",NA,39,2021
"A49..49",NA,40,2021
"A49..49",1,41,2021
"A49..49",NA,42,2021
"A49..49",NA,43,2021
"A49..49",1,44,2021
"A49..49",NA,45,2021
"A49..49",1,46,2021
"A49..49",1,47,2021
"A49..49",NA,48,2021
"A49..49",1,49,2021
"A49..49",NA,50,2021
"A49..49",NA,51,2021
"A49..49",NA,52,2021
"A50..50",1,1,2021
"A50..50",NA,2,2021
"A50..50",NA,3,2021
"A50..50",1,4,2021
"A50..50",NA,5,2021
"A50..50",1,6,2021
"A50..50",1,7,2021
"A50..50",NA,8,2021
"A50..50",NA,9,2021
"A50..50",NA,10,2021
"A50..50",2,11,2021
"A50..50",1,12,2021
"A50..50",NA,13,2021
"A50..50",1,14,2021
"A50..50",NA,15,2021
"A50..50",1,16,2021
"A50..50",NA,17,2021
"A50..50",3,18,2021
"A50..50",1,19,2021
"A50..50",NA,20,2021
"A50..50",NA,21,2021
"A50..50",NA,22,2021
"A50..50",NA,23,2021
"A50..50",NA,24,2021
"A50..50",NA,25,2021
"A50..50",NA,26,2021
"A50..50",1,27,2021
"A50..50",2,28,2021
"A50..50",3,29,2021
"A50..50",NA,30,2021
"A50..50",3,31,2021
"A50..50",1,32,2021
"A50..50",2,33,2021
"A50..50",1,34,2021
"A50..50",NA,35,2021
"A50..50",3,36,2021
"A50..50",2,37,2021
"A50..50",1,38,2021
"A50..50",2,39,2021
"A50..50",1,40,2021
"A50..50",NA,41,2021
"A50..50",1,42,2021
"A50..50",1,43,2021
"A50..50",1,44,2021
"A50..50",2,45,2021
"A50..50",1,46,2021
"A50..50",1,47,2021
"A50..50",2,48,2021
"A50..50",NA,49,2021
"A50..50",NA,50,2021
"A50..50",NA,51,2021
"A50..50",1,52,2021
"A51..51",1,1,2021
"A51..51",NA,2,2021
"A51..51",2,3,2021
"A51..51",NA,4,2021
"A51..51",1,5,2021
"A51..51",NA,6,2021
"A51..51",NA,7,2021
"A51..51",NA,8,2021
"A51..51",2,9,2021
"A51..51",2,10,2021
"A51..51",NA,11,2021
"A51..51",1,12,2021
"A51..51",NA,13,2021
"A51..51",1,14,2021
"A51..51",1,15,2021
"A51..51",1,16,2021
"A51..51",2,17,2021
"A51..51",1,18,2021
"A51..51",2,19,2021
"A51..51",NA,20,2021
"A51..51",2,21,2021
"A51..51",2,22,2021
"A51..51",2,23,2021
"A51..51",2,24,2021
"A51..51",NA,25,2021
"A51..51",NA,26,2021
"A51..51",NA,27,2021
"A51..51",NA,28,2021
"A51..51",1,29,2021
"A51..51",NA,30,2021
"A51..51",NA,31,2021
"A51..51",NA,32,2021
"A51..51",2,33,2021
"A51..51",1,34,2021
"A51..51",2,35,2021
"A51..51",1,36,2021
"A51..51",1,37,2021
"A51..51",NA,38,2021
"A51..51",2,39,2021
"A51..51",NA,40,2021
"A51..51",NA,41,2021
"A51..51",NA,42,2021
"A51..51",1,43,2021
"A51..51",1,44,2021
"A51..51",1,45,2021
"A51..51",1,46,2021
"A51..51",NA,47,2021
"A51..51",NA,48,2021
"A51..51",1,49,2021
"A51..51",NA,50,2021
"A51..51",1,51,2021
"A51..51",NA,52,2021
"A52..52",NA,1,2021
"A52..52",NA,2,2021
"A52..52",2,3,2021
"A52..52",NA,4,2021
"A52..52",1,5,2021
"A52..52",1,6,2021
"A52..52",NA,7,2021
"A52..52",2,8,2021
"A52..52",1,9,2021
"A52..52",2,10,2021
"A52..52",1,11,2021
"A52..52",NA,12,2021
"A52..52",NA,13,2021
"A52..52",1,14,2021
"A52..52",1,15,2021
"A52..52",NA,16,2021
"A52..52",2,17,2021
"A52..52",NA,18,2021
"A52..52",1,19,2021
"A52..52",1,20,2021
"A52..52",2,21,2021
"A52..52",NA,22,2021
"A52..52",2,23,2021
"A52..52",NA,24,2021
"A52..52",1,25,2021
"A52..52",1,26,2021
"A52..52",1,27,2021
"A52..52",NA,28,2021
"A52..52",2,29,2021
"A52..52",1,30,2021
"A52..52",NA,31,2021
"A52..52",1,32,2021
"A52..52",NA,33,2021
"A52..52",1,34,2021
"A52..52",1,35,2021
"A52..52",1,36,2021
"A52..52",1,37,2021
"A52..52",NA,38,2021
"A52..52",2,39,2021
"A52..52",NA,40,2021
"A52..52",1,41,2021
"A52..52",NA,42,2021
"A52..52",2,43,2021
"A52..52",NA,44,2021
"A52..52",NA,45,2021
"A52..52",1,46,2021
"A52..52",1,47,2021
"A52..52",1,48,2021
"A52..52",2,49,2021
"A52..52",NA,50,2021
"A52..52",NA,51,2021
"A52..52",1,52,2021
"A53..53",1,1,2021
"A53..53",NA,2,2021
"A53..53",NA,3,2021
"A53..53",2,4,2021
"A53..53",2,5,2021
"A53..53",1,6,2021
"A53..53",1,7,2021
"A53..53",2,8,2021
"A53..53",1,9,2021
"A53..53",NA,10,2021
"A53..53",NA,11,2021
"A53..53",4,12,2021
"A53..53",NA,13,2021
"A53..53",NA,14,2021
"A53..53",NA,15,2021
"A53..53",NA,16,2021
"A53..53",NA,17,2021
"A53..53",NA,18,2021
"A53..53",NA,19,2021
"A53..53",1,20,2021
"A53..53",1,21,2021
"A53..53",NA,22,2021
"A53..53",2,23,2021
"A53..53",1,24,2021
"A53..53",1,25,2021
"A53..53",1,26,2021
"A53..53",2,27,2021
"A53..53",1,28,2021
"A53..53",NA,29,2021
"A53..53",1,30,2021
"A53..53",1,31,2021
"A53..53",2,32,2021
"A53..53",2,33,2021
"A53..53",4,34,2021
"A53..53",1,35,2021
"A53..53",NA,36,2021
"A53..53",NA,37,2021
"A53..53",NA,38,2021
"A53..53",NA,39,2021
"A53..53",2,40,2021
"A53..53",NA,41,2021
"A53..53",2,42,2021
"A53..53",1,43,2021
"A53..53",1,44,2021
"A53..53",2,45,2021
"A53..53",1,46,2021
"A53..53",2,47,2021
"A53..53",1,48,2021
"A53..53",1,49,2021
"A53..53",1,50,2021
"A53..53",NA,51,2021
"A53..53",2,52,2021
"A54..54",1,1,2021
"A54..54",NA,2,2021
"A54..54",NA,3,2021
"A54..54",1,4,2021
"A54..54",NA,5,2021
"A54..54",NA,6,2021
"A54..54",1,7,2021
"A54..54",1,8,2021
"A54..54",1,9,2021
"A54..54",1,10,2021
"A54..54",NA,11,2021
"A54..54",NA,12,2021
"A54..54",NA,13,2021
"A54..54",NA,14,2021
"A54..54",1,15,2021
"A54..54",NA,16,2021
"A54..54",NA,17,2021
"A54..54",1,18,2021
"A54..54",NA,19,2021
"A54..54",2,20,2021
"A54..54",1,21,2021
"A54..54",2,22,2021
"A54..54",NA,23,2021
"A54..54",NA,24,2021
"A54..54",2,25,2021
"A54..54",1,26,2021
"A54..54",1,27,2021
"A54..54",1,28,2021
"A54..54",1,29,2021
"A54..54",1,30,2021
"A54..54",1,31,2021
"A54..54",1,32,2021
"A54..54",NA,33,2021
"A54..54",1,34,2021
"A54..54",NA,35,2021
"A54..54",1,36,2021
"A54..54",1,37,2021
"A54..54",NA,38,2021
"A54..54",1,39,2021
"A54..54",2,40,2021
"A54..54",NA,41,2021
"A54..54",NA,42,2021
"A54..54",NA,43,2021
"A54..54",NA,44,2021
"A54..54",NA,45,2021
"A54..54",3,46,2021
"A54..54",NA,47,2021
"A54..54",2,48,2021
"A54..54",NA,49,2021
"A54..54",1,50,2021
"A54..54",1,51,2021
"A54..54",2,52,2021
"A55..55",NA,1,2021
"A55..55",NA,2,2021
"A55..55",3,3,2021
"A55..55",2,4,2021
"A55..55",NA,5,2021
"A55..55",NA,6,2021
"A55..55",1,7,2021
"A55..55",2,8,2021
"A55..55",1,9,2021
"A55..55",2,10,2021
"A55..55",1,11,2021
"A55..55",NA,12,2021
"A55..55",NA,13,2021
"A55..55",1,14,2021
"A55..55",1,15,2021
"A55..55",NA,16,2021
"A55..55",NA,17,2021
"A55..55",1,18,2021
"A55..55",2,19,2021
"A55..55",2,20,2021
"A55..55",NA,21,2021
"A55..55",3,22,2021
"A55..55",1,23,2021
"A55..55",1,24,2021
"A55..55",1,25,2021
"A55..55",1,26,2021
"A55..55",NA,27,2021
"A55..55",1,28,2021
"A55..55",3,29,2021
"A55..55",NA,30,2021
"A55..55",1,31,2021
"A55..55",1,32,2021
"A55..55",3,33,2021
"A55..55",2,34,2021
"A55..55",NA,35,2021
"A55..55",3,36,2021
"A55..55",3,37,2021
"A55..55",3,38,2021
"A55..55",1,39,2021
"A55..55",1,40,2021
"A55..55",2,41,2021
"A55..55",NA,42,2021
"A55..55",1,43,2021
"A55..55",2,44,2021
"A55..55",NA,45,2021
"A55..55",NA,46,2021
"A55..55",1,47,2021
"A55..55",NA,48,2021
"A55..55",2,49,2021
"A55..55",1,50,2021
"A55..55",1,51,2021
"A55..55",NA,52,2021
"A56..56",NA,1,2021
"A56..56",1,2,2021
"A56..56",NA,3,2021
"A56..56",NA,4,2021
"A56..56",NA,5,2021
"A56..56",4,6,2021
"A56..56",NA,7,2021
"A56..56",1,8,2021
"A56..56",NA,9,2021
"A56..56",1,10,2021
"A56..56",2,11,2021
"A56..56",3,12,2021
"A56..56",NA,13,2021
"A56..56",1,14,2021
"A56..56",1,15,2021
"A56..56",1,16,2021
"A56..56",NA,17,2021
"A56..56",2,18,2021
"A56..56",NA,19,2021
"A56..56",NA,20,2021
"A56..56",NA,21,2021
"A56..56",NA,22,2021
"A56..56",NA,23,2021
"A56..56",NA,24,2021
"A56..56",NA,25,2021
"A56..56",2,26,2021
"A56..56",NA,27,2021
"A56..56",2,28,2021
"A56..56",NA,29,2021
"A56..56",1,30,2021
"A56..56",1,31,2021
"A56..56",1,32,2021
"A56..56",NA,33,2021
"A56..56",NA,34,2021
"A56..56",1,35,2021
"A56..56",1,36,2021
"A56..56",NA,37,2021
"A56..56",1,38,2021
"A56..56",NA,39,2021
"A56..56",1,40,2021
"A56..56",2,41,2021
"A56..56",NA,42,2021
"A56..56",NA,43,2021
"A56..56",1,44,2021
"A56..56",1,45,2021
"A56..56",4,46,2021
"A56..56",1,47,2021
"A56..56",1,48,2021
"A56..56",NA,49,2021
"A56..56",1,50,2021
"A56..56",1,51,2021
"A56..56",NA,52,2021
"A57..57",3,1,2021
"A57..57",1,2,2021
"A57..57",4,3,2021
"A57..57",3,4,2021
"A57..57",NA,5,2021
"A57..57",1,6,2021
"A57..57",NA,7,2021
"A57..57",NA,8,2021
"A57..57",4,9,2021
"A57..57",3,10,2021
"A57..57",NA,11,2021
"A57..57",1,12,2021
"A57..57",NA,13,2021
"A57..57",4,14,2021
"A57..57",NA,15,2021
"A57..57",4,16,2021
"A57..57",NA,17,2021
"A57..57",1,18,2021
"A57..57",NA,19,2021
"A57..57",2,20,2021
"A57..57",NA,21,2021
"A57..57",1,22,2021
"A57..57",3,23,2021
"A57..57",2,24,2021
"A57..57",NA,25,2021
"A57..57",NA,26,2021
"A57..57",4,27,2021
"A57..57",1,28,2021
"A57..57",NA,29,2021
"A57..57",NA,30,2021
"A57..57",1,31,2021
"A57..57",2,32,2021
"A57..57",NA,33,2021
"A57..57",NA,34,2021
"A57..57",4,35,2021
"A57..57",NA,36,2021
"A57..57",1,37,2021
"A57..57",1,38,2021
"A57..57",2,39,2021
"A57..57",1,40,2021
"A57..57",1,41,2021
"A57..57",NA,42,2021
"A57..57",1,43,2021
"A57..57",1,44,2021
"A57..57",2,45,2021
"A57..57",1,46,2021
"A57..57",2,47,2021
"A57..57",NA,48,2021
"A57..57",1,49,2021
"A57..57",1,50,2021
"A57..57",1,51,2021
"A57..57",NA,52,2021
"A58..58",NA,1,2021
"A58..58",2,2,2021
"A58..58",1,3,2021
"A58..58",1,4,2021
"A58..58",2,5,2021
"A58..58",1,6,2021
"A58..58",NA,7,2021
"A58..58",3,8,2021
"A58..58",2,9,2021
"A58..58",NA,10,2021
"A58..58",1,11,2021
"A58..58",NA,12,2021
"A58..58",1,13,2021
"A58..58",NA,14,2021
"A58..58",1,15,2021
"A58..58",NA,16,2021
"A58..58",3,17,2021
"A58..58",1,18,2021
"A58..58",3,19,2021
"A58..58",2,20,2021
"A58..58",1,21,2021
"A58..58",2,22,2021
"A58..58",NA,23,2021
"A58..58",1,24,2021
"A58..58",1,25,2021
"A58..58",2,26,2021
"A58..58",NA,27,2021
"A58..58",1,28,2021
"A58..58",1,29,2021
"A58..58",2,30,2021
"A58..58",1,31,2021
"A58..58",2,32,2021
"A58..58",1,33,2021
"A58..58",2,34,2021
"A58..58",3,35,2021
"A58..58",1,36,2021
"A58..58",1,37,2021
"A58..58",2,38,2021
"A58..58",5,39,2021
"A58..58",1,40,2021
"A58..58",1,41,2021
"A58..58",2,42,2021
"A58..58",2,43,2021
"A58..58",1,44,2021
"A58..58",NA,45,2021
"A58..58",3,46,2021
"A58..58",1,47,2021
"A58..58",NA,48,2021
"A58..58",NA,49,2021
"A58..58",1,50,2021
"A58..58",2,51,2021
"A58..58",1,52,2021
"A59..59",4,1,2021
"A59..59",3,2,2021
"A59..59",2,3,2021
"A59..59",2,4,2021
"A59..59",2,5,2021
"A59..59",1,6,2021
"A59..59",1,7,2021
"A59..59",NA,8,2021
"A59..59",NA,9,2021
"A59..59",NA,10,2021
"A59..59",1,11,2021
"A59..59",NA,12,2021
"A59..59",2,13,2021
"A59..59",1,14,2021
"A59..59",2,15,2021
"A59..59",3,16,2021
"A59..59",1,17,2021
"A59..59",NA,18,2021
"A59..59",3,19,2021
"A59..59",2,20,2021
"A59..59",NA,21,2021
"A59..59",3,22,2021
"A59..59",NA,23,2021
"A59..59",NA,24,2021
"A59..59",1,25,2021
"A59..59",2,26,2021
"A59..59",2,27,2021
"A59..59",NA,28,2021
"A59..59",NA,29,2021
"A59..59",3,30,2021
"A59..59",3,31,2021
"A59..59",NA,32,2021
"A59..59",1,33,2021
"A59..59",1,34,2021
"A59..59",2,35,2021
"A59..59",1,36,2021
"A59..59",1,37,2021
"A59..59",2,38,2021
"A59..59",NA,39,2021
"A59..59",2,40,2021
"A59..59",1,41,2021
"A59..59",1,42,2021
"A59..59",1,43,2021
"A59..59",1,44,2021
"A59..59",3,45,2021
"A59..59",1,46,2021
"A59..59",2,47,2021
"A59..59",NA,48,2021
"A59..59",2,49,2021
"A59..59",2,50,2021
"A59..59",NA,51,2021
"A59..59",1,52,2021
"A60..60",1,1,2021
"A60..60",3,2,2021
"A60..60",NA,3,2021
"A60..60",1,4,2021
"A60..60",1,5,2021
"A60..60",3,6,2021
"A60..60",1,7,2021
"A60..60",NA,8,2021
"A60..60",NA,9,2021
"A60..60",NA,10,2021
"A60..60",NA,11,2021
"A60..60",3,12,2021
"A60..60",2,13,2021
"A60..60",1,14,2021
"A60..60",1,15,2021
"A60..60",1,16,2021
"A60..60",2,17,2021
"A60..60",1,18,2021
"A60..60",NA,19,2021
"A60..60",NA,20,2021
"A60..60",NA,21,2021
"A60..60",NA,22,2021
"A60..60",1,23,2021
"A60..60",NA,24,2021
"A60..60",2,25,2021
"A60..60",NA,26,2021
"A60..60",2,27,2021
"A60..60",1,28,2021
"A60..60",2,29,2021
"A60..60",2,30,2021
"A60..60",NA,31,2021
"A60..60",2,32,2021
"A60..60",2,33,2021
"A60..60",2,34,2021
"A60..60",2,35,2021
"A60..60",NA,36,2021
"A60..60",1,37,2021
"A60..60",NA,38,2021
"A60..60",2,39,2021
"A60..60",1,40,2021
"A60..60",NA,41,2021
"A60..60",NA,42,2021
"A60..60",1,43,2021
"A60..60",1,44,2021
"A60..60",2,45,2021
"A60..60",3,46,2021
"A60..60",NA,47,2021
"A60..60",1,48,2021
"A60..60",3,49,2021
"A60..60",3,50,2021
"A60..60",1,51,2021
"A60..60",5,52,2021
"A61..61",1,1,2021
"A61..61",1,2,2021
"A61..61",NA,3,2021
"A61..61",1,4,2021
"A61..61",3,5,2021
"A61..61",1,6,2021
"A61..61",NA,7,2021
"A61..61",NA,8,2021
"A61..61",1,9,2021
"A61..61",5,10,2021
"A61..61",1,11,2021
"A61..61",1,12,2021
"A61..61",1,13,2021
"A61..61",1,14,2021
"A61..61",2,15,2021
"A61..61",1,16,2021
"A61..61",NA,17,2021
"A61..61",1,18,2021
"A61..61",NA,19,2021
"A61..61",NA,20,2021
"A61..61",3,21,2021
"A61..61",NA,22,2021
"A61..61",NA,23,2021
"A61..61",2,24,2021
"A61..61",1,25,2021
"A61..61",2,26,2021
"A61..61",1,27,2021
"A61..61",1,28,2021
"A61..61",2,29,2021
"A61..61",2,30,2021
"A61..61",1,31,2021
"A61..61",3,32,2021
"A61..61",2,33,2021
"A61..61",NA,34,2021
"A61..61",2,35,2021
"A61..61",3,36,2021
"A61..61",NA,37,2021
"A61..61",1,38,2021
"A61..61",2,39,2021
"A61..61",1,40,2021
"A61..61",1,41,2021
"A61..61",3,42,2021
"A61..61",NA,43,2021
"A61..61",2,44,2021
"A61..61",1,45,2021
"A61..61",2,46,2021
"A61..61",2,47,2021
"A61..61",1,48,2021
"A61..61",NA,49,2021
"A61..61",NA,50,2021
"A61..61",1,51,2021
"A61..61",1,52,2021
"A62..62",NA,1,2021
"A62..62",2,2,2021
"A62..62",1,3,2021
"A62..62",1,4,2021
"A62..62",3,5,2021
"A62..62",1,6,2021
"A62..62",3,7,2021
"A62..62",NA,8,2021
"A62..62",1,9,2021
"A62..62",1,10,2021
"A62..62",3,11,2021
"A62..62",1,12,2021
"A62..62",2,13,2021
"A62..62",NA,14,2021
"A62..62",NA,15,2021
"A62..62",NA,16,2021
"A62..62",1,17,2021
"A62..62",1,18,2021
"A62..62",1,19,2021
"A62..62",2,20,2021
"A62..62",1,21,2021
"A62..62",2,22,2021
"A62..62",2,23,2021
"A62..62",1,24,2021
"A62..62",1,25,2021
"A62..62",1,26,2021
"A62..62",4,27,2021
"A62..62",1,28,2021
"A62..62",NA,29,2021
"A62..62",NA,30,2021
"A62..62",NA,31,2021
"A62..62",1,32,2021
"A62..62",1,33,2021
"A62..62",1,34,2021
"A62..62",1,35,2021
"A62..62",2,36,2021
"A62..62",NA,37,2021
"A62..62",2,38,2021
"A62..62",NA,39,2021
"A62..62",NA,40,2021
"A62..62",NA,41,2021
"A62..62",1,42,2021
"A62..62",3,43,2021
"A62..62",NA,44,2021
"A62..62",2,45,2021
"A62..62",NA,46,2021
"A62..62",2,47,2021
"A62..62",NA,48,2021
"A62..62",2,49,2021
"A62..62",2,50,2021
"A62..62",NA,51,2021
"A62..62",NA,52,2021
"A63..63",1,1,2021
"A63..63",NA,2,2021
"A63..63",1,3,2021
"A63..63",NA,4,2021
"A63..63",1,5,2021
"A63..63",1,6,2021
"A63..63",3,7,2021
"A63..63",2,8,2021
"A63..63",NA,9,2021
"A63..63",NA,10,2021
"A63..63",2,11,2021
"A63..63",NA,12,2021
"A63..63",NA,13,2021
"A63..63",2,14,2021
"A63..63",2,15,2021
"A63..63",NA,16,2021
"A63..63",2,17,2021
"A63..63",NA,18,2021
"A63..63",2,19,2021
"A63..63",5,20,2021
"A63..63",1,21,2021
"A63..63",1,22,2021
"A63..63",NA,23,2021
"A63..63",2,24,2021
"A63..63",2,25,2021
"A63..63",1,26,2021
"A63..63",1,27,2021
"A63..63",NA,28,2021
"A63..63",1,29,2021
"A63..63",1,30,2021
"A63..63",2,31,2021
"A63..63",1,32,2021
"A63..63",3,33,2021
"A63..63",3,34,2021
"A63..63",2,35,2021
"A63..63",1,36,2021
"A63..63",2,37,2021
"A63..63",1,38,2021
"A63..63",NA,39,2021
"A63..63",2,40,2021
"A63..63",2,41,2021
"A63..63",NA,42,2021
"A63..63",NA,43,2021
"A63..63",2,44,2021
"A63..63",2,45,2021
"A63..63",2,46,2021
"A63..63",NA,47,2021
"A63..63",3,48,2021
"A63..63",4,49,2021
"A63..63",NA,50,2021
"A63..63",3,51,2021
"A63..63",1,52,2021
"A64..64",1,1,2021
"A64..64",1,2,2021
"A64..64",1,3,2021
"A64..64",1,4,2021
"A64..64",2,5,2021
"A64..64",2,6,2021
"A64..64",NA,7,2021
"A64..64",NA,8,2021
"A64..64",NA,9,2021
"A64..64",NA,10,2021
"A64..64",2,11,2021
"A64..64",NA,12,2021
"A64..64",2,13,2021
"A64..64",NA,14,2021
"A64..64",NA,15,2021
"A64..64",1,16,2021
"A64..64",NA,17,2021
"A64..64",3,18,2021
"A64..64",1,19,2021
"A64..64",3,20,2021
"A64..64",1,21,2021
"A64..64",NA,22,2021
"A64..64",2,23,2021
"A64..64",5,24,2021
"A64..64",1,25,2021
"A64..64",1,26,2021
"A64..64",2,27,2021
"A64..64",1,28,2021
"A64..64",2,29,2021
"A64..64",2,30,2021
"A64..64",3,31,2021
"A64..64",2,32,2021
"A64..64",2,33,2021
"A64..64",NA,34,2021
"A64..64",2,35,2021
"A64..64",2,36,2021
"A64..64",NA,37,2021
"A64..64",NA,38,2021
"A64..64",2,39,2021
"A64..64",2,40,2021
"A64..64",3,41,2021
"A64..64",1,42,2021
"A64..64",NA,43,2021
"A64..64",2,44,2021
"A64..64",2,45,2021
"A64..64",1,46,2021
"A64..64",2,47,2021
"A64..64",NA,48,2021
"A64..64",2,49,2021
"A64..64",1,50,2021
"A64..64",1,51,2021
"A64..64",1,52,2021
"A65..65",NA,1,2021
"A65..65",NA,2,2021
"A65..65",2,3,2021
"A65..65",2,4,2021
"A65..65",2,5,2021
"A65..65",1,6,2021
"A65..65",1,7,2021
"A65..65",2,8,2021
"A65..65",NA,9,2021
"A65..65",NA,10,2021
"A65..65",1,11,2021
"A65..65",2,12,2021
"A65..65",1,13,2021
"A65..65",5,14,2021
"A65..65",1,15,2021
"A65..65",2,16,2021
"A65..65",2,17,2021
"A65..65",NA,18,2021
"A65..65",NA,19,2021
"A65..65",NA,20,2021
"A65..65",NA,21,2021
"A65..65",NA,22,2021
"A65..65",3,23,2021
"A65..65",1,24,2021
"A65..65",1,25,2021
"A65..65",1,26,2021
"A65..65",3,27,2021
"A65..65",NA,28,2021
"A65..65",NA,29,2021
"A65..65",3,30,2021
"A65..65",5,31,2021
"A65..65",NA,32,2021
"A65..65",1,33,2021
"A65..65",NA,34,2021
"A65..65",1,35,2021
"A65..65",1,36,2021
"A65..65",NA,37,2021
"A65..65",3,38,2021
"A65..65",1,39,2021
"A65..65",3,40,2021
"A65..65",3,41,2021
"A65..65",1,42,2021
"A65..65",1,43,2021
"A65..65",1,44,2021
"A65..65",1,45,2021
"A65..65",NA,46,2021
"A65..65",1,47,2021
"A65..65",NA,48,2021
"A65..65",NA,49,2021
"A65..65",NA,50,2021
"A65..65",NA,51,2021
"A65..65",4,52,2021
"A66..66",1,1,2021
"A66..66",NA,2,2021
"A66..66",NA,3,2021
"A66..66",3,4,2021
"A66..66",2,5,2021
"A66..66",NA,6,2021
"A66..66",NA,7,2021
"A66..66",NA,8,2021
"A66..66",2,9,2021
"A66..66",2,10,2021
"A66..66",NA,11,2021
"A66..66",1,12,2021
"A66..66",2,13,2021
"A66..66",1,14,2021
"A66..66",NA,15,2021
"A66..66",3,16,2021
"A66..66",2,17,2021
"A66..66",4,18,2021
"A66..66",1,19,2021
"A66..66",2,20,2021
"A66..66",NA,21,2021
"A66..66",NA,22,2021
"A66..66",2,23,2021
"A66..66",2,24,2021
"A66..66",NA,25,2021
"A66..66",1,26,2021
"A66..66",2,27,2021
"A66..66",1,28,2021
"A66..66",4,29,2021
"A66..66",1,30,2021
"A66..66",2,31,2021
"A66..66",1,32,2021
"A66..66",1,33,2021
"A66..66",NA,34,2021
"A66..66",2,35,2021
"A66..66",1,36,2021
"A66..66",2,37,2021
"A66..66",NA,38,2021
"A66..66",NA,39,2021
"A66..66",2,40,2021
"A66..66",1,41,2021
"A66..66",2,42,2021
"A66..66",1,43,2021
"A66..66",NA,44,2021
"A66..66",1,45,2021
"A66..66",1,46,2021
"A66..66",NA,47,2021
"A66..66",NA,48,2021
"A66..66",NA,49,2021
"A66..66",2,50,2021
"A66..66",NA,51,2021
"A66..66",1,52,2021
"A67..67",NA,1,2021
"A67..67",1,2,2021
"A67..67",3,3,2021
"A67..67",2,4,2021
"A67..67",NA,5,2021
"A67..67",2,6,2021
"A67..67",NA,7,2021
"A67..67",6,8,2021
"A67..67",NA,9,2021
"A67..67",1,10,2021
"A67..67",2,11,2021
"A67..67",1,12,2021
"A67..67",NA,13,2021
"A67..67",1,14,2021
"A67..67",3,15,2021
"A67..67",1,16,2021
"A67..67",1,17,2021
"A67..67",1,18,2021
"A67..67",1,19,2021
"A67..67",2,20,2021
"A67..67",1,21,2021
"A67..67",NA,22,2021
"A67..67",NA,23,2021
"A67..67",2,24,2021
"A67..67",1,25,2021
"A67..67",3,26,2021
"A67..67",NA,27,2021
"A67..67",2,28,2021
"A67..67",1,29,2021
"A67..67",NA,30,2021
"A67..67",NA,31,2021
"A67..67",3,32,2021
"A67..67",1,33,2021
"A67..67",6,34,2021
"A67..67",1,35,2021
"A67..67",NA,36,2021
"A67..67",3,37,2021
"A67..67",NA,38,2021
"A67..67",2,39,2021
"A67..67",2,40,2021
"A67..67",1,41,2021
"A67..67",3,42,2021
"A67..67",2,43,2021
"A67..67",3,44,2021
"A67..67",1,45,2021
"A67..67",1,46,2021
"A67..67",1,47,2021
"A67..67",2,48,2021
"A67..67",1,49,2021
"A67..67",NA,50,2021
"A67..67",1,51,2021
"A67..67",NA,52,2021
"A68..68",2,1,2021
"A68..68",NA,2,2021
"A68..68",1,3,2021
"A68..68",3,4,2021
"A68..68",3,5,2021
"A68..68",2,6,2021
"A68..68",1,7,2021
"A68..68",1,8,2021
"A68..68",1,9,2021
"A68..68",3,10,2021
"A68..68",NA,11,2021
"A68..68",1,12,2021
"A68..68",2,13,2021
"A68..68",NA,14,2021
"A68..68",2,15,2021
"A68..68",2,16,2021
"A68..68",4,17,2021
"A68..68",1,18,2021
"A68..68",1,19,2021
"A68..68",3,20,2021
"A68..68",1,21,2021
"A68..68",NA,22,2021
"A68..68",1,23,2021
"A68..68",1,24,2021
"A68..68",3,25,2021
"A68..68",2,26,2021
"A68..68",3,27,2021
"A68..68",NA,28,2021
"A68..68",1,29,2021
"A68..68",3,30,2021
"A68..68",2,31,2021
"A68..68",NA,32,2021
"A68..68",1,33,2021
"A68..68",4,34,2021
"A68..68",5,35,2021
"A68..68",2,36,2021
"A68..68",2,37,2021
"A68..68",2,38,2021
"A68..68",3,39,2021
"A68..68",NA,40,2021
"A68..68",2,41,2021
"A68..68",2,42,2021
"A68..68",1,43,2021
"A68..68",6,44,2021
"A68..68",2,45,2021
"A68..68",1,46,2021
"A68..68",1,47,2021
"A68..68",NA,48,2021
"A68..68",1,49,2021
"A68..68",NA,50,2021
"A68..68",NA,51,2021
"A68..68",NA,52,2021
"A69..69",NA,1,2021
"A69..69",1,2,2021
"A69..69",1,3,2021
"A69..69",1,4,2021
"A69..69",1,5,2021
"A69..69",2,6,2021
"A69..69",NA,7,2021
"A69..69",NA,8,2021
"A69..69",4,9,2021
"A69..69",2,10,2021
"A69..69",NA,11,2021
"A69..69",2,12,2021
"A69..69",1,13,2021
"A69..69",4,14,2021
"A69..69",2,15,2021
"A69..69",1,16,2021
"A69..69",3,17,2021
"A69..69",1,18,2021
"A69..69",2,19,2021
"A69..69",NA,20,2021
"A69..69",1,21,2021
"A69..69",1,22,2021
"A69..69",NA,23,2021
"A69..69",NA,24,2021
"A69..69",NA,25,2021
"A69..69",1,26,2021
"A69..69",3,27,2021
"A69..69",2,28,2021
"A69..69",NA,29,2021
"A69..69",NA,30,2021
"A69..69",1,31,2021
"A69..69",1,32,2021
"A69..69",1,33,2021
"A69..69",1,34,2021
"A69..69",2,35,2021
"A69..69",1,36,2021
"A69..69",5,37,2021
"A69..69",3,38,2021
"A69..69",2,39,2021
"A69..69",1,40,2021
"A69..69",5,41,2021
"A69..69",NA,42,2021
"A69..69",1,43,2021
"A69..69",2,44,2021
"A69..69",1,45,2021
"A69..69",2,46,2021
"A69..69",1,47,2021
"A69..69",2,48,2021
"A69..69",4,49,2021
"A69..69",1,50,2021
"A69..69",1,51,2021
"A69..69",2,52,2021
"A70..70",2,1,2021
"A70..70",NA,2,2021
"A70..70",1,3,2021
"A70..70",3,4,2021
"A70..70",1,5,2021
"A70..70",1,6,2021
"A70..70",1,7,2021
"A70..70",NA,8,2021
"A70..70",NA,9,2021
"A70..70",3,10,2021
"A70..70",3,11,2021
"A70..70",3,12,2021
"A70..70",1,13,2021
"A70..70",1,14,2021
"A70..70",3,15,2021
"A70..70",1,16,2021
"A70..70",1,17,2021
"A70..70",2,18,2021
"A70..70",1,19,2021
"A70..70",4,20,2021
"A70..70",NA,21,2021
"A70..70",2,22,2021
"A70..70",2,23,2021
"A70..70",3,24,2021
"A70..70",1,25,2021
"A70..70",1,26,2021
"A70..70",1,27,2021
"A70..70",2,28,2021
"A70..70",NA,29,2021
"A70..70",2,30,2021
"A70..70",5,31,2021
"A70..70",1,32,2021
"A70..70",1,33,2021
"A70..70",1,34,2021
"A70..70",3,35,2021
"A70..70",1,36,2021
"A70..70",1,37,2021
"A70..70",NA,38,2021
"A70..70",3,39,2021
"A70..70",2,40,2021
"A70..70",3,41,2021
"A70..70",2,42,2021
"A70..70",2,43,2021
"A70..70",3,44,2021
"A70..70",1,45,2021
"A70..70",1,46,2021
"A70..70",2,47,2021
"A70..70",3,48,2021
"A70..70",2,49,2021
"A70..70",2,50,2021
"A70..70",1,51,2021
"A70..70",2,52,2021
"A71..71",3,1,2021
"A71..71",1,2,2021
"A71..71",1,3,2021
"A71..71",3,4,2021
"A71..71",1,5,2021
"A71..71",1,6,2021
"A71..71",1,7,2021
"A71..71",3,8,2021
"A71..71",1,9,2021
"A71..71",5,10,2021
"A71..71",1,11,2021
"A71..71",1,12,2021
"A71..71",1,13,2021
"A71..71",1,14,2021
"A71..71",4,15,2021
"A71..71",2,16,2021
"A71..71",1,17,2021
"A71..71",1,18,2021
"A71..71",2,19,2021
"A71..71",NA,20,2021
"A71..71",2,21,2021
"A71..71",NA,22,2021
"A71..71",2,23,2021
"A71..71",3,24,2021
"A71..71",1,25,2021
"A71..71",1,26,2021
"A71..71",2,27,2021
"A71..71",NA,28,2021
"A71..71",NA,29,2021
"A71..71",1,30,2021
"A71..71",1,31,2021
"A71..71",1,32,2021
"A71..71",1,33,2021
"A71..71",2,34,2021
"A71..71",2,35,2021
"A71..71",2,36,2021
"A71..71",2,37,2021
"A71..71",NA,38,2021
"A71..71",2,39,2021
"A71..71",1,40,2021
"A71..71",2,41,2021
"A71..71",2,42,2021
"A71..71",2,43,2021
"A71..71",NA,44,2021
"A71..71",2,45,2021
"A71..71",1,46,2021
"A71..71",1,47,2021
"A71..71",1,48,2021
"A71..71",2,49,2021
"A71..71",1,50,2021
"A71..71",3,51,2021
"A71..71",1,52,2021
"A72..72",NA,1,2021
"A72..72",3,2,2021
"A72..72",1,3,2021
"A72..72",NA,4,2021
"A72..72",NA,5,2021
"A72..72",NA,6,2021
"A72..72",3,7,2021
"A72..72",NA,8,2021
"A72..72",1,9,2021
"A72..72",4,10,2021
"A72..72",2,11,2021
"A72..72",3,12,2021
"A72..72",2,13,2021
"A72..72",1,14,2021
"A72..72",1,15,2021
"A72..72",NA,16,2021
"A72..72",3,17,2021
"A72..72",NA,18,2021
"A72..72",2,19,2021
"A72..72",1,20,2021
"A72..72",2,21,2021
"A72..72",1,22,2021
"A72..72",1,23,2021
"A72..72",2,24,2021
"A72..72",3,25,2021
"A72..72",2,26,2021
"A72..72",3,27,2021
"A72..72",2,28,2021
"A72..72",NA,29,2021
"A72..72",3,30,2021
"A72..72",1,31,2021
"A72..72",2,32,2021
"A72..72",2,33,2021
"A72..72",2,34,2021
"A72..72",1,35,2021
"A72..72",4,36,2021
"A72..72",1,37,2021
"A72..72",2,38,2021
"A72..72",1,39,2021
"A72..72",2,40,2021
"A72..72",1,41,2021
"A72..72",1,42,2021
"A72..72",2,43,2021
"A72..72",4,44,2021
"A72..72",1,45,2021
"A72..72",NA,46,2021
"A72..72",2,47,2021
"A72..72",1,48,2021
"A72..72",2,49,2021
"A72..72",2,50,2021
"A72..72",3,51,2021
"A72..72",1,52,2021
"A73..73",2,1,2021
"A73..73",1,2,2021
"A73..73",2,3,2021
"A73..73",2,4,2021
"A73..73",1,5,2021
"A73..73",3,6,2021
"A73..73",2,7,2021
"A73..73",2,8,2021
"A73..73",NA,9,2021
"A73..73",2,10,2021
"A73..73",3,11,2021
"A73..73",1,12,2021
"A73..73",3,13,2021
"A73..73",2,14,2021
"A73..73",1,15,2021
"A73..73",1,16,2021
"A73..73",NA,17,2021
"A73..73",NA,18,2021
"A73..73",NA,19,2021
"A73..73",1,20,2021
"A73..73",2,21,2021
"A73..73",2,22,2021
"A73..73",2,23,2021
"A73..73",2,24,2021
"A73..73",1,25,2021
"A73..73",2,26,2021
"A73..73",2,27,2021
"A73..73",NA,28,2021
"A73..73",2,29,2021
"A73..73",NA,30,2021
"A73..73",1,31,2021
"A73..73",NA,32,2021
"A73..73",NA,33,2021
"A73..73",2,34,2021
"A73..73",2,35,2021
"A73..73",NA,36,2021
"A73..73",NA,37,2021
"A73..73",NA,38,2021
"A73..73",1,39,2021
"A73..73",NA,40,2021
"A73..73",1,41,2021
"A73..73",1,42,2021
"A73..73",1,43,2021
"A73..73",2,44,2021
"A73..73",NA,45,2021
"A73..73",2,46,2021
"A73..73",2,47,2021
"A73..73",2,48,2021
"A73..73",1,49,2021
"A73..73",NA,50,2021
"A73..73",2,51,2021
"A73..73",2,52,2021
"A74..74",1,1,2021
"A74..74",1,2,2021
"A74..74",1,3,2021
"A74..74",NA,4,2021
"A74..74",1,5,2021
"A74..74",1,6,2021
"A74..74",1,7,2021
"A74..74",3,8,2021
"A74..74",1,9,2021
"A74..74",2,10,2021
"A74..74",NA,11,2021
"A74..74",3,12,2021
"A74..74",2,13,2021
"A74..74",2,14,2021
"A74..74",1,15,2021
"A74..74",3,16,2021
"A74..74",1,17,2021
"A74..74",2,18,2021
"A74..74",3,19,2021
"A74..74",4,20,2021
"A74..74",1,21,2021
"A74..74",2,22,2021
"A74..74",1,23,2021
"A74..74",1,24,2021
"A74..74",1,25,2021
"A74..74",2,26,2021
"A74..74",2,27,2021
"A74..74",1,28,2021
"A74..74",4,29,2021
"A74..74",NA,30,2021
"A74..74",1,31,2021
"A74..74",1,32,2021
"A74..74",1,33,2021
"A74..74",1,34,2021
"A74..74",NA,35,2021
"A74..74",2,36,2021
"A74..74",NA,37,2021
"A74..74",1,38,2021
"A74..74",2,39,2021
"A74..74",NA,40,2021
"A74..74",1,41,2021
"A74..74",2,42,2021
"A74..74",3,43,2021
"A74..74",2,44,2021
"A74..74",2,45,2021
"A74..74",1,46,2021
"A74..74",1,47,2021
"A74..74",NA,48,2021
"A74..74",2,49,2021
"A74..74",1,50,2021
"A74..74",1,51,2021
"A74..74",1,52,2021
"A75..75",1,1,2021
"A75..75",NA,2,2021
"A75..75",NA,3,2021
"A75..75",2,4,2021
"A75..75",2,5,2021
"A75..75",2,6,2021
"A75..75",4,7,2021
"A75..75",1,8,2021
"A75..75",2,9,2021
"A75..75",3,10,2021
"A75..75",3,11,2021
"A75..75",1,12,2021
"A75..75",2,13,2021
"A75..75",NA,14,2021
"A75..75",3,15,2021
"A75..75",1,16,2021
"A75..75",5,17,2021
"A75..75",NA,18,2021
"A75..75",NA,19,2021
"A75..75",1,20,2021
"A75..75",NA,21,2021
"A75..75",1,22,2021
"A75..75",2,23,2021
"A75..75",1,24,2021
"A75..75",1,25,2021
"A75..75",NA,26,2021
"A75..75",NA,27,2021
"A75..75",NA,28,2021
"A75..75",2,29,2021
"A75..75",NA,30,2021
"A75..75",NA,31,2021
"A75..75",NA,32,2021
"A75..75",NA,33,2021
"A75..75",2,34,2021
"A75..75",1,35,2021
"A75..75",2,36,2021
"A75..75",1,37,2021
"A75..75",NA,38,2021
"A75..75",2,39,2021
"A75..75",NA,40,2021
"A75..75",1,41,2021
"A75..75",1,42,2021
"A75..75",NA,43,2021
"A75..75",1,44,2021
"A75..75",3,45,2021
"A75..75",2,46,2021
"A75..75",1,47,2021
"A75..75",2,48,2021
"A75..75",3,49,2021
"A75..75",1,50,2021
"A75..75",NA,51,2021
"A75..75",NA,52,2021
"A76..76",1,1,2021
"A76..76",1,2,2021
"A76..76",NA,3,2021
"A76..76",2,4,2021
"A76..76",NA,5,2021
"A76..76",3,6,2021
"A76..76",3,7,2021
"A76..76",1,8,2021
"A76..76",2,9,2021
"A76..76",2,10,2021
"A76..76",3,11,2021
"A76..76",2,12,2021
"A76..76",2,13,2021
"A76..76",2,14,2021
"A76..76",2,15,2021
"A76..76",3,16,2021
"A76..76",4,17,2021
"A76..76",5,18,2021
"A76..76",NA,19,2021
"A76..76",2,20,2021
"A76..76",NA,21,2021
"A76..76",2,22,2021
"A76..76",2,23,2021
"A76..76",4,24,2021
"A76..76",2,25,2021
"A76..76",NA,26,2021
"A76..76",1,27,2021
"A76..76",1,28,2021
"A76..76",NA,29,2021
"A76..76",2,30,2021
"A76..76",2,31,2021
"A76..76",1,32,2021
"A76..76",NA,33,2021
"A76..76",2,34,2021
"A76..76",1,35,2021
"A76..76",3,36,2021
"A76..76",2,37,2021
"A76..76",1,38,2021
"A76..76",2,39,2021
"A76..76",1,40,2021
"A76..76",2,41,2021
"A76..76",2,42,2021
"A76..76",3,43,2021
"A76..76",1,44,2021
"A76..76",3,45,2021
"A76..76",1,46,2021
"A76..76",2,47,2021
"A76..76",NA,48,2021
"A76..76",1,49,2021
"A76..76",NA,50,2021
"A76..76",3,51,2021
"A76..76",1,52,2021
"A77..77",NA,1,2021
"A77..77",1,2,2021
"A77..77",4,3,2021
"A77..77",2,4,2021
"A77..77",1,5,2021
"A77..77",NA,6,2021
"A77..77",1,7,2021
"A77..77",1,8,2021
"A77..77",2,9,2021
"A77..77",NA,10,2021
"A77..77",1,11,2021
"A77..77",1,12,2021
"A77..77",2,13,2021
"A77..77",2,14,2021
"A77..77",1,15,2021
"A77..77",1,16,2021
"A77..77",2,17,2021
"A77..77",3,18,2021
"A77..77",2,19,2021
"A77..77",1,20,2021
"A77..77",NA,21,2021
"A77..77",2,22,2021
"A77..77",NA,23,2021
"A77..77",NA,24,2021
"A77..77",NA,25,2021
"A77..77",1,26,2021
"A77..77",NA,27,2021
"A77..77",2,28,2021
"A77..77",2,29,2021
"A77..77",1,30,2021
"A77..77",2,31,2021
"A77..77",NA,32,2021
"A77..77",NA,33,2021
"A77..77",1,34,2021
"A77..77",1,35,2021
"A77..77",2,36,2021
"A77..77",2,37,2021
"A77..77",1,38,2021
"A77..77",1,39,2021
"A77..77",1,40,2021
"A77..77",2,41,2021
"A77..77",3,42,2021
"A77..77",NA,43,2021
"A77..77",NA,44,2021
"A77..77",3,45,2021
"A77..77",NA,46,2021
"A77..77",1,47,2021
"A77..77",2,48,2021
"A77..77",1,49,2021
"A77..77",1,50,2021
"A77..77",4,51,2021
"A77..77",1,52,2021
"A78..78",NA,1,2021
"A78..78",3,2,2021
"A78..78",3,3,2021
"A78..78",3,4,2021
"A78..78",3,5,2021
"A78..78",4,6,2021
"A78..78",2,7,2021
"A78..78",1,8,2021
"A78..78",2,9,2021
"A78..78",2,10,2021
"A78..78",1,11,2021
"A78..78",3,12,2021
"A78..78",NA,13,2021
"A78..78",1,14,2021
"A78..78",2,15,2021
"A78..78",1,16,2021
"A78..78",1,17,2021
"A78..78",4,18,2021
"A78..78",2,19,2021
"A78..78",4,20,2021
"A78..78",1,21,2021
"A78..78",1,22,2021
"A78..78",NA,23,2021
"A78..78",1,24,2021
"A78..78",3,25,2021
"A78..78",2,26,2021
"A78..78",3,27,2021
"A78..78",1,28,2021
"A78..78",1,29,2021
"A78..78",2,30,2021
"A78..78",2,31,2021
"A78..78",2,32,2021
"A78..78",NA,33,2021
"A78..78",3,34,2021
"A78..78",1,35,2021
"A78..78",2,36,2021
"A78..78",3,37,2021
"A78..78",1,38,2021
"A78..78",1,39,2021
"A78..78",3,40,2021
"A78..78",1,41,2021
"A78..78",2,42,2021
"A78..78",2,43,2021
"A78..78",2,44,2021
"A78..78",NA,45,2021
"A78..78",1,46,2021
"A78..78",1,47,2021
"A78..78",2,48,2021
"A78..78",1,49,2021
"A78..78",1,50,2021
"A78..78",1,51,2021
"A78..78",NA,52,2021
"A79..79",2,1,2021
"A79..79",3,2,2021
"A79..79",1,3,2021
"A79..79",2,4,2021
"A79..79",2,5,2021
"A79..79",2,6,2021
"A79..79",1,7,2021
"A79..79",4,8,2021
"A79..79",2,9,2021
"A79..79",3,10,2021
"A79..79",3,11,2021
"A79..79",1,12,2021
"A79..79",2,13,2021
"A79..79",1,14,2021
"A79..79",1,15,2021
"A79..79",3,16,2021
"A79..79",7,17,2021
"A79..79",NA,18,2021
"A79..79",1,19,2021
"A79..79",NA,20,2021
"A79..79",NA,21,2021
"A79..79",2,22,2021
"A79..79",1,23,2021
"A79..79",3,24,2021
"A79..79",3,25,2021
"A79..79",1,26,2021
"A79..79",1,27,2021
"A79..79",2,28,2021
"A79..79",2,29,2021
"A79..79",3,30,2021
"A79..79",4,31,2021
"A79..79",2,32,2021
"A79..79",1,33,2021
"A79..79",3,34,2021
"A79..79",2,35,2021
"A79..79",1,36,2021
"A79..79",NA,37,2021
"A79..79",2,38,2021
"A79..79",1,39,2021
"A79..79",1,40,2021
"A79..79",2,41,2021
"A79..79",5,42,2021
"A79..79",1,43,2021
"A79..79",NA,44,2021
"A79..79",2,45,2021
"A79..79",NA,46,2021
"A79..79",NA,47,2021
"A79..79",1,48,2021
"A79..79",1,49,2021
"A79..79",3,50,2021
"A79..79",5,51,2021
"A79..79",1,52,2021
"A80.",16,1,2021
"A80.",21,2,2021
"A80.",18,3,2021
"A80.",22,4,2021
"A80.",22,5,2021
"A80.",47,6,2021
"A80.",34,7,2021
"A80.",36,8,2021
"A80.",22,9,2021
"A80.",29,10,2021
"A80.",32,11,2021
"A80.",32,12,2021
"A80.",22,13,2021
"A80.",23,14,2021
"A80.",45,15,2021
"A80.",28,16,2021
"A80.",31,17,2021
"A80.",48,18,2021
"A80.",27,19,2021
"A80.",38,20,2021
"A80.",18,21,2021
"A80.",18,22,2021
"A80.",26,23,2021
"A80.",46,24,2021
"A80.",11,25,2021
"A80.",18,26,2021
"A80.",19,27,2021
"A80.",16,28,2021
"A80.",16,29,2021
"A80.",24,30,2021
"A80.",29,31,2021
"A80.",15,32,2021
"A80.",11,33,2021
"A80.",15,34,2021
"A80.",7,35,2021
"A80.",17,36,2021
"A80.",19,37,2021
"A80.",17,38,2021
"A80.",17,39,2021
"A80.",23,40,2021
"A80.",23,41,2021
"A80.",20,42,2021
"A80.",18,43,2021
"A80.",23,44,2021
"A80.",19,45,2021
"A80.",19,46,2021
"A80.",20,47,2021
"A80.",9,48,2021
"A80.",19,49,2021
"A80.",23,50,2021
"A80.",25,51,2021
"A80.",17,52,2021
"Unbekannt",NA,1,2021
"Unbekannt",1,2,2021
"Unbekannt",NA,3,2021
"Unbekannt",NA,4,2021
"Unbekannt",NA,5,2021
"Unbekannt",NA,6,2021
"Unbekannt",NA,7,2021
"Unbekannt",NA,8,2021
"Unbekannt",NA,9,2021
"Unbekannt",1,10,2021
"Unbekannt",NA,11,2021
"Unbekannt",NA,12,2021
"Unbekannt",NA,13,2021
"Unbekannt",1,14,2021
"Unbekannt",NA,15,2021
"Unbekannt",NA,16,2021
"Unbekannt",NA,17,2021
"Unbekannt",2,18,2021
"Unbekannt",NA,19,2021
"Unbekannt",3,20,2021
"Unbekannt",1,21,2021
"Unbekannt",1,22,2021
"Unbekannt",NA,23,2021
"Unbekannt",NA,24,2021
"Unbekannt",1,25,2021
"Unbekannt",NA,26,2021
"Unbekannt",NA,27,2021
"Unbekannt",NA,28,2021
"Unbekannt",1,29,2021
"Unbekannt",NA,30,2021
"Unbekannt",NA,31,2021
"Unbekannt",1,32,2021
"Unbekannt",1,33,2021
"Unbekannt",NA,34,2021
"Unbekannt",NA,35,2021
"Unbekannt",1,36,2021
"Unbekannt",NA,37,2021
"Unbekannt",3,38,2021
"Unbekannt",5,39,2021
"Unbekannt",NA,40,2021
"Unbekannt",NA,41,2021
"Unbekannt",12,42,2021
"Unbekannt",NA,43,2021
"Unbekannt",NA,44,2021
"Unbekannt",1,45,2021
"Unbekannt",NA,46,2021
"Unbekannt",NA,47,2021
"Unbekannt",NA,48,2021
"Unbekannt",NA,49,2021
"Unbekannt",NA,50,2021
"Unbekannt",1,51,2021
"Unbekannt",1,52,2021
"A00..00",29,1,2020
"A00..00",21,2,2020
"A00..00",31,3,2020
"A00..00",39,4,2020
"A00..00",33,5,2020
"A00..00",32,6,2020
"A00..00",31,7,2020
"A00..00",35,8,2020
"A00..00",32,9,2020
"A00..00",27,10,2020
"A00..00",30,11,2020
"A00..00",27,12,2020
"A00..00",17,13,2020
"A00..00",10,14,2020
"A00..00",14,15,2020
"A00..00",7,16,2020
"A00..00",18,17,2020
"A00..00",12,18,2020
"A00..00",9,19,2020
"A00..00",14,20,2020
"A00..00",14,21,2020
"A00..00",19,22,2020
"A00..00",7,23,2020
"A00..00",10,24,2020
"A00..00",10,25,2020
"A00..00",18,26,2020
"A00..00",16,27,2020
"A00..00",14,28,2020
"A00..00",9,29,2020
"A00..00",15,30,2020
"A00..00",16,31,2020
"A00..00",15,32,2020
"A00..00",8,33,2020
"A00..00",12,34,2020
"A00..00",13,35,2020
"A00..00",12,36,2020
"A00..00",16,37,2020
"A00..00",13,38,2020
"A00..00",8,39,2020
"A00..00",13,40,2020
"A00..00",17,41,2020
"A00..00",10,42,2020
"A00..00",8,43,2020
"A00..00",11,44,2020
"A00..00",7,45,2020
"A00..00",13,46,2020
"A00..00",7,47,2020
"A00..00",21,48,2020
"A00..00",11,49,2020
"A00..00",12,50,2020
"A00..00",7,51,2020
"A00..00",5,52,2020
"A00..00",5,53,2020
"A01..01",11,1,2020
"A01..01",16,2,2020
"A01..01",28,3,2020
"A01..01",14,4,2020
"A01..01",27,5,2020
"A01..01",26,6,2020
"A01..01",25,7,2020
"A01..01",29,8,2020
"A01..01",26,9,2020
"A01..01",30,10,2020
"A01..01",30,11,2020
"A01..01",27,12,2020
"A01..01",8,13,2020
"A01..01",3,14,2020
"A01..01",6,15,2020
"A01..01",2,16,2020
"A01..01",4,17,2020
"A01..01",1,18,2020
"A01..01",9,19,2020
"A01..01",7,20,2020
"A01..01",5,21,2020
"A01..01",6,22,2020
"A01..01",5,23,2020
"A01..01",5,24,2020
"A01..01",3,25,2020
"A01..01",8,26,2020
"A01..01",4,27,2020
"A01..01",4,28,2020
"A01..01",2,29,2020
"A01..01",5,30,2020
"A01..01",4,31,2020
"A01..01",3,32,2020
"A01..01",2,33,2020
"A01..01",5,34,2020
"A01..01",7,35,2020
"A01..01",6,36,2020
"A01..01",6,37,2020
"A01..01",6,38,2020
"A01..01",1,39,2020
"A01..01",2,40,2020
"A01..01",4,41,2020
"A01..01",2,42,2020
"A01..01",3,43,2020
"A01..01",2,44,2020
"A01..01",1,45,2020
"A01..01",6,46,2020
"A01..01",2,47,2020
"A01..01",2,48,2020
"A01..01",1,49,2020
"A01..01",5,50,2020
"A01..01",1,51,2020
"A01..01",2,52,2020
"A01..01",1,53,2020
"A02..02",9,1,2020
"A02..02",12,2,2020
"A02..02",14,3,2020
"A02..02",21,4,2020
"A02..02",27,5,2020
"A02..02",27,6,2020
"A02..02",16,7,2020
"A02..02",23,8,2020
"A02..02",27,9,2020
"A02..02",29,10,2020
"A02..02",17,11,2020
"A02..02",17,12,2020
"A02..02",15,13,2020
"A02..02",NA,14,2020
"A02..02",4,15,2020
"A02..02",10,16,2020
"A02..02",3,17,2020
"A02..02",2,18,2020
"A02..02",2,19,2020
"A02..02",1,20,2020
"A02..02",1,21,2020
"A02..02",4,22,2020
"A02..02",8,23,2020
"A02..02",1,24,2020
"A02..02",3,25,2020
"A02..02",4,26,2020
"A02..02",2,27,2020
"A02..02",3,28,2020
"A02..02",5,29,2020
"A02..02",4,30,2020
"A02..02",4,31,2020
"A02..02",4,32,2020
"A02..02",2,33,2020
"A02..02",6,34,2020
"A02..02",8,35,2020
"A02..02",4,36,2020
"A02..02",1,37,2020
"A02..02",3,38,2020
"A02..02",1,39,2020
"A02..02",NA,40,2020
"A02..02",4,41,2020
"A02..02",2,42,2020
"A02..02",1,43,2020
"A02..02",2,44,2020
"A02..02",2,45,2020
"A02..02",1,46,2020
"A02..02",1,47,2020
"A02..02",5,48,2020
"A02..02",4,49,2020
"A02..02",3,50,2020
"A02..02",4,51,2020
"A02..02",NA,52,2020
"A02..02",4,53,2020
"A03..03",5,1,2020
"A03..03",2,2,2020
"A03..03",11,3,2020
"A03..03",7,4,2020
"A03..03",18,5,2020
"A03..03",13,6,2020
"A03..03",10,7,2020
"A03..03",19,8,2020
"A03..03",14,9,2020
"A03..03",14,10,2020
"A03..03",14,11,2020
"A03..03",10,12,2020
"A03..03",10,13,2020
"A03..03",4,14,2020
"A03..03",4,15,2020
"A03..03",1,16,2020
"A03..03",4,17,2020
"A03..03",1,18,2020
"A03..03",2,19,2020
"A03..03",NA,20,2020
"A03..03",3,21,2020
"A03..03",5,22,2020
"A03..03",1,23,2020
"A03..03",2,24,2020
"A03..03",2,25,2020
"A03..03",NA,26,2020
"A03..03",2,27,2020
"A03..03",1,28,2020
"A03..03",5,29,2020
"A03..03",2,30,2020
"A03..03",3,31,2020
"A03..03",6,32,2020
"A03..03",1,33,2020
"A03..03",4,34,2020
"A03..03",1,35,2020
"A03..03",3,36,2020
"A03..03",3,37,2020
"A03..03",1,38,2020
"A03..03",1,39,2020
"A03..03",NA,40,2020
"A03..03",1,41,2020
"A03..03",3,42,2020
"A03..03",1,43,2020
"A03..03",1,44,2020
"A03..03",2,45,2020
"A03..03",1,46,2020
"A03..03",2,47,2020
"A03..03",1,48,2020
"A03..03",1,49,2020
"A03..03",5,50,2020
"A03..03",3,51,2020
"A03..03",7,52,2020
"A03..03",1,53,2020
"A04..04",5,1,2020
"A04..04",2,2,2020
"A04..04",3,3,2020
"A04..04",5,4,2020
"A04..04",7,5,2020
"A04..04",13,6,2020
"A04..04",12,7,2020
"A04..04",11,8,2020
"A04..04",12,9,2020
"A04..04",9,10,2020
"A04..04",13,11,2020
"A04..04",5,12,2020
"A04..04",5,13,2020
"A04..04",5,14,2020
"A04..04",1,15,2020
"A04..04",3,16,2020
"A04..04",3,17,2020
"A04..04",1,18,2020
"A04..04",3,19,2020
"A04..04",3,20,2020
"A04..04",1,21,2020
"A04..04",NA,22,2020
"A04..04",1,23,2020
"A04..04",NA,24,2020
"A04..04",1,25,2020
"A04..04",1,26,2020
"A04..04",4,27,2020
"A04..04",NA,28,2020
"A04..04",2,29,2020
"A04..04",2,30,2020
"A04..04",3,31,2020
"A04..04",2,32,2020
"A04..04",4,33,2020
"A04..04",7,34,2020
"A04..04",2,35,2020
"A04..04",3,36,2020
"A04..04",NA,37,2020
"A04..04",2,38,2020
"A04..04",1,39,2020
"A04..04",2,40,2020
"A04..04",2,41,2020
"A04..04",NA,42,2020
"A04..04",NA,43,2020
"A04..04",2,44,2020
"A04..04",NA,45,2020
"A04..04",1,46,2020
"A04..04",1,47,2020
"A04..04",1,48,2020
"A04..04",NA,49,2020
"A04..04",3,50,2020
"A04..04",3,51,2020
"A04..04",1,52,2020
"A04..04",NA,53,2020
"A05..05",3,1,2020
"A05..05",3,2,2020
"A05..05",5,3,2020
"A05..05",5,4,2020
"A05..05",10,5,2020
"A05..05",8,6,2020
"A05..05",12,7,2020
"A05..05",16,8,2020
"A05..05",8,9,2020
"A05..05",6,10,2020
"A05..05",4,11,2020
"A05..05",6,12,2020
"A05..05",5,13,2020
"A05..05",2,14,2020
"A05..05",NA,15,2020
"A05..05",2,16,2020
"A05..05",NA,17,2020
"A05..05",2,18,2020
"A05..05",1,19,2020
"A05..05",4,20,2020
"A05..05",3,21,2020
"A05..05",3,22,2020
"A05..05",1,23,2020
"A05..05",1,24,2020
"A05..05",1,25,2020
"A05..05",2,26,2020
"A05..05",NA,27,2020
"A05..05",1,28,2020
"A05..05",NA,29,2020
"A05..05",2,30,2020
"A05..05",1,31,2020
"A05..05",4,32,2020
"A05..05",4,33,2020
"A05..05",4,34,2020
"A05..05",NA,35,2020
"A05..05",NA,36,2020
"A05..05",1,37,2020
"A05..05",2,38,2020
"A05..05",NA,39,2020
"A05..05",2,40,2020
"A05..05",1,41,2020
"A05..05",1,42,2020
"A05..05",2,43,2020
"A05..05",1,44,2020
"A05..05",NA,45,2020
"A05..05",NA,46,2020
"A05..05",NA,47,2020
"A05..05",1,48,2020
"A05..05",NA,49,2020
"A05..05",1,50,2020
"A05..05",6,51,2020
"A05..05",NA,52,2020
"A05..05",3,53,2020
"A06..06",4,1,2020
"A06..06",4,2,2020
"A06..06",7,3,2020
"A06..06",4,4,2020
"A06..06",3,5,2020
"A06..06",7,6,2020
"A06..06",4,7,2020
"A06..06",6,8,2020
"A06..06",7,9,2020
"A06..06",9,10,2020
"A06..06",9,11,2020
"A06..06",1,12,2020
"A06..06",3,13,2020
"A06..06",3,14,2020
"A06..06",NA,15,2020
"A06..06",NA,16,2020
"A06..06",NA,17,2020
"A06..06",1,18,2020
"A06..06",1,19,2020
"A06..06",2,20,2020
"A06..06",1,21,2020
"A06..06",1,22,2020
"A06..06",NA,23,2020
"A06..06",2,24,2020
"A06..06",2,25,2020
"A06..06",1,26,2020
"A06..06",1,27,2020
"A06..06",NA,28,2020
"A06..06",1,29,2020
"A06..06",3,30,2020
"A06..06",3,31,2020
"A06..06",1,32,2020
"A06..06",2,33,2020
"A06..06",1,34,2020
"A06..06",2,35,2020
"A06..06",3,36,2020
"A06..06",NA,37,2020
"A06..06",1,38,2020
"A06..06",NA,39,2020
"A06..06",NA,40,2020
"A06..06",1,41,2020
"A06..06",1,42,2020
"A06..06",1,43,2020
"A06..06",2,44,2020
"A06..06",NA,45,2020
"A06..06",NA,46,2020
"A06..06",2,47,2020
"A06..06",1,48,2020
"A06..06",NA,49,2020
"A06..06",1,50,2020
"A06..06",2,51,2020
"A06..06",NA,52,2020
"A06..06",2,53,2020
"A07..07",4,1,2020
"A07..07",1,2,2020
"A07..07",2,3,2020
"A07..07",4,4,2020
"A07..07",7,5,2020
"A07..07",4,6,2020
"A07..07",1,7,2020
"A07..07",2,8,2020
"A07..07",4,9,2020
"A07..07",4,10,2020
"A07..07",4,11,2020
"A07..07",3,12,2020
"A07..07",1,13,2020
"A07..07",2,14,2020
"A07..07",NA,15,2020
"A07..07",NA,16,2020
"A07..07",1,17,2020
"A07..07",NA,18,2020
"A07..07",1,19,2020
"A07..07",1,20,2020
"A07..07",NA,21,2020
"A07..07",4,22,2020
"A07..07",1,23,2020
"A07..07",1,24,2020
"A07..07",1,25,2020
"A07..07",1,26,2020
"A07..07",2,27,2020
"A07..07",2,28,2020
"A07..07",1,29,2020
"A07..07",NA,30,2020
"A07..07",1,31,2020
"A07..07",1,32,2020
"A07..07",1,33,2020
"A07..07",2,34,2020
"A07..07",1,35,2020
"A07..07",NA,36,2020
"A07..07",NA,37,2020
"A07..07",NA,38,2020
"A07..07",1,39,2020
"A07..07",1,40,2020
"A07..07",NA,41,2020
"A07..07",NA,42,2020
"A07..07",NA,43,2020
"A07..07",NA,44,2020
"A07..07",1,45,2020
"A07..07",1,46,2020
"A07..07",NA,47,2020
"A07..07",NA,48,2020
"A07..07",NA,49,2020
"A07..07",NA,50,2020
"A07..07",NA,51,2020
"A07..07",NA,52,2020
"A07..07",1,53,2020
"A08..08",1,1,2020
"A08..08",7,2,2020
"A08..08",1,3,2020
"A08..08",5,4,2020
"A08..08",5,5,2020
"A08..08",1,6,2020
"A08..08",3,7,2020
"A08..08",3,8,2020
"A08..08",1,9,2020
"A08..08",3,10,2020
"A08..08",5,11,2020
"A08..08",1,12,2020
"A08..08",2,13,2020
"A08..08",NA,14,2020
"A08..08",NA,15,2020
"A08..08",NA,16,2020
"A08..08",NA,17,2020
"A08..08",1,18,2020
"A08..08",NA,19,2020
"A08..08",NA,20,2020
"A08..08",NA,21,2020
"A08..08",NA,22,2020
"A08..08",2,23,2020
"A08..08",3,24,2020
"A08..08",4,25,2020
"A08..08",1,26,2020
"A08..08",2,27,2020
"A08..08",2,28,2020
"A08..08",2,29,2020
"A08..08",NA,30,2020
"A08..08",NA,31,2020
"A08..08",NA,32,2020
"A08..08",3,33,2020
"A08..08",2,34,2020
"A08..08",NA,35,2020
"A08..08",NA,36,2020
"A08..08",1,37,2020
"A08..08",2,38,2020
"A08..08",2,39,2020
"A08..08",1,40,2020
"A08..08",1,41,2020
"A08..08",1,42,2020
"A08..08",NA,43,2020
"A08..08",NA,44,2020
"A08..08",NA,45,2020
"A08..08",1,46,2020
"A08..08",1,47,2020
"A08..08",NA,48,2020
"A08..08",NA,49,2020
"A08..08",1,50,2020
"A08..08",1,51,2020
"A08..08",NA,52,2020
"A08..08",NA,53,2020
"A09..09",2,1,2020
"A09..09",1,2,2020
"A09..09",2,3,2020
"A09..09",6,4,2020
"A09..09",4,5,2020
"A09..09",1,6,2020
"A09..09",2,7,2020
"A09..09",2,8,2020
"A09..09",NA,9,2020
"A09..09",3,10,2020
"A09..09",2,11,2020
"A09..09",NA,12,2020
"A09..09",NA,13,2020
"A09..09",NA,14,2020
"A09..09",NA,15,2020
"A09..09",2,16,2020
"A09..09",1,17,2020
"A09..09",1,18,2020
"A09..09",1,19,2020
"A09..09",NA,20,2020
"A09..09",NA,21,2020
"A09..09",1,22,2020
"A09..09",2,23,2020
"A09..09",NA,24,2020
"A09..09",1,25,2020
"A09..09",1,26,2020
"A09..09",NA,27,2020
"A09..09",NA,28,2020
"A09..09",NA,29,2020
"A09..09",NA,30,2020
"A09..09",NA,31,2020
"A09..09",1,32,2020
"A09..09",NA,33,2020
"A09..09",NA,34,2020
"A09..09",NA,35,2020
"A09..09",NA,36,2020
"A09..09",NA,37,2020
"A09..09",1,38,2020
"A09..09",NA,39,2020
"A09..09",NA,40,2020
"A09..09",NA,41,2020
"A09..09",1,42,2020
"A09..09",NA,43,2020
"A09..09",2,44,2020
"A09..09",NA,45,2020
"A09..09",NA,46,2020
"A09..09",1,47,2020
"A09..09",1,48,2020
"A09..09",1,49,2020
"A09..09",NA,50,2020
"A09..09",NA,51,2020
"A09..09",1,52,2020
"A09..09",NA,53,2020
"A10..10",3,1,2020
"A10..10",NA,2,2020
"A10..10",2,3,2020
"A10..10",5,4,2020
"A10..10",1,5,2020
"A10..10",NA,6,2020
"A10..10",1,7,2020
"A10..10",3,8,2020
"A10..10",1,9,2020
"A10..10",1,10,2020
"A10..10",2,11,2020
"A10..10",5,12,2020
"A10..10",NA,13,2020
"A10..10",1,14,2020
"A10..10",1,15,2020
"A10..10",NA,16,2020
"A10..10",NA,17,2020
"A10..10",NA,18,2020
"A10..10",NA,19,2020
"A10..10",NA,20,2020
"A10..10",NA,21,2020
"A10..10",NA,22,2020
"A10..10",NA,23,2020
"A10..10",1,24,2020
"A10..10",1,25,2020
"A10..10",1,26,2020
"A10..10",1,27,2020
"A10..10",1,28,2020
"A10..10",NA,29,2020
"A10..10",1,30,2020
"A10..10",NA,31,2020
"A10..10",1,32,2020
"A10..10",1,33,2020
"A10..10",1,34,2020
"A10..10",NA,35,2020
"A10..10",NA,36,2020
"A10..10",NA,37,2020
"A10..10",NA,38,2020
"A10..10",NA,39,2020
"A10..10",NA,40,2020
"A10..10",1,41,2020
"A10..10",NA,42,2020
"A10..10",NA,43,2020
"A10..10",1,44,2020
"A10..10",NA,45,2020
"A10..10",NA,46,2020
"A10..10",1,47,2020
"A10..10",NA,48,2020
"A10..10",NA,49,2020
"A10..10",1,50,2020
"A10..10",NA,51,2020
"A10..10",NA,52,2020
"A10..10",NA,53,2020
"A11..11",1,1,2020
"A11..11",2,2,2020
"A11..11",1,3,2020
"A11..11",NA,4,2020
"A11..11",5,5,2020
"A11..11",1,6,2020
"A11..11",2,7,2020
"A11..11",1,8,2020
"A11..11",1,9,2020
"A11..11",NA,10,2020
"A11..11",1,11,2020
"A11..11",NA,12,2020
"A11..11",NA,13,2020
"A11..11",1,14,2020
"A11..11",NA,15,2020
"A11..11",NA,16,2020
"A11..11",NA,17,2020
"A11..11",NA,18,2020
"A11..11",NA,19,2020
"A11..11",1,20,2020
"A11..11",NA,21,2020
"A11..11",NA,22,2020
"A11..11",1,23,2020
"A11..11",NA,24,2020
"A11..11",3,25,2020
"A11..11",NA,26,2020
"A11..11",1,27,2020
"A11..11",NA,28,2020
"A11..11",NA,29,2020
"A11..11",NA,30,2020
"A11..11",NA,31,2020
"A11..11",1,32,2020
"A11..11",2,33,2020
"A11..11",NA,34,2020
"A11..11",NA,35,2020
"A11..11",NA,36,2020
"A11..11",NA,37,2020
"A11..11",NA,38,2020
"A11..11",1,39,2020
"A11..11",1,40,2020
"A11..11",NA,41,2020
"A11..11",NA,42,2020
"A11..11",NA,43,2020
"A11..11",1,44,2020
"A11..11",NA,45,2020
"A11..11",NA,46,2020
"A11..11",NA,47,2020
"A11..11",1,48,2020
"A11..11",NA,49,2020
"A11..11",NA,50,2020
"A11..11",NA,51,2020
"A11..11",NA,52,2020
"A11..11",NA,53,2020
"A12..12",NA,1,2020
"A12..12",NA,2,2020
"A12..12",NA,3,2020
"A12..12",3,4,2020
"A12..12",2,5,2020
"A12..12",3,6,2020
"A12..12",1,7,2020
"A12..12",NA,8,2020
"A12..12",NA,9,2020
"A12..12",6,10,2020
"A12..12",NA,11,2020
"A12..12",NA,12,2020
"A12..12",NA,13,2020
"A12..12",1,14,2020
"A12..12",NA,15,2020
"A12..12",1,16,2020
"A12..12",1,17,2020
"A12..12",NA,18,2020
"A12..12",NA,19,2020
"A12..12",1,20,2020
"A12..12",NA,21,2020
"A12..12",NA,22,2020
"A12..12",1,23,2020
"A12..12",NA,24,2020
"A12..12",2,25,2020
"A12..12",2,26,2020
"A12..12",1,27,2020
"A12..12",2,28,2020
"A12..12",NA,29,2020
"A12..12",1,30,2020
"A12..12",1,31,2020
"A12..12",NA,32,2020
"A12..12",NA,33,2020
"A12..12",NA,34,2020
"A12..12",NA,35,2020
"A12..12",1,36,2020
"A12..12",NA,37,2020
"A12..12",NA,38,2020
"A12..12",1,39,2020
"A12..12",NA,40,2020
"A12..12",NA,41,2020
"A12..12",1,42,2020
"A12..12",1,43,2020
"A12..12",NA,44,2020
"A12..12",NA,45,2020
"A12..12",1,46,2020
"A12..12",1,47,2020
"A12..12",1,48,2020
"A12..12",NA,49,2020
"A12..12",NA,50,2020
"A12..12",NA,51,2020
"A12..12",NA,52,2020
"A12..12",NA,53,2020
"A13..13",NA,1,2020
"A13..13",1,2,2020
"A13..13",1,3,2020
"A13..13",2,4,2020
"A13..13",3,5,2020
"A13..13",NA,6,2020
"A13..13",NA,7,2020
"A13..13",NA,8,2020
"A13..13",NA,9,2020
"A13..13",2,10,2020
"A13..13",NA,11,2020
"A13..13",NA,12,2020
"A13..13",1,13,2020
"A13..13",NA,14,2020
"A13..13",NA,15,2020
"A13..13",NA,16,2020
"A13..13",NA,17,2020
"A13..13",1,18,2020
"A13..13",1,19,2020
"A13..13",NA,20,2020
"A13..13",1,21,2020
"A13..13",NA,22,2020
"A13..13",NA,23,2020
"A13..13",NA,24,2020
"A13..13",1,25,2020
"A13..13",2,26,2020
"A13..13",NA,27,2020
"A13..13",1,28,2020
"A13..13",NA,29,2020
"A13..13",1,30,2020
"A13..13",NA,31,2020
"A13..13",1,32,2020
"A13..13",NA,33,2020
"A13..13",2,34,2020
"A13..13",2,35,2020
"A13..13",NA,36,2020
"A13..13",NA,37,2020
"A13..13",1,38,2020
"A13..13",2,39,2020
"A13..13",NA,40,2020
"A13..13",NA,41,2020
"A13..13",1,42,2020
"A13..13",NA,43,2020
"A13..13",NA,44,2020
"A13..13",NA,45,2020
"A13..13",NA,46,2020
"A13..13",1,47,2020
"A13..13",NA,48,2020
"A13..13",NA,49,2020
"A13..13",NA,50,2020
"A13..13",2,51,2020
"A13..13",NA,52,2020
"A13..13",NA,53,2020
"A14..14",1,1,2020
"A14..14",NA,2,2020
"A14..14",2,3,2020
"A14..14",NA,4,2020
"A14..14",NA,5,2020
"A14..14",NA,6,2020
"A14..14",1,7,2020
"A14..14",2,8,2020
"A14..14",NA,9,2020
"A14..14",1,10,2020
"A14..14",NA,11,2020
"A14..14",1,12,2020
"A14..14",NA,13,2020
"A14..14",NA,14,2020
"A14..14",1,15,2020
"A14..14",1,16,2020
"A14..14",NA,17,2020
"A14..14",NA,18,2020
"A14..14",1,19,2020
"A14..14",NA,20,2020
"A14..14",NA,21,2020
"A14..14",NA,22,2020
"A14..14",2,23,2020
"A14..14",NA,24,2020
"A14..14",NA,25,2020
"A14..14",NA,26,2020
"A14..14",2,27,2020
"A14..14",NA,28,2020
"A14..14",1,29,2020
"A14..14",NA,30,2020
"A14..14",NA,31,2020
"A14..14",2,32,2020
"A14..14",NA,33,2020
"A14..14",1,34,2020
"A14..14",1,35,2020
"A14..14",1,36,2020
"A14..14",NA,37,2020
"A14..14",2,38,2020
"A14..14",1,39,2020
"A14..14",1,40,2020
"A14..14",NA,41,2020
"A14..14",1,42,2020
"A14..14",NA,43,2020
"A14..14",NA,44,2020
"A14..14",NA,45,2020
"A14..14",1,46,2020
"A14..14",NA,47,2020
"A14..14",1,48,2020
"A14..14",NA,49,2020
"A14..14",1,50,2020
"A14..14",1,51,2020
"A14..14",NA,52,2020
"A14..14",NA,53,2020
"A15..15",NA,1,2020
"A15..15",NA,2,2020
"A15..15",3,3,2020
"A15..15",3,4,2020
"A15..15",NA,5,2020
"A15..15",3,6,2020
"A15..15",2,7,2020
"A15..15",NA,8,2020
"A15..15",1,9,2020
"A15..15",1,10,2020
"A15..15",1,11,2020
"A15..15",2,12,2020
"A15..15",1,13,2020
"A15..15",NA,14,2020
"A15..15",NA,15,2020
"A15..15",NA,16,2020
"A15..15",NA,17,2020
"A15..15",1,18,2020
"A15..15",NA,19,2020
"A15..15",1,20,2020
"A15..15",NA,21,2020
"A15..15",NA,22,2020
"A15..15",2,23,2020
"A15..15",NA,24,2020
"A15..15",NA,25,2020
"A15..15",NA,26,2020
"A15..15",NA,27,2020
"A15..15",1,28,2020
"A15..15",NA,29,2020
"A15..15",NA,30,2020
"A15..15",NA,31,2020
"A15..15",1,32,2020
"A15..15",1,33,2020
"A15..15",NA,34,2020
"A15..15",1,35,2020
"A15..15",NA,36,2020
"A15..15",2,37,2020
"A15..15",NA,38,2020
"A15..15",1,39,2020
"A15..15",NA,40,2020
"A15..15",NA,41,2020
"A15..15",NA,42,2020
"A15..15",NA,43,2020
"A15..15",NA,44,2020
"A15..15",1,45,2020
"A15..15",NA,46,2020
"A15..15",1,47,2020
"A15..15",NA,48,2020
"A15..15",NA,49,2020
"A15..15",1,50,2020
"A15..15",1,51,2020
"A15..15",NA,52,2020
"A15..15",NA,53,2020
"A16..16",1,1,2020
"A16..16",NA,2,2020
"A16..16",NA,3,2020
"A16..16",NA,4,2020
"A16..16",NA,5,2020
"A16..16",NA,6,2020
"A16..16",NA,7,2020
"A16..16",NA,8,2020
"A16..16",NA,9,2020
"A16..16",1,10,2020
"A16..16",1,11,2020
"A16..16",NA,12,2020
"A16..16",1,13,2020
"A16..16",NA,14,2020
"A16..16",NA,15,2020
"A16..16",NA,16,2020
"A16..16",NA,17,2020
"A16..16",NA,18,2020
"A16..16",NA,19,2020
"A16..16",NA,20,2020
"A16..16",NA,21,2020
"A16..16",NA,22,2020
"A16..16",1,23,2020
"A16..16",1,24,2020
"A16..16",NA,25,2020
"A16..16",1,26,2020
"A16..16",NA,27,2020
"A16..16",1,28,2020
"A16..16",1,29,2020
"A16..16",NA,30,2020
"A16..16",NA,31,2020
"A16..16",NA,32,2020
"A16..16",1,33,2020
"A16..16",NA,34,2020
"A16..16",2,35,2020
"A16..16",NA,36,2020
"A16..16",1,37,2020
"A16..16",NA,38,2020
"A16..16",NA,39,2020
"A16..16",NA,40,2020
"A16..16",NA,41,2020
"A16..16",1,42,2020
"A16..16",NA,43,2020
"A16..16",NA,44,2020
"A16..16",NA,45,2020
"A16..16",2,46,2020
"A16..16",NA,47,2020
"A16..16",NA,48,2020
"A16..16",NA,49,2020
"A16..16",2,50,2020
"A16..16",NA,51,2020
"A16..16",NA,52,2020
"A16..16",NA,53,2020
"A17..17",NA,1,2020
"A17..17",NA,2,2020
"A17..17",1,3,2020
"A17..17",1,4,2020
"A17..17",2,5,2020
"A17..17",NA,6,2020
"A17..17",1,7,2020
"A17..17",1,8,2020
"A17..17",1,9,2020
"A17..17",2,10,2020
"A17..17",NA,11,2020
"A17..17",2,12,2020
"A17..17",1,13,2020
"A17..17",NA,14,2020
"A17..17",1,15,2020
"A17..17",NA,16,2020
"A17..17",NA,17,2020
"A17..17",1,18,2020
"A17..17",1,19,2020
"A17..17",2,20,2020
"A17..17",NA,21,2020
"A17..17",1,22,2020
"A17..17",3,23,2020
"A17..17",1,24,2020
"A17..17",NA,25,2020
"A17..17",2,26,2020
"A17..17",1,27,2020
"A17..17",1,28,2020
"A17..17",2,29,2020
"A17..17",NA,30,2020
"A17..17",2,31,2020
"A17..17",1,32,2020
"A17..17",NA,33,2020
"A17..17",1,34,2020
"A17..17",NA,35,2020
"A17..17",1,36,2020
"A17..17",NA,37,2020
"A17..17",1,38,2020
"A17..17",NA,39,2020
"A17..17",NA,40,2020
"A17..17",NA,41,2020
"A17..17",NA,42,2020
"A17..17",1,43,2020
"A17..17",NA,44,2020
"A17..17",NA,45,2020
"A17..17",NA,46,2020
"A17..17",NA,47,2020
"A17..17",NA,48,2020
"A17..17",1,49,2020
"A17..17",NA,50,2020
"A17..17",NA,51,2020
"A17..17",2,52,2020
"A17..17",NA,53,2020
"A18..18",NA,1,2020
"A18..18",1,2,2020
"A18..18",NA,3,2020
"A18..18",1,4,2020
"A18..18",1,5,2020
"A18..18",NA,6,2020
"A18..18",1,7,2020
"A18..18",1,8,2020
"A18..18",2,9,2020
"A18..18",2,10,2020
"A18..18",1,11,2020
"A18..18",NA,12,2020
"A18..18",NA,13,2020
"A18..18",NA,14,2020
"A18..18",NA,15,2020
"A18..18",NA,16,2020
"A18..18",NA,17,2020
"A18..18",1,18,2020
"A18..18",NA,19,2020
"A18..18",1,20,2020
"A18..18",NA,21,2020
"A18..18",NA,22,2020
"A18..18",1,23,2020
"A18..18",NA,24,2020
"A18..18",NA,25,2020
"A18..18",1,26,2020
"A18..18",NA,27,2020
"A18..18",NA,28,2020
"A18..18",NA,29,2020
"A18..18",1,30,2020
"A18..18",NA,31,2020
"A18..18",1,32,2020
"A18..18",NA,33,2020
"A18..18",NA,34,2020
"A18..18",NA,35,2020
"A18..18",NA,36,2020
"A18..18",NA,37,2020
"A18..18",NA,38,2020
"A18..18",NA,39,2020
"A18..18",NA,40,2020
"A18..18",1,41,2020
"A18..18",1,42,2020
"A18..18",NA,43,2020
"A18..18",NA,44,2020
"A18..18",NA,45,2020
"A18..18",NA,46,2020
"A18..18",NA,47,2020
"A18..18",NA,48,2020
"A18..18",1,49,2020
"A18..18",NA,50,2020
"A18..18",1,51,2020
"A18..18",1,52,2020
"A18..18",NA,53,2020
"A19..19",1,1,2020
"A19..19",NA,2,2020
"A19..19",1,3,2020
"A19..19",1,4,2020
"A19..19",NA,5,2020
"A19..19",3,6,2020
"A19..19",1,7,2020
"A19..19",NA,8,2020
"A19..19",1,9,2020
"A19..19",NA,10,2020
"A19..19",NA,11,2020
"A19..19",2,12,2020
"A19..19",1,13,2020
"A19..19",NA,14,2020
"A19..19",NA,15,2020
"A19..19",NA,16,2020
"A19..19",NA,17,2020
"A19..19",1,18,2020
"A19..19",1,19,2020
"A19..19",NA,20,2020
"A19..19",NA,21,2020
"A19..19",NA,22,2020
"A19..19",NA,23,2020
"A19..19",NA,24,2020
"A19..19",NA,25,2020
"A19..19",1,26,2020
"A19..19",1,27,2020
"A19..19",NA,28,2020
"A19..19",NA,29,2020
"A19..19",NA,30,2020
"A19..19",1,31,2020
"A19..19",NA,32,2020
"A19..19",2,33,2020
"A19..19",1,34,2020
"A19..19",1,35,2020
"A19..19",NA,36,2020
"A19..19",NA,37,2020
"A19..19",1,38,2020
"A19..19",NA,39,2020
"A19..19",NA,40,2020
"A19..19",1,41,2020
"A19..19",NA,42,2020
"A19..19",NA,43,2020
"A19..19",NA,44,2020
"A19..19",NA,45,2020
"A19..19",NA,46,2020
"A19..19",1,47,2020
"A19..19",NA,48,2020
"A19..19",NA,49,2020
"A19..19",NA,50,2020
"A19..19",NA,51,2020
"A19..19",NA,52,2020
"A19..19",NA,53,2020
"A20..20",NA,1,2020
"A20..20",NA,2,2020
"A20..20",1,3,2020
"A20..20",1,4,2020
"A20..20",1,5,2020
"A20..20",NA,6,2020
"A20..20",1,7,2020
"A20..20",NA,8,2020
"A20..20",NA,9,2020
"A20..20",NA,10,2020
"A20..20",NA,11,2020
"A20..20",NA,12,2020
"A20..20",1,13,2020
"A20..20",NA,14,2020
"A20..20",NA,15,2020
"A20..20",NA,16,2020
"A20..20",NA,17,2020
"A20..20",1,18,2020
"A20..20",1,19,2020
"A20..20",NA,20,2020
"A20..20",1,21,2020
"A20..20",2,22,2020
"A20..20",NA,23,2020
"A20..20",NA,24,2020
"A20..20",1,25,2020
"A20..20",NA,26,2020
"A20..20",NA,27,2020
"A20..20",NA,28,2020
"A20..20",NA,29,2020
"A20..20",1,30,2020
"A20..20",1,31,2020
"A20..20",NA,32,2020
"A20..20",1,33,2020
"A20..20",NA,34,2020
"A20..20",NA,35,2020
"A20..20",NA,36,2020
"A20..20",NA,37,2020
"A20..20",NA,38,2020
"A20..20",1,39,2020
"A20..20",NA,40,2020
"A20..20",NA,41,2020
"A20..20",NA,42,2020
"A20..20",NA,43,2020
"A20..20",1,44,2020
"A20..20",NA,45,2020
"A20..20",NA,46,2020
"A20..20",NA,47,2020
"A20..20",NA,48,2020
"A20..20",1,49,2020
"A20..20",NA,50,2020
"A20..20",NA,51,2020
"A20..20",NA,52,2020
"A20..20",NA,53,2020
"A21..21",1,1,2020
"A21..21",NA,2,2020
"A21..21",NA,3,2020
"A21..21",1,4,2020
"A21..21",NA,5,2020
"A21..21",2,6,2020
"A21..21",NA,7,2020
"A21..21",2,8,2020
"A21..21",2,9,2020
"A21..21",1,10,2020
"A21..21",NA,11,2020
"A21..21",NA,12,2020
"A21..21",NA,13,2020
"A21..21",2,14,2020
"A21..21",1,15,2020
"A21..21",1,16,2020
"A21..21",NA,17,2020
"A21..21",NA,18,2020
"A21..21",NA,19,2020
"A21..21",1,20,2020
"A21..21",NA,21,2020
"A21..21",NA,22,2020
"A21..21",NA,23,2020
"A21..21",1,24,2020
"A21..21",NA,25,2020
"A21..21",2,26,2020
"A21..21",2,27,2020
"A21..21",NA,28,2020
"A21..21",NA,29,2020
"A21..21",NA,30,2020
"A21..21",1,31,2020
"A21..21",NA,32,2020
"A21..21",1,33,2020
"A21..21",NA,34,2020
"A21..21",1,35,2020
"A21..21",1,36,2020
"A21..21",NA,37,2020
"A21..21",NA,38,2020
"A21..21",NA,39,2020
"A21..21",2,40,2020
"A21..21",NA,41,2020
"A21..21",1,42,2020
"A21..21",1,43,2020
"A21..21",NA,44,2020
"A21..21",NA,45,2020
"A21..21",NA,46,2020
"A21..21",NA,47,2020
"A21..21",NA,48,2020
"A21..21",NA,49,2020
"A21..21",NA,50,2020
"A21..21",NA,51,2020
"A21..21",NA,52,2020
"A21..21",NA,53,2020
"A22..22",NA,1,2020
"A22..22",NA,2,2020
"A22..22",1,3,2020
"A22..22",1,4,2020
"A22..22",1,5,2020
"A22..22",1,6,2020
"A22..22",NA,7,2020
"A22..22",NA,8,2020
"A22..22",2,9,2020
"A22..22",NA,10,2020
"A22..22",2,11,2020
"A22..22",3,12,2020
"A22..22",NA,13,2020
"A22..22",1,14,2020
"A22..22",NA,15,2020
"A22..22",1,16,2020
"A22..22",1,17,2020
"A22..22",NA,18,2020
"A22..22",NA,19,2020
"A22..22",NA,20,2020
"A22..22",2,21,2020
"A22..22",NA,22,2020
"A22..22",NA,23,2020
"A22..22",NA,24,2020
"A22..22",NA,25,2020
"A22..22",NA,26,2020
"A22..22",NA,27,2020
"A22..22",NA,28,2020
"A22..22",NA,29,2020
"A22..22",NA,30,2020
"A22..22",NA,31,2020
"A22..22",1,32,2020
"A22..22",NA,33,2020
"A22..22",NA,34,2020
"A22..22",NA,35,2020
"A22..22",NA,36,2020
"A22..22",NA,37,2020
"A22..22",NA,38,2020
"A22..22",NA,39,2020
"A22..22",1,40,2020
"A22..22",NA,41,2020
"A22..22",2,42,2020
"A22..22",1,43,2020
"A22..22",NA,44,2020
"A22..22",NA,45,2020
"A22..22",NA,46,2020
"A22..22",NA,47,2020
"A22..22",1,48,2020
"A22..22",NA,49,2020
"A22..22",NA,50,2020
"A22..22",NA,51,2020
"A22..22",NA,52,2020
"A22..22",NA,53,2020
"A23..23",NA,1,2020
"A23..23",1,2,2020
"A23..23",NA,3,2020
"A23..23",3,4,2020
"A23..23",NA,5,2020
"A23..23",2,6,2020
"A23..23",3,7,2020
"A23..23",1,8,2020
"A23..23",4,9,2020
"A23..23",1,10,2020
"A23..23",NA,11,2020
"A23..23",4,12,2020
"A23..23",NA,13,2020
"A23..23",NA,14,2020
"A23..23",1,15,2020
"A23..23",NA,16,2020
"A23..23",2,17,2020
"A23..23",1,18,2020
"A23..23",NA,19,2020
"A23..23",NA,20,2020
"A23..23",1,21,2020
"A23..23",NA,22,2020
"A23..23",NA,23,2020
"A23..23",NA,24,2020
"A23..23",1,25,2020
"A23..23",1,26,2020
"A23..23",NA,27,2020
"A23..23",NA,28,2020
"A23..23",NA,29,2020
"A23..23",1,30,2020
"A23..23",1,31,2020
"A23..23",NA,32,2020
"A23..23",NA,33,2020
"A23..23",NA,34,2020
"A23..23",2,35,2020
"A23..23",1,36,2020
"A23..23",NA,37,2020
"A23..23",NA,38,2020
"A23..23",1,39,2020
"A23..23",NA,40,2020
"A23..23",NA,41,2020
"A23..23",NA,42,2020
"A23..23",NA,43,2020
"A23..23",NA,44,2020
"A23..23",NA,45,2020
"A23..23",NA,46,2020
"A23..23",NA,47,2020
"A23..23",NA,48,2020
"A23..23",NA,49,2020
"A23..23",NA,50,2020
"A23..23",1,51,2020
"A23..23",NA,52,2020
"A23..23",NA,53,2020
"A24..24",NA,1,2020
"A24..24",NA,2,2020
"A24..24",1,3,2020
"A24..24",NA,4,2020
"A24..24",1,5,2020
"A24..24",1,6,2020
"A24..24",NA,7,2020
"A24..24",1,8,2020
"A24..24",1,9,2020
"A24..24",1,10,2020
"A24..24",NA,11,2020
"A24..24",1,12,2020
"A24..24",NA,13,2020
"A24..24",NA,14,2020
"A24..24",1,15,2020
"A24..24",1,16,2020
"A24..24",NA,17,2020
"A24..24",2,18,2020
"A24..24",1,19,2020
"A24..24",NA,20,2020
"A24..24",NA,21,2020
"A24..24",NA,22,2020
"A24..24",1,23,2020
"A24..24",NA,24,2020
"A24..24",NA,25,2020
"A24..24",2,26,2020
"A24..24",1,27,2020
"A24..24",NA,28,2020
"A24..24",1,29,2020
"A24..24",NA,30,2020
"A24..24",NA,31,2020
"A24..24",1,32,2020
"A24..24",NA,33,2020
"A24..24",NA,34,2020
"A24..24",1,35,2020
"A24..24",1,36,2020
"A24..24",NA,37,2020
"A24..24",NA,38,2020
"A24..24",NA,39,2020
"A24..24",1,40,2020
"A24..24",2,41,2020
"A24..24",NA,42,2020
"A24..24",NA,43,2020
"A24..24",NA,44,2020
"A24..24",1,45,2020
"A24..24",NA,46,2020
"A24..24",NA,47,2020
"A24..24",NA,48,2020
"A24..24",NA,49,2020
"A24..24",NA,50,2020
"A24..24",NA,51,2020
"A24..24",1,52,2020
"A24..24",1,53,2020
"A25..25",NA,1,2020
"A25..25",1,2,2020
"A25..25",1,3,2020
"A25..25",1,4,2020
"A25..25",1,5,2020
"A25..25",NA,6,2020
"A25..25",NA,7,2020
"A25..25",1,8,2020
"A25..25",1,9,2020
"A25..25",NA,10,2020
"A25..25",2,11,2020
"A25..25",2,12,2020
"A25..25",2,13,2020
"A25..25",NA,14,2020
"A25..25",NA,15,2020
"A25..25",NA,16,2020
"A25..25",NA,17,2020
"A25..25",NA,18,2020
"A25..25",1,19,2020
"A25..25",NA,20,2020
"A25..25",NA,21,2020
"A25..25",NA,22,2020
"A25..25",NA,23,2020
"A25..25",NA,24,2020
"A25..25",NA,25,2020
"A25..25",NA,26,2020
"A25..25",NA,27,2020
"A25..25",NA,28,2020
"A25..25",NA,29,2020
"A25..25",NA,30,2020
"A25..25",1,31,2020
"A25..25",NA,32,2020
"A25..25",1,33,2020
"A25..25",1,34,2020
"A25..25",NA,35,2020
"A25..25",1,36,2020
"A25..25",NA,37,2020
"A25..25",1,38,2020
"A25..25",NA,39,2020
"A25..25",1,40,2020
"A25..25",NA,41,2020
"A25..25",1,42,2020
"A25..25",NA,43,2020
"A25..25",NA,44,2020
"A25..25",1,45,2020
"A25..25",NA,46,2020
"A25..25",1,47,2020
"A25..25",NA,48,2020
"A25..25",NA,49,2020
"A25..25",NA,50,2020
"A25..25",NA,51,2020
"A25..25",NA,52,2020
"A25..25",NA,53,2020
"A26..26",NA,1,2020
"A26..26",NA,2,2020
"A26..26",1,3,2020
"A26..26",NA,4,2020
"A26..26",NA,5,2020
"A26..26",NA,6,2020
"A26..26",2,7,2020
"A26..26",2,8,2020
"A26..26",1,9,2020
"A26..26",NA,10,2020
"A26..26",3,11,2020
"A26..26",2,12,2020
"A26..26",2,13,2020
"A26..26",NA,14,2020
"A26..26",1,15,2020
"A26..26",NA,16,2020
"A26..26",NA,17,2020
"A26..26",NA,18,2020
"A26..26",NA,19,2020
"A26..26",1,20,2020
"A26..26",NA,21,2020
"A26..26",NA,22,2020
"A26..26",NA,23,2020
"A26..26",1,24,2020
"A26..26",1,25,2020
"A26..26",1,26,2020
"A26..26",2,27,2020
"A26..26",1,28,2020
"A26..26",1,29,2020
"A26..26",1,30,2020
"A26..26",2,31,2020
"A26..26",1,32,2020
"A26..26",NA,33,2020
"A26..26",NA,34,2020
"A26..26",NA,35,2020
"A26..26",1,36,2020
"A26..26",NA,37,2020
"A26..26",NA,38,2020
"A26..26",NA,39,2020
"A26..26",NA,40,2020
"A26..26",NA,41,2020
"A26..26",NA,42,2020
"A26..26",NA,43,2020
"A26..26",NA,44,2020
"A26..26",NA,45,2020
"A26..26",NA,46,2020
"A26..26",NA,47,2020
"A26..26",NA,48,2020
"A26..26",NA,49,2020
"A26..26",2,50,2020
"A26..26",NA,51,2020
"A26..26",NA,52,2020
"A26..26",NA,53,2020
"A27..27",1,1,2020
"A27..27",1,2,2020
"A27..27",1,3,2020
"A27..27",1,4,2020
"A27..27",3,5,2020
"A27..27",3,6,2020
"A27..27",2,7,2020
"A27..27",NA,8,2020
"A27..27",1,9,2020
"A27..27",1,10,2020
"A27..27",2,11,2020
"A27..27",1,12,2020
"A27..27",NA,13,2020
"A27..27",1,14,2020
"A27..27",1,15,2020
"A27..27",NA,16,2020
"A27..27",NA,17,2020
"A27..27",NA,18,2020
"A27..27",NA,19,2020
"A27..27",NA,20,2020
"A27..27",NA,21,2020
"A27..27",1,22,2020
"A27..27",NA,23,2020
"A27..27",NA,24,2020
"A27..27",NA,25,2020
"A27..27",2,26,2020
"A27..27",NA,27,2020
"A27..27",1,28,2020
"A27..27",1,29,2020
"A27..27",NA,30,2020
"A27..27",NA,31,2020
"A27..27",NA,32,2020
"A27..27",1,33,2020
"A27..27",NA,34,2020
"A27..27",1,35,2020
"A27..27",1,36,2020
"A27..27",NA,37,2020
"A27..27",1,38,2020
"A27..27",NA,39,2020
"A27..27",NA,40,2020
"A27..27",NA,41,2020
"A27..27",NA,42,2020
"A27..27",NA,43,2020
"A27..27",NA,44,2020
"A27..27",1,45,2020
"A27..27",NA,46,2020
"A27..27",NA,47,2020
"A27..27",NA,48,2020
"A27..27",NA,49,2020
"A27..27",1,50,2020
"A27..27",NA,51,2020
"A27..27",NA,52,2020
"A27..27",NA,53,2020
"A28..28",2,1,2020
"A28..28",1,2,2020
"A28..28",1,3,2020
"A28..28",2,4,2020
"A28..28",2,5,2020
"A28..28",3,6,2020
"A28..28",2,7,2020
"A28..28",1,8,2020
"A28..28",NA,9,2020
"A28..28",1,10,2020
"A28..28",1,11,2020
"A28..28",3,12,2020
"A28..28",2,13,2020
"A28..28",NA,14,2020
"A28..28",2,15,2020
"A28..28",NA,16,2020
"A28..28",NA,17,2020
"A28..28",1,18,2020
"A28..28",1,19,2020
"A28..28",NA,20,2020
"A28..28",NA,21,2020
"A28..28",NA,22,2020
"A28..28",NA,23,2020
"A28..28",NA,24,2020
"A28..28",NA,25,2020
"A28..28",1,26,2020
"A28..28",1,27,2020
"A28..28",3,28,2020
"A28..28",2,29,2020
"A28..28",NA,30,2020
"A28..28",NA,31,2020
"A28..28",NA,32,2020
"A28..28",1,33,2020
"A28..28",NA,34,2020
"A28..28",NA,35,2020
"A28..28",NA,36,2020
"A28..28",NA,37,2020
"A28..28",1,38,2020
"A28..28",NA,39,2020
"A28..28",NA,40,2020
"A28..28",1,41,2020
"A28..28",NA,42,2020
"A28..28",NA,43,2020
"A28..28",NA,44,2020
"A28..28",1,45,2020
"A28..28",NA,46,2020
"A28..28",NA,47,2020
"A28..28",NA,48,2020
"A28..28",NA,49,2020
"A28..28",NA,50,2020
"A28..28",1,51,2020
"A28..28",NA,52,2020
"A28..28",NA,53,2020
"A29..29",1,1,2020
"A29..29",1,2,2020
"A29..29",1,3,2020
"A29..29",NA,4,2020
"A29..29",3,5,2020
"A29..29",1,6,2020
"A29..29",1,7,2020
"A29..29",3,8,2020
"A29..29",4,9,2020
"A29..29",4,10,2020
"A29..29",1,11,2020
"A29..29",1,12,2020
"A29..29",NA,13,2020
"A29..29",NA,14,2020
"A29..29",NA,15,2020
"A29..29",NA,16,2020
"A29..29",NA,17,2020
"A29..29",NA,18,2020
"A29..29",1,19,2020
"A29..29",1,20,2020
"A29..29",NA,21,2020
"A29..29",NA,22,2020
"A29..29",NA,23,2020
"A29..29",1,24,2020
"A29..29",1,25,2020
"A29..29",NA,26,2020
"A29..29",NA,27,2020
"A29..29",NA,28,2020
"A29..29",1,29,2020
"A29..29",1,30,2020
"A29..29",1,31,2020
"A29..29",3,32,2020
"A29..29",1,33,2020
"A29..29",NA,34,2020
"A29..29",1,35,2020
"A29..29",NA,36,2020
"A29..29",NA,37,2020
"A29..29",NA,38,2020
"A29..29",NA,39,2020
"A29..29",NA,40,2020
"A29..29",NA,41,2020
"A29..29",NA,42,2020
"A29..29",2,43,2020
"A29..29",1,44,2020
"A29..29",1,45,2020
"A29..29",NA,46,2020
"A29..29",NA,47,2020
"A29..29",NA,48,2020
"A29..29",1,49,2020
"A29..29",NA,50,2020
"A29..29",1,51,2020
"A29..29",1,52,2020
"A29..29",1,53,2020
"A30..30",NA,1,2020
"A30..30",2,2,2020
"A30..30",3,3,2020
"A30..30",NA,4,2020
"A30..30",2,5,2020
"A30..30",3,6,2020
"A30..30",NA,7,2020
"A30..30",4,8,2020
"A30..30",NA,9,2020
"A30..30",1,10,2020
"A30..30",1,11,2020
"A30..30",1,12,2020
"A30..30",2,13,2020
"A30..30",1,14,2020
"A30..30",1,15,2020
"A30..30",NA,16,2020
"A30..30",NA,17,2020
"A30..30",NA,18,2020
"A30..30",1,19,2020
"A30..30",1,20,2020
"A30..30",NA,21,2020
"A30..30",NA,22,2020
"A30..30",NA,23,2020
"A30..30",NA,24,2020
"A30..30",NA,25,2020
"A30..30",NA,26,2020
"A30..30",2,27,2020
"A30..30",1,28,2020
"A30..30",1,29,2020
"A30..30",NA,30,2020
"A30..30",1,31,2020
"A30..30",1,32,2020
"A30..30",1,33,2020
"A30..30",2,34,2020
"A30..30",NA,35,2020
"A30..30",1,36,2020
"A30..30",1,37,2020
"A30..30",1,38,2020
"A30..30",NA,39,2020
"A30..30",NA,40,2020
"A30..30",NA,41,2020
"A30..30",NA,42,2020
"A30..30",NA,43,2020
"A30..30",1,44,2020
"A30..30",NA,45,2020
"A30..30",NA,46,2020
"A30..30",NA,47,2020
"A30..30",NA,48,2020
"A30..30",NA,49,2020
"A30..30",1,50,2020
"A30..30",1,51,2020
"A30..30",NA,52,2020
"A30..30",NA,53,2020
"A31..31",2,1,2020
"A31..31",1,2,2020
"A31..31",NA,3,2020
"A31..31",1,4,2020
"A31..31",1,5,2020
"A31..31",4,6,2020
"A31..31",NA,7,2020
"A31..31",2,8,2020
"A31..31",2,9,2020
"A31..31",3,10,2020
"A31..31",1,11,2020
"A31..31",1,12,2020
"A31..31",1,13,2020
"A31..31",NA,14,2020
"A31..31",NA,15,2020
"A31..31",1,16,2020
"A31..31",NA,17,2020
"A31..31",NA,18,2020
"A31..31",NA,19,2020
"A31..31",NA,20,2020
"A31..31",NA,21,2020
"A31..31",2,22,2020
"A31..31",NA,23,2020
"A31..31",1,24,2020
"A31..31",1,25,2020
"A31..31",1,26,2020
"A31..31",1,27,2020
"A31..31",1,28,2020
"A31..31",1,29,2020
"A31..31",NA,30,2020
"A31..31",NA,31,2020
"A31..31",2,32,2020
"A31..31",NA,33,2020
"A31..31",NA,34,2020
"A31..31",2,35,2020
"A31..31",NA,36,2020
"A31..31",NA,37,2020
"A31..31",NA,38,2020
"A31..31",NA,39,2020
"A31..31",NA,40,2020
"A31..31",NA,41,2020
"A31..31",NA,42,2020
"A31..31",1,43,2020
"A31..31",NA,44,2020
"A31..31",NA,45,2020
"A31..31",1,46,2020
"A31..31",NA,47,2020
"A31..31",NA,48,2020
"A31..31",1,49,2020
"A31..31",NA,50,2020
"A31..31",1,51,2020
"A31..31",NA,52,2020
"A31..31",1,53,2020
"A32..32",NA,1,2020
"A32..32",NA,2,2020
"A32..32",1,3,2020
"A32..32",2,4,2020
"A32..32",2,5,2020
"A32..32",1,6,2020
"A32..32",2,7,2020
"A32..32",NA,8,2020
"A32..32",2,9,2020
"A32..32",3,10,2020
"A32..32",5,11,2020
"A32..32",3,12,2020
"A32..32",4,13,2020
"A32..32",1,14,2020
"A32..32",3,15,2020
"A32..32",1,16,2020
"A32..32",1,17,2020
"A32..32",NA,18,2020
"A32..32",1,19,2020
"A32..32",1,20,2020
"A32..32",NA,21,2020
"A32..32",NA,22,2020
"A32..32",NA,23,2020
"A32..32",1,24,2020
"A32..32",NA,25,2020
"A32..32",1,26,2020
"A32..32",NA,27,2020
"A32..32",3,28,2020
"A32..32",1,29,2020
"A32..32",NA,30,2020
"A32..32",NA,31,2020
"A32..32",NA,32,2020
"A32..32",1,33,2020
"A32..32",NA,34,2020
"A32..32",NA,35,2020
"A32..32",NA,36,2020
"A32..32",NA,37,2020
"A32..32",1,38,2020
"A32..32",NA,39,2020
"A32..32",NA,40,2020
"A32..32",1,41,2020
"A32..32",NA,42,2020
"A32..32",NA,43,2020
"A32..32",NA,44,2020
"A32..32",NA,45,2020
"A32..32",NA,46,2020
"A32..32",NA,47,2020
"A32..32",NA,48,2020
"A32..32",NA,49,2020
"A32..32",NA,50,2020
"A32..32",NA,51,2020
"A32..32",1,52,2020
"A32..32",NA,53,2020
"A33..33",1,1,2020
"A33..33",NA,2,2020
"A33..33",3,3,2020
"A33..33",NA,4,2020
"A33..33",NA,5,2020
"A33..33",1,6,2020
"A33..33",2,7,2020
"A33..33",NA,8,2020
"A33..33",4,9,2020
"A33..33",3,10,2020
"A33..33",4,11,2020
"A33..33",NA,12,2020
"A33..33",NA,13,2020
"A33..33",2,14,2020
"A33..33",NA,15,2020
"A33..33",1,16,2020
"A33..33",2,17,2020
"A33..33",NA,18,2020
"A33..33",1,19,2020
"A33..33",NA,20,2020
"A33..33",4,21,2020
"A33..33",1,22,2020
"A33..33",1,23,2020
"A33..33",NA,24,2020
"A33..33",NA,25,2020
"A33..33",NA,26,2020
"A33..33",1,27,2020
"A33..33",1,28,2020
"A33..33",NA,29,2020
"A33..33",3,30,2020
"A33..33",NA,31,2020
"A33..33",1,32,2020
"A33..33",NA,33,2020
"A33..33",1,34,2020
"A33..33",1,35,2020
"A33..33",2,36,2020
"A33..33",1,37,2020
"A33..33",1,38,2020
"A33..33",NA,39,2020
"A33..33",NA,40,2020
"A33..33",NA,41,2020
"A33..33",1,42,2020
"A33..33",NA,43,2020
"A33..33",NA,44,2020
"A33..33",1,45,2020
"A33..33",NA,46,2020
"A33..33",1,47,2020
"A33..33",NA,48,2020
"A33..33",NA,49,2020
"A33..33",1,50,2020
"A33..33",1,51,2020
"A33..33",NA,52,2020
"A33..33",NA,53,2020
"A34..34",1,1,2020
"A34..34",1,2,2020
"A34..34",3,3,2020
"A34..34",1,4,2020
"A34..34",1,5,2020
"A34..34",NA,6,2020
"A34..34",1,7,2020
"A34..34",1,8,2020
"A34..34",3,9,2020
"A34..34",4,10,2020
"A34..34",3,11,2020
"A34..34",2,12,2020
"A34..34",3,13,2020
"A34..34",NA,14,2020
"A34..34",1,15,2020
"A34..34",1,16,2020
"A34..34",1,17,2020
"A34..34",NA,18,2020
"A34..34",NA,19,2020
"A34..34",NA,20,2020
"A34..34",NA,21,2020
"A34..34",NA,22,2020
"A34..34",NA,23,2020
"A34..34",1,24,2020
"A34..34",1,25,2020
"A34..34",NA,26,2020
"A34..34",1,27,2020
"A34..34",3,28,2020
"A34..34",2,29,2020
"A34..34",NA,30,2020
"A34..34",NA,31,2020
"A34..34",2,32,2020
"A34..34",NA,33,2020
"A34..34",1,34,2020
"A34..34",NA,35,2020
"A34..34",NA,36,2020
"A34..34",1,37,2020
"A34..34",NA,38,2020
"A34..34",1,39,2020
"A34..34",NA,40,2020
"A34..34",NA,41,2020
"A34..34",NA,42,2020
"A34..34",1,43,2020
"A34..34",NA,44,2020
"A34..34",2,45,2020
"A34..34",NA,46,2020
"A34..34",NA,47,2020
"A34..34",1,48,2020
"A34..34",1,49,2020
"A34..34",NA,50,2020
"A34..34",NA,51,2020
"A34..34",NA,52,2020
"A34..34",NA,53,2020
"A35..35",1,1,2020
"A35..35",3,2,2020
"A35..35",1,3,2020
"A35..35",2,4,2020
"A35..35",3,5,2020
"A35..35",1,6,2020
"A35..35",NA,7,2020
"A35..35",2,8,2020
"A35..35",2,9,2020
"A35..35",4,10,2020
"A35..35",1,11,2020
"A35..35",NA,12,2020
"A35..35",1,13,2020
"A35..35",NA,14,2020
"A35..35",NA,15,2020
"A35..35",1,16,2020
"A35..35",2,17,2020
"A35..35",1,18,2020
"A35..35",NA,19,2020
"A35..35",NA,20,2020
"A35..35",NA,21,2020
"A35..35",NA,22,2020
"A35..35",NA,23,2020
"A35..35",NA,24,2020
"A35..35",1,25,2020
"A35..35",NA,26,2020
"A35..35",2,27,2020
"A35..35",NA,28,2020
"A35..35",NA,29,2020
"A35..35",NA,30,2020
"A35..35",1,31,2020
"A35..35",NA,32,2020
"A35..35",NA,33,2020
"A35..35",NA,34,2020
"A35..35",2,35,2020
"A35..35",NA,36,2020
"A35..35",1,37,2020
"A35..35",1,38,2020
"A35..35",NA,39,2020
"A35..35",NA,40,2020
"A35..35",2,41,2020
"A35..35",1,42,2020
"A35..35",1,43,2020
"A35..35",NA,44,2020
"A35..35",1,45,2020
"A35..35",1,46,2020
"A35..35",NA,47,2020
"A35..35",NA,48,2020
"A35..35",NA,49,2020
"A35..35",NA,50,2020
"A35..35",NA,51,2020
"A35..35",NA,52,2020
"A35..35",NA,53,2020
"A36..36",2,1,2020
"A36..36",NA,2,2020
"A36..36",3,3,2020
"A36..36",2,4,2020
"A36..36",1,5,2020
"A36..36",NA,6,2020
"A36..36",NA,7,2020
"A36..36",NA,8,2020
"A36..36",1,9,2020
"A36..36",1,10,2020
"A36..36",2,11,2020
"A36..36",2,12,2020
"A36..36",1,13,2020
"A36..36",1,14,2020
"A36..36",NA,15,2020
"A36..36",1,16,2020
"A36..36",NA,17,2020
"A36..36",2,18,2020
"A36..36",1,19,2020
"A36..36",NA,20,2020
"A36..36",NA,21,2020
"A36..36",1,22,2020
"A36..36",1,23,2020
"A36..36",1,24,2020
"A36..36",2,25,2020
"A36..36",2,26,2020
"A36..36",NA,27,2020
"A36..36",1,28,2020
"A36..36",NA,29,2020
"A36..36",NA,30,2020
"A36..36",1,31,2020
"A36..36",1,32,2020
"A36..36",2,33,2020
"A36..36",NA,34,2020
"A36..36",2,35,2020
"A36..36",NA,36,2020
"A36..36",1,37,2020
"A36..36",NA,38,2020
"A36..36",1,39,2020
"A36..36",1,40,2020
"A36..36",2,41,2020
"A36..36",NA,42,2020
"A36..36",NA,43,2020
"A36..36",1,44,2020
"A36..36",1,45,2020
"A36..36",NA,46,2020
"A36..36",NA,47,2020
"A36..36",NA,48,2020
"A36..36",NA,49,2020
"A36..36",NA,50,2020
"A36..36",1,51,2020
"A36..36",NA,52,2020
"A36..36",NA,53,2020
"A37..37",1,1,2020
"A37..37",1,2,2020
"A37..37",1,3,2020
"A37..37",3,4,2020
"A37..37",6,5,2020
"A37..37",2,6,2020
"A37..37",1,7,2020
"A37..37",2,8,2020
"A37..37",6,9,2020
"A37..37",1,10,2020
"A37..37",1,11,2020
"A37..37",2,12,2020
"A37..37",2,13,2020
"A37..37",NA,14,2020
"A37..37",1,15,2020
"A37..37",1,16,2020
"A37..37",NA,17,2020
"A37..37",NA,18,2020
"A37..37",NA,19,2020
"A37..37",1,20,2020
"A37..37",1,21,2020
"A37..37",1,22,2020
"A37..37",NA,23,2020
"A37..37",1,24,2020
"A37..37",NA,25,2020
"A37..37",NA,26,2020
"A37..37",1,27,2020
"A37..37",NA,28,2020
"A37..37",1,29,2020
"A37..37",1,30,2020
"A37..37",NA,31,2020
"A37..37",NA,32,2020
"A37..37",NA,33,2020
"A37..37",1,34,2020
"A37..37",NA,35,2020
"A37..37",NA,36,2020
"A37..37",1,37,2020
"A37..37",1,38,2020
"A37..37",NA,39,2020
"A37..37",NA,40,2020
"A37..37",1,41,2020
"A37..37",NA,42,2020
"A37..37",NA,43,2020
"A37..37",NA,44,2020
"A37..37",NA,45,2020
"A37..37",NA,46,2020
"A37..37",NA,47,2020
"A37..37",2,48,2020
"A37..37",NA,49,2020
"A37..37",NA,50,2020
"A37..37",1,51,2020
"A37..37",NA,52,2020
"A37..37",NA,53,2020
"A38..38",NA,1,2020
"A38..38",2,2,2020
"A38..38",4,3,2020
"A38..38",NA,4,2020
"A38..38",3,5,2020
"A38..38",2,6,2020
"A38..38",NA,7,2020
"A38..38",2,8,2020
"A38..38",2,9,2020
"A38..38",2,10,2020
"A38..38",1,11,2020
"A38..38",3,12,2020
"A38..38",NA,13,2020
"A38..38",NA,14,2020
"A38..38",NA,15,2020
"A38..38",NA,16,2020
"A38..38",2,17,2020
"A38..38",NA,18,2020
"A38..38",NA,19,2020
"A38..38",2,20,2020
"A38..38",NA,21,2020
"A38..38",2,22,2020
"A38..38",NA,23,2020
"A38..38",NA,24,2020
"A38..38",NA,25,2020
"A38..38",NA,26,2020
"A38..38",NA,27,2020
"A38..38",NA,28,2020
"A38..38",1,29,2020
"A38..38",NA,30,2020
"A38..38",NA,31,2020
"A38..38",1,32,2020
"A38..38",1,33,2020
"A38..38",2,34,2020
"A38..38",1,35,2020
"A38..38",NA,36,2020
"A38..38",1,37,2020
"A38..38",NA,38,2020
"A38..38",NA,39,2020
"A38..38",1,40,2020
"A38..38",1,41,2020
"A38..38",NA,42,2020
"A38..38",NA,43,2020
"A38..38",NA,44,2020
"A38..38",1,45,2020
"A38..38",NA,46,2020
"A38..38",NA,47,2020
"A38..38",1,48,2020
"A38..38",NA,49,2020
"A38..38",NA,50,2020
"A38..38",NA,51,2020
"A38..38",NA,52,2020
"A38..38",NA,53,2020
"A39..39",NA,1,2020
"A39..39",NA,2,2020
"A39..39",4,3,2020
"A39..39",1,4,2020
"A39..39",NA,5,2020
"A39..39",1,6,2020
"A39..39",1,7,2020
"A39..39",2,8,2020
"A39..39",1,9,2020
"A39..39",NA,10,2020
"A39..39",6,11,2020
"A39..39",NA,12,2020
"A39..39",3,13,2020
"A39..39",NA,14,2020
"A39..39",1,15,2020
"A39..39",1,16,2020
"A39..39",1,17,2020
"A39..39",NA,18,2020
"A39..39",NA,19,2020
"A39..39",NA,20,2020
"A39..39",NA,21,2020
"A39..39",NA,22,2020
"A39..39",NA,23,2020
"A39..39",NA,24,2020
"A39..39",1,25,2020
"A39..39",NA,26,2020
"A39..39",2,27,2020
"A39..39",NA,28,2020
"A39..39",2,29,2020
"A39..39",NA,30,2020
"A39..39",2,31,2020
"A39..39",1,32,2020
"A39..39",1,33,2020
"A39..39",NA,34,2020
"A39..39",1,35,2020
"A39..39",2,36,2020
"A39..39",1,37,2020
"A39..39",1,38,2020
"A39..39",NA,39,2020
"A39..39",NA,40,2020
"A39..39",NA,41,2020
"A39..39",1,42,2020
"A39..39",NA,43,2020
"A39..39",NA,44,2020
"A39..39",NA,45,2020
"A39..39",1,46,2020
"A39..39",NA,47,2020
"A39..39",1,48,2020
"A39..39",NA,49,2020
"A39..39",1,50,2020
"A39..39",1,51,2020
"A39..39",1,52,2020
"A39..39",NA,53,2020
"A40..40",1,1,2020
"A40..40",1,2,2020
"A40..40",3,3,2020
"A40..40",1,4,2020
"A40..40",NA,5,2020
"A40..40",NA,6,2020
"A40..40",2,7,2020
"A40..40",1,8,2020
"A40..40",2,9,2020
"A40..40",1,10,2020
"A40..40",NA,11,2020
"A40..40",NA,12,2020
"A40..40",NA,13,2020
"A40..40",1,14,2020
"A40..40",NA,15,2020
"A40..40",1,16,2020
"A40..40",NA,17,2020
"A40..40",1,18,2020
"A40..40",1,19,2020
"A40..40",NA,20,2020
"A40..40",NA,21,2020
"A40..40",1,22,2020
"A40..40",NA,23,2020
"A40..40",NA,24,2020
"A40..40",1,25,2020
"A40..40",1,26,2020
"A40..40",1,27,2020
"A40..40",NA,28,2020
"A40..40",NA,29,2020
"A40..40",2,30,2020
"A40..40",NA,31,2020
"A40..40",3,32,2020
"A40..40",1,33,2020
"A40..40",1,34,2020
"A40..40",1,35,2020
"A40..40",NA,36,2020
"A40..40",NA,37,2020
"A40..40",1,38,2020
"A40..40",1,39,2020
"A40..40",NA,40,2020
"A40..40",1,41,2020
"A40..40",NA,42,2020
"A40..40",NA,43,2020
"A40..40",NA,44,2020
"A40..40",NA,45,2020
"A40..40",NA,46,2020
"A40..40",NA,47,2020
"A40..40",NA,48,2020
"A40..40",NA,49,2020
"A40..40",NA,50,2020
"A40..40",NA,51,2020
"A40..40",NA,52,2020
"A40..40",NA,53,2020
"A41..41",NA,1,2020
"A41..41",1,2,2020
"A41..41",3,3,2020
"A41..41",2,4,2020
"A41..41",NA,5,2020
"A41..41",3,6,2020
"A41..41",2,7,2020
"A41..41",3,8,2020
"A41..41",2,9,2020
"A41..41",3,10,2020
"A41..41",2,11,2020
"A41..41",3,12,2020
"A41..41",NA,13,2020
"A41..41",2,14,2020
"A41..41",NA,15,2020
"A41..41",NA,16,2020
"A41..41",NA,17,2020
"A41..41",NA,18,2020
"A41..41",NA,19,2020
"A41..41",NA,20,2020
"A41..41",NA,21,2020
"A41..41",2,22,2020
"A41..41",1,23,2020
"A41..41",NA,24,2020
"A41..41",NA,25,2020
"A41..41",NA,26,2020
"A41..41",NA,27,2020
"A41..41",1,28,2020
"A41..41",NA,29,2020
"A41..41",NA,30,2020
"A41..41",NA,31,2020
"A41..41",NA,32,2020
"A41..41",1,33,2020
"A41..41",NA,34,2020
"A41..41",NA,35,2020
"A41..41",2,36,2020
"A41..41",NA,37,2020
"A41..41",NA,38,2020
"A41..41",NA,39,2020
"A41..41",NA,40,2020
"A41..41",NA,41,2020
"A41..41",NA,42,2020
"A41..41",1,43,2020
"A41..41",NA,44,2020
"A41..41",NA,45,2020
"A41..41",2,46,2020
"A41..41",NA,47,2020
"A41..41",NA,48,2020
"A41..41",NA,49,2020
"A41..41",NA,50,2020
"A41..41",1,51,2020
"A41..41",NA,52,2020
"A41..41",NA,53,2020
"A42..42",NA,1,2020
"A42..42",2,2,2020
"A42..42",1,3,2020
"A42..42",1,4,2020
"A42..42",1,5,2020
"A42..42",NA,6,2020
"A42..42",1,7,2020
"A42..42",1,8,2020
"A42..42",3,9,2020
"A42..42",5,10,2020
"A42..42",NA,11,2020
"A42..42",2,12,2020
"A42..42",1,13,2020
"A42..42",1,14,2020
"A42..42",NA,15,2020
"A42..42",1,16,2020
"A42..42",NA,17,2020
"A42..42",NA,18,2020
"A42..42",NA,19,2020
"A42..42",NA,20,2020
"A42..42",1,21,2020
"A42..42",3,22,2020
"A42..42",NA,23,2020
"A42..42",1,24,2020
"A42..42",NA,25,2020
"A42..42",NA,26,2020
"A42..42",1,27,2020
"A42..42",NA,28,2020
"A42..42",3,29,2020
"A42..42",1,30,2020
"A42..42",1,31,2020
"A42..42",1,32,2020
"A42..42",NA,33,2020
"A42..42",3,34,2020
"A42..42",NA,35,2020
"A42..42",2,36,2020
"A42..42",NA,37,2020
"A42..42",NA,38,2020
"A42..42",NA,39,2020
"A42..42",NA,40,2020
"A42..42",NA,41,2020
"A42..42",1,42,2020
"A42..42",NA,43,2020
"A42..42",NA,44,2020
"A42..42",1,45,2020
"A42..42",NA,46,2020
"A42..42",NA,47,2020
"A42..42",1,48,2020
"A42..42",1,49,2020
"A42..42",NA,50,2020
"A42..42",2,51,2020
"A42..42",NA,52,2020
"A42..42",NA,53,2020
"A43..43",NA,1,2020
"A43..43",NA,2,2020
"A43..43",NA,3,2020
"A43..43",NA,4,2020
"A43..43",NA,5,2020
"A43..43",1,6,2020
"A43..43",1,7,2020
"A43..43",NA,8,2020
"A43..43",1,9,2020
"A43..43",2,10,2020
"A43..43",3,11,2020
"A43..43",NA,12,2020
"A43..43",NA,13,2020
"A43..43",1,14,2020
"A43..43",NA,15,2020
"A43..43",NA,16,2020
"A43..43",NA,17,2020
"A43..43",NA,18,2020
"A43..43",NA,19,2020
"A43..43",1,20,2020
"A43..43",1,21,2020
"A43..43",NA,22,2020
"A43..43",NA,23,2020
"A43..43",NA,24,2020
"A43..43",NA,25,2020
"A43..43",2,26,2020
"A43..43",NA,27,2020
"A43..43",1,28,2020
"A43..43",NA,29,2020
"A43..43",NA,30,2020
"A43..43",NA,31,2020
"A43..43",NA,32,2020
"A43..43",NA,33,2020
"A43..43",1,34,2020
"A43..43",NA,35,2020
"A43..43",1,36,2020
"A43..43",NA,37,2020
"A43..43",NA,38,2020
"A43..43",1,39,2020
"A43..43",NA,40,2020
"A43..43",NA,41,2020
"A43..43",2,42,2020
"A43..43",NA,43,2020
"A43..43",NA,44,2020
"A43..43",NA,45,2020
"A43..43",NA,46,2020
"A43..43",NA,47,2020
"A43..43",NA,48,2020
"A43..43",NA,49,2020
"A43..43",NA,50,2020
"A43..43",1,51,2020
"A43..43",NA,52,2020
"A43..43",NA,53,2020
"A44..44",NA,1,2020
"A44..44",NA,2,2020
"A44..44",1,3,2020
"A44..44",NA,4,2020
"A44..44",1,5,2020
"A44..44",1,6,2020
"A44..44",NA,7,2020
"A44..44",NA,8,2020
"A44..44",NA,9,2020
"A44..44",2,10,2020
"A44..44",NA,11,2020
"A44..44",3,12,2020
"A44..44",NA,13,2020
"A44..44",1,14,2020
"A44..44",NA,15,2020
"A44..44",1,16,2020
"A44..44",NA,17,2020
"A44..44",NA,18,2020
"A44..44",1,19,2020
"A44..44",1,20,2020
"A44..44",NA,21,2020
"A44..44",2,22,2020
"A44..44",NA,23,2020
"A44..44",NA,24,2020
"A44..44",NA,25,2020
"A44..44",NA,26,2020
"A44..44",1,27,2020
"A44..44",NA,28,2020
"A44..44",1,29,2020
"A44..44",1,30,2020
"A44..44",1,31,2020
"A44..44",NA,32,2020
"A44..44",NA,33,2020
"A44..44",1,34,2020
"A44..44",NA,35,2020
"A44..44",NA,36,2020
"A44..44",1,37,2020
"A44..44",1,38,2020
"A44..44",1,39,2020
"A44..44",NA,40,2020
"A44..44",NA,41,2020
"A44..44",1,42,2020
"A44..44",1,43,2020
"A44..44",NA,44,2020
"A44..44",NA,45,2020
"A44..44",NA,46,2020
"A44..44",NA,47,2020
"A44..44",2,48,2020
"A44..44",NA,49,2020
"A44..44",NA,50,2020
"A44..44",NA,51,2020
"A44..44",NA,52,2020
"A44..44",NA,53,2020
"A45..45",3,1,2020
"A45..45",NA,2,2020
"A45..45",2,3,2020
"A45..45",NA,4,2020
"A45..45",1,5,2020
"A45..45",NA,6,2020
"A45..45",2,7,2020
"A45..45",NA,8,2020
"A45..45",1,9,2020
"A45..45",NA,10,2020
"A45..45",NA,11,2020
"A45..45",NA,12,2020
"A45..45",1,13,2020
"A45..45",NA,14,2020
"A45..45",NA,15,2020
"A45..45",NA,16,2020
"A45..45",1,17,2020
"A45..45",NA,18,2020
"A45..45",NA,19,2020
"A45..45",NA,20,2020
"A45..45",1,21,2020
"A45..45",NA,22,2020
"A45..45",NA,23,2020
"A45..45",1,24,2020
"A45..45",1,25,2020
"A45..45",NA,26,2020
"A45..45",2,27,2020
"A45..45",1,28,2020
"A45..45",NA,29,2020
"A45..45",NA,30,2020
"A45..45",NA,31,2020
"A45..45",2,32,2020
"A45..45",NA,33,2020
"A45..45",NA,34,2020
"A45..45",1,35,2020
"A45..45",NA,36,2020
"A45..45",3,37,2020
"A45..45",NA,38,2020
"A45..45",NA,39,2020
"A45..45",2,40,2020
"A45..45",NA,41,2020
"A45..45",1,42,2020
"A45..45",NA,43,2020
"A45..45",NA,44,2020
"A45..45",NA,45,2020
"A45..45",NA,46,2020
"A45..45",1,47,2020
"A45..45",NA,48,2020
"A45..45",1,49,2020
"A45..45",1,50,2020
"A45..45",NA,51,2020
"A45..45",NA,52,2020
"A45..45",NA,53,2020
"A46..46",1,1,2020
"A46..46",1,2,2020
"A46..46",NA,3,2020
"A46..46",NA,4,2020
"A46..46",NA,5,2020
"A46..46",1,6,2020
"A46..46",NA,7,2020
"A46..46",1,8,2020
"A46..46",NA,9,2020
"A46..46",2,10,2020
"A46..46",NA,11,2020
"A46..46",1,12,2020
"A46..46",1,13,2020
"A46..46",NA,14,2020
"A46..46",1,15,2020
"A46..46",1,16,2020
"A46..46",1,17,2020
"A46..46",NA,18,2020
"A46..46",NA,19,2020
"A46..46",1,20,2020
"A46..46",1,21,2020
"A46..46",2,22,2020
"A46..46",NA,23,2020
"A46..46",NA,24,2020
"A46..46",NA,25,2020
"A46..46",2,26,2020
"A46..46",1,27,2020
"A46..46",NA,28,2020
"A46..46",NA,29,2020
"A46..46",NA,30,2020
"A46..46",2,31,2020
"A46..46",NA,32,2020
"A46..46",1,33,2020
"A46..46",NA,34,2020
"A46..46",2,35,2020
"A46..46",NA,36,2020
"A46..46",NA,37,2020
"A46..46",NA,38,2020
"A46..46",1,39,2020
"A46..46",NA,40,2020
"A46..46",NA,41,2020
"A46..46",1,42,2020
"A46..46",2,43,2020
"A46..46",1,44,2020
"A46..46",NA,45,2020
"A46..46",NA,46,2020
"A46..46",NA,47,2020
"A46..46",NA,48,2020
"A46..46",NA,49,2020
"A46..46",NA,50,2020
"A46..46",NA,51,2020
"A46..46",NA,52,2020
"A46..46",1,53,2020
"A47..47",NA,1,2020
"A47..47",1,2,2020
"A47..47",1,3,2020
"A47..47",3,4,2020
"A47..47",2,5,2020
"A47..47",1,6,2020
"A47..47",1,7,2020
"A47..47",1,8,2020
"A47..47",3,9,2020
"A47..47",1,10,2020
"A47..47",2,11,2020
"A47..47",NA,12,2020
"A47..47",NA,13,2020
"A47..47",1,14,2020
"A47..47",NA,15,2020
"A47..47",NA,16,2020
"A47..47",1,17,2020
"A47..47",NA,18,2020
"A47..47",NA,19,2020
"A47..47",1,20,2020
"A47..47",NA,21,2020
"A47..47",1,22,2020
"A47..47",NA,23,2020
"A47..47",1,24,2020
"A47..47",NA,25,2020
"A47..47",NA,26,2020
"A47..47",2,27,2020
"A47..47",NA,28,2020
"A47..47",NA,29,2020
"A47..47",NA,30,2020
"A47..47",NA,31,2020
"A47..47",NA,32,2020
"A47..47",1,33,2020
"A47..47",2,34,2020
"A47..47",3,35,2020
"A47..47",NA,36,2020
"A47..47",NA,37,2020
"A47..47",NA,38,2020
"A47..47",NA,39,2020
"A47..47",1,40,2020
"A47..47",NA,41,2020
"A47..47",1,42,2020
"A47..47",1,43,2020
"A47..47",1,44,2020
"A47..47",NA,45,2020
"A47..47",1,46,2020
"A47..47",NA,47,2020
"A47..47",NA,48,2020
"A47..47",NA,49,2020
"A47..47",NA,50,2020
"A47..47",NA,51,2020
"A47..47",NA,52,2020
"A47..47",NA,53,2020
"A48..48",1,1,2020
"A48..48",1,2,2020
"A48..48",NA,3,2020
"A48..48",1,4,2020
"A48..48",NA,5,2020
"A48..48",1,6,2020
"A48..48",1,7,2020
"A48..48",NA,8,2020
"A48..48",2,9,2020
"A48..48",2,10,2020
"A48..48",2,11,2020
"A48..48",NA,12,2020
"A48..48",1,13,2020
"A48..48",1,14,2020
"A48..48",NA,15,2020
"A48..48",NA,16,2020
"A48..48",1,17,2020
"A48..48",1,18,2020
"A48..48",NA,19,2020
"A48..48",NA,20,2020
"A48..48",NA,21,2020
"A48..48",NA,22,2020
"A48..48",1,23,2020
"A48..48",2,24,2020
"A48..48",NA,25,2020
"A48..48",NA,26,2020
"A48..48",1,27,2020
"A48..48",1,28,2020
"A48..48",NA,29,2020
"A48..48",1,30,2020
"A48..48",2,31,2020
"A48..48",NA,32,2020
"A48..48",NA,33,2020
"A48..48",NA,34,2020
"A48..48",1,35,2020
"A48..48",NA,36,2020
"A48..48",2,37,2020
"A48..48",NA,38,2020
"A48..48",1,39,2020
"A48..48",NA,40,2020
"A48..48",1,41,2020
"A48..48",1,42,2020
"A48..48",NA,43,2020
"A48..48",1,44,2020
"A48..48",NA,45,2020
"A48..48",NA,46,2020
"A48..48",NA,47,2020
"A48..48",NA,48,2020
"A48..48",NA,49,2020
"A48..48",1,50,2020
"A48..48",1,51,2020
"A48..48",NA,52,2020
"A48..48",NA,53,2020
"A49..49",NA,1,2020
"A49..49",1,2,2020
"A49..49",3,3,2020
"A49..49",2,4,2020
"A49..49",1,5,2020
"A49..49",2,6,2020
"A49..49",1,7,2020
"A49..49",NA,8,2020
"A49..49",1,9,2020
"A49..49",3,10,2020
"A49..49",1,11,2020
"A49..49",NA,12,2020
"A49..49",NA,13,2020
"A49..49",3,14,2020
"A49..49",NA,15,2020
"A49..49",2,16,2020
"A49..49",1,17,2020
"A49..49",1,18,2020
"A49..49",NA,19,2020
"A49..49",NA,20,2020
"A49..49",NA,21,2020
"A49..49",2,22,2020
"A49..49",NA,23,2020
"A49..49",NA,24,2020
"A49..49",1,25,2020
"A49..49",3,26,2020
"A49..49",1,27,2020
"A49..49",NA,28,2020
"A49..49",NA,29,2020
"A49..49",NA,30,2020
"A49..49",NA,31,2020
"A49..49",NA,32,2020
"A49..49",1,33,2020
"A49..49",1,34,2020
"A49..49",NA,35,2020
"A49..49",2,36,2020
"A49..49",NA,37,2020
"A49..49",2,38,2020
"A49..49",3,39,2020
"A49..49",1,40,2020
"A49..49",3,41,2020
"A49..49",NA,42,2020
"A49..49",NA,43,2020
"A49..49",1,44,2020
"A49..49",1,45,2020
"A49..49",NA,46,2020
"A49..49",NA,47,2020
"A49..49",1,48,2020
"A49..49",NA,49,2020
"A49..49",NA,50,2020
"A49..49",2,51,2020
"A49..49",NA,52,2020
"A49..49",NA,53,2020
"A50..50",NA,1,2020
"A50..50",1,2,2020
"A50..50",1,3,2020
"A50..50",1,4,2020
"A50..50",1,5,2020
"A50..50",1,6,2020
"A50..50",NA,7,2020
"A50..50",NA,8,2020
"A50..50",1,9,2020
"A50..50",3,10,2020
"A50..50",1,11,2020
"A50..50",NA,12,2020
"A50..50",NA,13,2020
"A50..50",NA,14,2020
"A50..50",NA,15,2020
"A50..50",1,16,2020
"A50..50",2,17,2020
"A50..50",NA,18,2020
"A50..50",NA,19,2020
"A50..50",NA,20,2020
"A50..50",NA,21,2020
"A50..50",1,22,2020
"A50..50",1,23,2020
"A50..50",1,24,2020
"A50..50",1,25,2020
"A50..50",1,26,2020
"A50..50",NA,27,2020
"A50..50",NA,28,2020
"A50..50",1,29,2020
"A50..50",NA,30,2020
"A50..50",NA,31,2020
"A50..50",2,32,2020
"A50..50",NA,33,2020
"A50..50",1,34,2020
"A50..50",1,35,2020
"A50..50",NA,36,2020
"A50..50",NA,37,2020
"A50..50",1,38,2020
"A50..50",2,39,2020
"A50..50",NA,40,2020
"A50..50",1,41,2020
"A50..50",NA,42,2020
"A50..50",NA,43,2020
"A50..50",NA,44,2020
"A50..50",NA,45,2020
"A50..50",NA,46,2020
"A50..50",1,47,2020
"A50..50",2,48,2020
"A50..50",1,49,2020
"A50..50",1,50,2020
"A50..50",NA,51,2020
"A50..50",NA,52,2020
"A50..50",NA,53,2020
"A51..51",NA,1,2020
"A51..51",2,2,2020
"A51..51",3,3,2020
"A51..51",1,4,2020
"A51..51",2,5,2020
"A51..51",1,6,2020
"A51..51",3,7,2020
"A51..51",NA,8,2020
"A51..51",1,9,2020
"A51..51",1,10,2020
"A51..51",2,11,2020
"A51..51",3,12,2020
"A51..51",NA,13,2020
"A51..51",2,14,2020
"A51..51",1,15,2020
"A51..51",1,16,2020
"A51..51",1,17,2020
"A51..51",NA,18,2020
"A51..51",NA,19,2020
"A51..51",1,20,2020
"A51..51",1,21,2020
"A51..51",NA,22,2020
"A51..51",2,23,2020
"A51..51",1,24,2020
"A51..51",1,25,2020
"A51..51",NA,26,2020
"A51..51",2,27,2020
"A51..51",NA,28,2020
"A51..51",1,29,2020
"A51..51",2,30,2020
"A51..51",2,31,2020
"A51..51",2,32,2020
"A51..51",1,33,2020
"A51..51",1,34,2020
"A51..51",NA,35,2020
"A51..51",1,36,2020
"A51..51",1,37,2020
"A51..51",1,38,2020
"A51..51",3,39,2020
"A51..51",NA,40,2020
"A51..51",1,41,2020
"A51..51",NA,42,2020
"A51..51",NA,43,2020
"A51..51",NA,44,2020
"A51..51",1,45,2020
"A51..51",NA,46,2020
"A51..51",NA,47,2020
"A51..51",NA,48,2020
"A51..51",NA,49,2020
"A51..51",1,50,2020
"A51..51",2,51,2020
"A51..51",1,52,2020
"A51..51",NA,53,2020
"A52..52",NA,1,2020
"A52..52",1,2,2020
"A52..52",NA,3,2020
"A52..52",2,4,2020
"A52..52",3,5,2020
"A52..52",2,6,2020
"A52..52",3,7,2020
"A52..52",2,8,2020
"A52..52",2,9,2020
"A52..52",2,10,2020
"A52..52",1,11,2020
"A52..52",2,12,2020
"A52..52",2,13,2020
"A52..52",NA,14,2020
"A52..52",1,15,2020
"A52..52",1,16,2020
"A52..52",2,17,2020
"A52..52",2,18,2020
"A52..52",1,19,2020
"A52..52",NA,20,2020
"A52..52",2,21,2020
"A52..52",1,22,2020
"A52..52",1,23,2020
"A52..52",2,24,2020
"A52..52",1,25,2020
"A52..52",1,26,2020
"A52..52",NA,27,2020
"A52..52",NA,28,2020
"A52..52",NA,29,2020
"A52..52",2,30,2020
"A52..52",1,31,2020
"A52..52",NA,32,2020
"A52..52",1,33,2020
"A52..52",NA,34,2020
"A52..52",1,35,2020
"A52..52",NA,36,2020
"A52..52",2,37,2020
"A52..52",1,38,2020
"A52..52",1,39,2020
"A52..52",NA,40,2020
"A52..52",1,41,2020
"A52..52",NA,42,2020
"A52..52",1,43,2020
"A52..52",NA,44,2020
"A52..52",NA,45,2020
"A52..52",NA,46,2020
"A52..52",1,47,2020
"A52..52",3,48,2020
"A52..52",NA,49,2020
"A52..52",NA,50,2020
"A52..52",NA,51,2020
"A52..52",1,52,2020
"A52..52",1,53,2020
"A53..53",NA,1,2020
"A53..53",NA,2,2020
"A53..53",4,3,2020
"A53..53",3,4,2020
"A53..53",3,5,2020
"A53..53",1,6,2020
"A53..53",1,7,2020
"A53..53",3,8,2020
"A53..53",2,9,2020
"A53..53",2,10,2020
"A53..53",4,11,2020
"A53..53",1,12,2020
"A53..53",4,13,2020
"A53..53",2,14,2020
"A53..53",1,15,2020
"A53..53",NA,16,2020
"A53..53",NA,17,2020
"A53..53",NA,18,2020
"A53..53",2,19,2020
"A53..53",2,20,2020
"A53..53",2,21,2020
"A53..53",2,22,2020
"A53..53",1,23,2020
"A53..53",NA,24,2020
"A53..53",NA,25,2020
"A53..53",1,26,2020
"A53..53",1,27,2020
"A53..53",3,28,2020
"A53..53",NA,29,2020
"A53..53",1,30,2020
"A53..53",NA,31,2020
"A53..53",2,32,2020
"A53..53",NA,33,2020
"A53..53",3,34,2020
"A53..53",2,35,2020
"A53..53",NA,36,2020
"A53..53",1,37,2020
"A53..53",1,38,2020
"A53..53",1,39,2020
"A53..53",1,40,2020
"A53..53",NA,41,2020
"A53..53",NA,42,2020
"A53..53",NA,43,2020
"A53..53",1,44,2020
"A53..53",NA,45,2020
"A53..53",NA,46,2020
"A53..53",1,47,2020
"A53..53",1,48,2020
"A53..53",1,49,2020
"A53..53",NA,50,2020
"A53..53",NA,51,2020
"A53..53",NA,52,2020
"A53..53",1,53,2020
"A54..54",2,1,2020
"A54..54",1,2,2020
"A54..54",5,3,2020
"A54..54",2,4,2020
"A54..54",1,5,2020
"A54..54",NA,6,2020
"A54..54",1,7,2020
"A54..54",3,8,2020
"A54..54",4,9,2020
"A54..54",2,10,2020
"A54..54",3,11,2020
"A54..54",2,12,2020
"A54..54",1,13,2020
"A54..54",1,14,2020
"A54..54",NA,15,2020
"A54..54",2,16,2020
"A54..54",2,17,2020
"A54..54",NA,18,2020
"A54..54",1,19,2020
"A54..54",1,20,2020
"A54..54",2,21,2020
"A54..54",1,22,2020
"A54..54",NA,23,2020
"A54..54",2,24,2020
"A54..54",1,25,2020
"A54..54",1,26,2020
"A54..54",1,27,2020
"A54..54",2,28,2020
"A54..54",1,29,2020
"A54..54",2,30,2020
"A54..54",4,31,2020
"A54..54",NA,32,2020
"A54..54",NA,33,2020
"A54..54",2,34,2020
"A54..54",1,35,2020
"A54..54",1,36,2020
"A54..54",NA,37,2020
"A54..54",1,38,2020
"A54..54",NA,39,2020
"A54..54",2,40,2020
"A54..54",2,41,2020
"A54..54",NA,42,2020
"A54..54",NA,43,2020
"A54..54",NA,44,2020
"A54..54",2,45,2020
"A54..54",NA,46,2020
"A54..54",1,47,2020
"A54..54",1,48,2020
"A54..54",NA,49,2020
"A54..54",1,50,2020
"A54..54",NA,51,2020
"A54..54",NA,52,2020
"A54..54",NA,53,2020
"A55..55",NA,1,2020
"A55..55",1,2,2020
"A55..55",1,3,2020
"A55..55",NA,4,2020
"A55..55",NA,5,2020
"A55..55",3,6,2020
"A55..55",3,7,2020
"A55..55",5,8,2020
"A55..55",1,9,2020
"A55..55",4,10,2020
"A55..55",2,11,2020
"A55..55",1,12,2020
"A55..55",NA,13,2020
"A55..55",2,14,2020
"A55..55",2,15,2020
"A55..55",2,16,2020
"A55..55",NA,17,2020
"A55..55",NA,18,2020
"A55..55",1,19,2020
"A55..55",1,20,2020
"A55..55",NA,21,2020
"A55..55",1,22,2020
"A55..55",1,23,2020
"A55..55",NA,24,2020
"A55..55",2,25,2020
"A55..55",1,26,2020
"A55..55",1,27,2020
"A55..55",NA,28,2020
"A55..55",1,29,2020
"A55..55",2,30,2020
"A55..55",1,31,2020
"A55..55",1,32,2020
"A55..55",3,33,2020
"A55..55",NA,34,2020
"A55..55",1,35,2020
"A55..55",2,36,2020
"A55..55",1,37,2020
"A55..55",2,38,2020
"A55..55",2,39,2020
"A55..55",NA,40,2020
"A55..55",NA,41,2020
"A55..55",2,42,2020
"A55..55",1,43,2020
"A55..55",1,44,2020
"A55..55",NA,45,2020
"A55..55",NA,46,2020
"A55..55",2,47,2020
"A55..55",1,48,2020
"A55..55",1,49,2020
"A55..55",1,50,2020
"A55..55",1,51,2020
"A55..55",1,52,2020
"A55..55",1,53,2020
"A56..56",2,1,2020
"A56..56",5,2,2020
"A56..56",NA,3,2020
"A56..56",2,4,2020
"A56..56",2,5,2020
"A56..56",3,6,2020
"A56..56",1,7,2020
"A56..56",3,8,2020
"A56..56",1,9,2020
"A56..56",2,10,2020
"A56..56",5,11,2020
"A56..56",3,12,2020
"A56..56",3,13,2020
"A56..56",1,14,2020
"A56..56",2,15,2020
"A56..56",1,16,2020
"A56..56",1,17,2020
"A56..56",2,18,2020
"A56..56",NA,19,2020
"A56..56",1,20,2020
"A56..56",2,21,2020
"A56..56",1,22,2020
"A56..56",1,23,2020
"A56..56",NA,24,2020
"A56..56",2,25,2020
"A56..56",3,26,2020
"A56..56",1,27,2020
"A56..56",NA,28,2020
"A56..56",2,29,2020
"A56..56",2,30,2020
"A56..56",2,31,2020
"A56..56",1,32,2020
"A56..56",NA,33,2020
"A56..56",2,34,2020
"A56..56",NA,35,2020
"A56..56",2,36,2020
"A56..56",NA,37,2020
"A56..56",3,38,2020
"A56..56",NA,39,2020
"A56..56",NA,40,2020
"A56..56",1,41,2020
"A56..56",2,42,2020
"A56..56",NA,43,2020
"A56..56",2,44,2020
"A56..56",NA,45,2020
"A56..56",NA,46,2020
"A56..56",1,47,2020
"A56..56",1,48,2020
"A56..56",3,49,2020
"A56..56",NA,50,2020
"A56..56",1,51,2020
"A56..56",NA,52,2020
"A56..56",1,53,2020
"A57..57",2,1,2020
"A57..57",1,2,2020
"A57..57",3,3,2020
"A57..57",3,4,2020
"A57..57",7,5,2020
"A57..57",3,6,2020
"A57..57",3,7,2020
"A57..57",2,8,2020
"A57..57",2,9,2020
"A57..57",NA,10,2020
"A57..57",3,11,2020
"A57..57",1,12,2020
"A57..57",1,13,2020
"A57..57",NA,14,2020
"A57..57",2,15,2020
"A57..57",2,16,2020
"A57..57",1,17,2020
"A57..57",1,18,2020
"A57..57",2,19,2020
"A57..57",1,20,2020
"A57..57",1,21,2020
"A57..57",1,22,2020
"A57..57",2,23,2020
"A57..57",NA,24,2020
"A57..57",NA,25,2020
"A57..57",1,26,2020
"A57..57",3,27,2020
"A57..57",1,28,2020
"A57..57",1,29,2020
"A57..57",1,30,2020
"A57..57",3,31,2020
"A57..57",1,32,2020
"A57..57",2,33,2020
"A57..57",1,34,2020
"A57..57",1,35,2020
"A57..57",NA,36,2020
"A57..57",1,37,2020
"A57..57",2,38,2020
"A57..57",3,39,2020
"A57..57",2,40,2020
"A57..57",2,41,2020
"A57..57",2,42,2020
"A57..57",NA,43,2020
"A57..57",1,44,2020
"A57..57",1,45,2020
"A57..57",1,46,2020
"A57..57",1,47,2020
"A57..57",2,48,2020
"A57..57",2,49,2020
"A57..57",NA,50,2020
"A57..57",1,51,2020
"A57..57",1,52,2020
"A57..57",2,53,2020
"A58..58",1,1,2020
"A58..58",2,2,2020
"A58..58",1,3,2020
"A58..58",1,4,2020
"A58..58",2,5,2020
"A58..58",1,6,2020
"A58..58",2,7,2020
"A58..58",NA,8,2020
"A58..58",NA,9,2020
"A58..58",4,10,2020
"A58..58",4,11,2020
"A58..58",3,12,2020
"A58..58",1,13,2020
"A58..58",2,14,2020
"A58..58",NA,15,2020
"A58..58",NA,16,2020
"A58..58",2,17,2020
"A58..58",1,18,2020
"A58..58",2,19,2020
"A58..58",NA,20,2020
"A58..58",1,21,2020
"A58..58",NA,22,2020
"A58..58",NA,23,2020
"A58..58",3,24,2020
"A58..58",1,25,2020
"A58..58",1,26,2020
"A58..58",1,27,2020
"A58..58",4,28,2020
"A58..58",NA,29,2020
"A58..58",1,30,2020
"A58..58",1,31,2020
"A58..58",1,32,2020
"A58..58",1,33,2020
"A58..58",1,34,2020
"A58..58",2,35,2020
"A58..58",1,36,2020
"A58..58",2,37,2020
"A58..58",1,38,2020
"A58..58",4,39,2020
"A58..58",NA,40,2020
"A58..58",NA,41,2020
"A58..58",NA,42,2020
"A58..58",2,43,2020
"A58..58",1,44,2020
"A58..58",2,45,2020
"A58..58",1,46,2020
"A58..58",NA,47,2020
"A58..58",1,48,2020
"A58..58",NA,49,2020
"A58..58",1,50,2020
"A58..58",NA,51,2020
"A58..58",2,52,2020
"A58..58",NA,53,2020
"A59..59",1,1,2020
"A59..59",5,2,2020
"A59..59",2,3,2020
"A59..59",4,4,2020
"A59..59",6,5,2020
"A59..59",NA,6,2020
"A59..59",2,7,2020
"A59..59",4,8,2020
"A59..59",4,9,2020
"A59..59",2,10,2020
"A59..59",2,11,2020
"A59..59",2,12,2020
"A59..59",1,13,2020
"A59..59",1,14,2020
"A59..59",NA,15,2020
"A59..59",2,16,2020
"A59..59",1,17,2020
"A59..59",1,18,2020
"A59..59",1,19,2020
"A59..59",3,20,2020
"A59..59",NA,21,2020
"A59..59",NA,22,2020
"A59..59",2,23,2020
"A59..59",3,24,2020
"A59..59",NA,25,2020
"A59..59",1,26,2020
"A59..59",2,27,2020
"A59..59",1,28,2020
"A59..59",5,29,2020
"A59..59",NA,30,2020
"A59..59",NA,31,2020
"A59..59",NA,32,2020
"A59..59",3,33,2020
"A59..59",1,34,2020
"A59..59",1,35,2020
"A59..59",2,36,2020
"A59..59",2,37,2020
"A59..59",1,38,2020
"A59..59",1,39,2020
"A59..59",2,40,2020
"A59..59",1,41,2020
"A59..59",1,42,2020
"A59..59",NA,43,2020
"A59..59",1,44,2020
"A59..59",1,45,2020
"A59..59",NA,46,2020
"A59..59",1,47,2020
"A59..59",2,48,2020
"A59..59",2,49,2020
"A59..59",1,50,2020
"A59..59",1,51,2020
"A59..59",NA,52,2020
"A59..59",1,53,2020
"A60..60",2,1,2020
"A60..60",2,2,2020
"A60..60",2,3,2020
"A60..60",2,4,2020
"A60..60",NA,5,2020
"A60..60",1,6,2020
"A60..60",NA,7,2020
"A60..60",4,8,2020
"A60..60",NA,9,2020
"A60..60",4,10,2020
"A60..60",2,11,2020
"A60..60",2,12,2020
"A60..60",1,13,2020
"A60..60",1,14,2020
"A60..60",2,15,2020
"A60..60",1,16,2020
"A60..60",1,17,2020
"A60..60",3,18,2020
"A60..60",NA,19,2020
"A60..60",NA,20,2020
"A60..60",1,21,2020
"A60..60",1,22,2020
"A60..60",2,23,2020
"A60..60",3,24,2020
"A60..60",1,25,2020
"A60..60",1,26,2020
"A60..60",NA,27,2020
"A60..60",4,28,2020
"A60..60",4,29,2020
"A60..60",3,30,2020
"A60..60",2,31,2020
"A60..60",NA,32,2020
"A60..60",1,33,2020
"A60..60",NA,34,2020
"A60..60",NA,35,2020
"A60..60",1,36,2020
"A60..60",NA,37,2020
"A60..60",NA,38,2020
"A60..60",3,39,2020
"A60..60",3,40,2020
"A60..60",1,41,2020
"A60..60",2,42,2020
"A60..60",NA,43,2020
"A60..60",1,44,2020
"A60..60",1,45,2020
"A60..60",1,46,2020
"A60..60",1,47,2020
"A60..60",1,48,2020
"A60..60",2,49,2020
"A60..60",1,50,2020
"A60..60",NA,51,2020
"A60..60",1,52,2020
"A60..60",1,53,2020
"A61..61",4,1,2020
"A61..61",4,2,2020
"A61..61",7,3,2020
"A61..61",2,4,2020
"A61..61",4,5,2020
"A61..61",3,6,2020
"A61..61",5,7,2020
"A61..61",4,8,2020
"A61..61",1,9,2020
"A61..61",2,10,2020
"A61..61",2,11,2020
"A61..61",3,12,2020
"A61..61",3,13,2020
"A61..61",3,14,2020
"A61..61",NA,15,2020
"A61..61",2,16,2020
"A61..61",1,17,2020
"A61..61",1,18,2020
"A61..61",1,19,2020
"A61..61",2,20,2020
"A61..61",NA,21,2020
"A61..61",1,22,2020
"A61..61",NA,23,2020
"A61..61",1,24,2020
"A61..61",1,25,2020
"A61..61",3,26,2020
"A61..61",2,27,2020
"A61..61",3,28,2020
"A61..61",NA,29,2020
"A61..61",1,30,2020
"A61..61",2,31,2020
"A61..61",1,32,2020
"A61..61",5,33,2020
"A61..61",NA,34,2020
"A61..61",1,35,2020
"A61..61",1,36,2020
"A61..61",NA,37,2020
"A61..61",1,38,2020
"A61..61",1,39,2020
"A61..61",1,40,2020
"A61..61",1,41,2020
"A61..61",NA,42,2020
"A61..61",NA,43,2020
"A61..61",NA,44,2020
"A61..61",NA,45,2020
"A61..61",1,46,2020
"A61..61",NA,47,2020
"A61..61",NA,48,2020
"A61..61",NA,49,2020
"A61..61",2,50,2020
"A61..61",1,51,2020
"A61..61",2,52,2020
"A61..61",NA,53,2020
"A62..62",3,1,2020
"A62..62",2,2,2020
"A62..62",4,3,2020
"A62..62",3,4,2020
"A62..62",1,5,2020
"A62..62",2,6,2020
"A62..62",1,7,2020
"A62..62",4,8,2020
"A62..62",3,9,2020
"A62..62",1,10,2020
"A62..62",3,11,2020
"A62..62",4,12,2020
"A62..62",1,13,2020
"A62..62",1,14,2020
"A62..62",NA,15,2020
"A62..62",4,16,2020
"A62..62",4,17,2020
"A62..62",NA,18,2020
"A62..62",1,19,2020
"A62..62",1,20,2020
"A62..62",1,21,2020
"A62..62",NA,22,2020
"A62..62",NA,23,2020
"A62..62",3,24,2020
"A62..62",NA,25,2020
"A62..62",1,26,2020
"A62..62",NA,27,2020
"A62..62",1,28,2020
"A62..62",2,29,2020
"A62..62",1,30,2020
"A62..62",1,31,2020
"A62..62",1,32,2020
"A62..62",1,33,2020
"A62..62",1,34,2020
"A62..62",1,35,2020
"A62..62",NA,36,2020
"A62..62",1,37,2020
"A62..62",3,38,2020
"A62..62",NA,39,2020
"A62..62",NA,40,2020
"A62..62",NA,41,2020
"A62..62",2,42,2020
"A62..62",3,43,2020
"A62..62",1,44,2020
"A62..62",NA,45,2020
"A62..62",1,46,2020
"A62..62",1,47,2020
"A62..62",NA,48,2020
"A62..62",1,49,2020
"A62..62",1,50,2020
"A62..62",1,51,2020
"A62..62",NA,52,2020
"A62..62",NA,53,2020
"A63..63",2,1,2020
"A63..63",4,2,2020
"A63..63",4,3,2020
"A63..63",2,4,2020
"A63..63",NA,5,2020
"A63..63",NA,6,2020
"A63..63",3,7,2020
"A63..63",3,8,2020
"A63..63",2,9,2020
"A63..63",2,10,2020
"A63..63",2,11,2020
"A63..63",4,12,2020
"A63..63",4,13,2020
"A63..63",4,14,2020
"A63..63",1,15,2020
"A63..63",NA,16,2020
"A63..63",NA,17,2020
"A63..63",1,18,2020
"A63..63",NA,19,2020
"A63..63",1,20,2020
"A63..63",3,21,2020
"A63..63",NA,22,2020
"A63..63",1,23,2020
"A63..63",2,24,2020
"A63..63",3,25,2020
"A63..63",1,26,2020
"A63..63",3,27,2020
"A63..63",1,28,2020
"A63..63",3,29,2020
"A63..63",1,30,2020
"A63..63",1,31,2020
"A63..63",1,32,2020
"A63..63",2,33,2020
"A63..63",3,34,2020
"A63..63",3,35,2020
"A63..63",NA,36,2020
"A63..63",NA,37,2020
"A63..63",1,38,2020
"A63..63",1,39,2020
"A63..63",2,40,2020
"A63..63",1,41,2020
"A63..63",NA,42,2020
"A63..63",1,43,2020
"A63..63",1,44,2020
"A63..63",1,45,2020
"A63..63",1,46,2020
"A63..63",2,47,2020
"A63..63",2,48,2020
"A63..63",1,49,2020
"A63..63",1,50,2020
"A63..63",1,51,2020
"A63..63",NA,52,2020
"A63..63",NA,53,2020
"A64..64",2,1,2020
"A64..64",6,2,2020
"A64..64",5,3,2020
"A64..64",1,4,2020
"A64..64",5,5,2020
"A64..64",4,6,2020
"A64..64",NA,7,2020
"A64..64",1,8,2020
"A64..64",2,9,2020
"A64..64",4,10,2020
"A64..64",4,11,2020
"A64..64",2,12,2020
"A64..64",NA,13,2020
"A64..64",1,14,2020
"A64..64",2,15,2020
"A64..64",4,16,2020
"A64..64",2,17,2020
"A64..64",NA,18,2020
"A64..64",1,19,2020
"A64..64",1,20,2020
"A64..64",2,21,2020
"A64..64",NA,22,2020
"A64..64",4,23,2020
"A64..64",1,24,2020
"A64..64",NA,25,2020
"A64..64",NA,26,2020
"A64..64",NA,27,2020
"A64..64",1,28,2020
"A64..64",4,29,2020
"A64..64",NA,30,2020
"A64..64",1,31,2020
"A64..64",NA,32,2020
"A64..64",4,33,2020
"A64..64",3,34,2020
"A64..64",2,35,2020
"A64..64",1,36,2020
"A64..64",2,37,2020
"A64..64",NA,38,2020
"A64..64",3,39,2020
"A64..64",2,40,2020
"A64..64",NA,41,2020
"A64..64",NA,42,2020
"A64..64",1,43,2020
"A64..64",1,44,2020
"A64..64",NA,45,2020
"A64..64",1,46,2020
"A64..64",1,47,2020
"A64..64",NA,48,2020
"A64..64",1,49,2020
"A64..64",1,50,2020
"A64..64",NA,51,2020
"A64..64",NA,52,2020
"A64..64",NA,53,2020
"A65..65",1,1,2020
"A65..65",4,2,2020
"A65..65",1,3,2020
"A65..65",4,4,2020
"A65..65",2,5,2020
"A65..65",1,6,2020
"A65..65",7,7,2020
"A65..65",4,8,2020
"A65..65",1,9,2020
"A65..65",NA,10,2020
"A65..65",5,11,2020
"A65..65",4,12,2020
"A65..65",5,13,2020
"A65..65",2,14,2020
"A65..65",1,15,2020
"A65..65",2,16,2020
"A65..65",1,17,2020
"A65..65",2,18,2020
"A65..65",1,19,2020
"A65..65",2,20,2020
"A65..65",NA,21,2020
"A65..65",2,22,2020
"A65..65",1,23,2020
"A65..65",3,24,2020
"A65..65",NA,25,2020
"A65..65",2,26,2020
"A65..65",2,27,2020
"A65..65",1,28,2020
"A65..65",5,29,2020
"A65..65",1,30,2020
"A65..65",3,31,2020
"A65..65",1,32,2020
"A65..65",1,33,2020
"A65..65",3,34,2020
"A65..65",3,35,2020
"A65..65",2,36,2020
"A65..65",2,37,2020
"A65..65",3,38,2020
"A65..65",2,39,2020
"A65..65",NA,40,2020
"A65..65",NA,41,2020
"A65..65",1,42,2020
"A65..65",NA,43,2020
"A65..65",NA,44,2020
"A65..65",1,45,2020
"A65..65",NA,46,2020
"A65..65",1,47,2020
"A65..65",1,48,2020
"A65..65",NA,49,2020
"A65..65",NA,50,2020
"A65..65",NA,51,2020
"A65..65",NA,52,2020
"A65..65",NA,53,2020
"A66..66",2,1,2020
"A66..66",NA,2,2020
"A66..66",2,3,2020
"A66..66",1,4,2020
"A66..66",6,5,2020
"A66..66",2,6,2020
"A66..66",2,7,2020
"A66..66",NA,8,2020
"A66..66",4,9,2020
"A66..66",3,10,2020
"A66..66",2,11,2020
"A66..66",4,12,2020
"A66..66",1,13,2020
"A66..66",2,14,2020
"A66..66",NA,15,2020
"A66..66",1,16,2020
"A66..66",2,17,2020
"A66..66",1,18,2020
"A66..66",1,19,2020
"A66..66",NA,20,2020
"A66..66",NA,21,2020
"A66..66",4,22,2020
"A66..66",1,23,2020
"A66..66",2,24,2020
"A66..66",4,25,2020
"A66..66",2,26,2020
"A66..66",2,27,2020
"A66..66",1,28,2020
"A66..66",3,29,2020
"A66..66",1,30,2020
"A66..66",2,31,2020
"A66..66",2,32,2020
"A66..66",2,33,2020
"A66..66",NA,34,2020
"A66..66",1,35,2020
"A66..66",2,36,2020
"A66..66",NA,37,2020
"A66..66",NA,38,2020
"A66..66",NA,39,2020
"A66..66",1,40,2020
"A66..66",3,41,2020
"A66..66",2,42,2020
"A66..66",2,43,2020
"A66..66",2,44,2020
"A66..66",NA,45,2020
"A66..66",NA,46,2020
"A66..66",NA,47,2020
"A66..66",NA,48,2020
"A66..66",2,49,2020
"A66..66",2,50,2020
"A66..66",1,51,2020
"A66..66",1,52,2020
"A66..66",1,53,2020
"A67..67",1,1,2020
"A67..67",NA,2,2020
"A67..67",1,3,2020
"A67..67",3,4,2020
"A67..67",1,5,2020
"A67..67",1,6,2020
"A67..67",3,7,2020
"A67..67",2,8,2020
"A67..67",NA,9,2020
"A67..67",5,10,2020
"A67..67",2,11,2020
"A67..67",4,12,2020
"A67..67",NA,13,2020
"A67..67",5,14,2020
"A67..67",NA,15,2020
"A67..67",2,16,2020
"A67..67",4,17,2020
"A67..67",2,18,2020
"A67..67",4,19,2020
"A67..67",NA,20,2020
"A67..67",NA,21,2020
"A67..67",NA,22,2020
"A67..67",1,23,2020
"A67..67",NA,24,2020
"A67..67",1,25,2020
"A67..67",NA,26,2020
"A67..67",4,27,2020
"A67..67",2,28,2020
"A67..67",1,29,2020
"A67..67",1,30,2020
"A67..67",1,31,2020
"A67..67",3,32,2020
"A67..67",1,33,2020
"A67..67",2,34,2020
"A67..67",2,35,2020
"A67..67",2,36,2020
"A67..67",1,37,2020
"A67..67",1,38,2020
"A67..67",NA,39,2020
"A67..67",NA,40,2020
"A67..67",1,41,2020
"A67..67",1,42,2020
"A67..67",NA,43,2020
"A67..67",1,44,2020
"A67..67",1,45,2020
"A67..67",1,46,2020
"A67..67",2,47,2020
"A67..67",NA,48,2020
"A67..67",NA,49,2020
"A67..67",2,50,2020
"A67..67",3,51,2020
"A67..67",1,52,2020
"A67..67",2,53,2020
"A68..68",4,1,2020
"A68..68",2,2,2020
"A68..68",4,3,2020
"A68..68",3,4,2020
"A68..68",2,5,2020
"A68..68",4,6,2020
"A68..68",4,7,2020
"A68..68",2,8,2020
"A68..68",NA,9,2020
"A68..68",1,10,2020
"A68..68",1,11,2020
"A68..68",3,12,2020
"A68..68",NA,13,2020
"A68..68",1,14,2020
"A68..68",3,15,2020
"A68..68",NA,16,2020
"A68..68",1,17,2020
"A68..68",2,18,2020
"A68..68",1,19,2020
"A68..68",2,20,2020
"A68..68",3,21,2020
"A68..68",3,22,2020
"A68..68",3,23,2020
"A68..68",2,24,2020
"A68..68",NA,25,2020
"A68..68",2,26,2020
"A68..68",2,27,2020
"A68..68",1,28,2020
"A68..68",4,29,2020
"A68..68",NA,30,2020
"A68..68",1,31,2020
"A68..68",2,32,2020
"A68..68",NA,33,2020
"A68..68",1,34,2020
"A68..68",1,35,2020
"A68..68",1,36,2020
"A68..68",1,37,2020
"A68..68",1,38,2020
"A68..68",NA,39,2020
"A68..68",NA,40,2020
"A68..68",NA,41,2020
"A68..68",1,42,2020
"A68..68",NA,43,2020
"A68..68",NA,44,2020
"A68..68",NA,45,2020
"A68..68",2,46,2020
"A68..68",1,47,2020
"A68..68",2,48,2020
"A68..68",2,49,2020
"A68..68",1,50,2020
"A68..68",1,51,2020
"A68..68",1,52,2020
"A68..68",3,53,2020
"A69..69",6,1,2020
"A69..69",5,2,2020
"A69..69",4,3,2020
"A69..69",4,4,2020
"A69..69",1,5,2020
"A69..69",4,6,2020
"A69..69",3,7,2020
"A69..69",2,8,2020
"A69..69",NA,9,2020
"A69..69",4,10,2020
"A69..69",5,11,2020
"A69..69",1,12,2020
"A69..69",3,13,2020
"A69..69",2,14,2020
"A69..69",4,15,2020
"A69..69",3,16,2020
"A69..69",NA,17,2020
"A69..69",5,18,2020
"A69..69",2,19,2020
"A69..69",3,20,2020
"A69..69",2,21,2020
"A69..69",NA,22,2020
"A69..69",NA,23,2020
"A69..69",NA,24,2020
"A69..69",2,25,2020
"A69..69",1,26,2020
"A69..69",1,27,2020
"A69..69",3,28,2020
"A69..69",2,29,2020
"A69..69",NA,30,2020
"A69..69",3,31,2020
"A69..69",2,32,2020
"A69..69",2,33,2020
"A69..69",1,34,2020
"A69..69",1,35,2020
"A69..69",2,36,2020
"A69..69",1,37,2020
"A69..69",1,38,2020
"A69..69",3,39,2020
"A69..69",NA,40,2020
"A69..69",2,41,2020
"A69..69",2,42,2020
"A69..69",2,43,2020
"A69..69",2,44,2020
"A69..69",NA,45,2020
"A69..69",3,46,2020
"A69..69",2,47,2020
"A69..69",NA,48,2020
"A69..69",NA,49,2020
"A69..69",1,50,2020
"A69..69",1,51,2020
"A69..69",NA,52,2020
"A69..69",1,53,2020
"A70..70",2,1,2020
"A70..70",1,2,2020
"A70..70",8,3,2020
"A70..70",1,4,2020
"A70..70",1,5,2020
"A70..70",8,6,2020
"A70..70",2,7,2020
"A70..70",6,8,2020
"A70..70",2,9,2020
"A70..70",1,10,2020
"A70..70",1,11,2020
"A70..70",3,12,2020
"A70..70",2,13,2020
"A70..70",1,14,2020
"A70..70",NA,15,2020
"A70..70",2,16,2020
"A70..70",1,17,2020
"A70..70",1,18,2020
"A70..70",NA,19,2020
"A70..70",2,20,2020
"A70..70",1,21,2020
"A70..70",5,22,2020
"A70..70",3,23,2020
"A70..70",NA,24,2020
"A70..70",NA,25,2020
"A70..70",1,26,2020
"A70..70",2,27,2020
"A70..70",1,28,2020
"A70..70",4,29,2020
"A70..70",NA,30,2020
"A70..70",1,31,2020
"A70..70",2,32,2020
"A70..70",NA,33,2020
"A70..70",3,34,2020
"A70..70",1,35,2020
"A70..70",1,36,2020
"A70..70",1,37,2020
"A70..70",NA,38,2020
"A70..70",3,39,2020
"A70..70",NA,40,2020
"A70..70",1,41,2020
"A70..70",NA,42,2020
"A70..70",2,43,2020
"A70..70",1,44,2020
"A70..70",3,45,2020
"A70..70",NA,46,2020
"A70..70",1,47,2020
"A70..70",1,48,2020
"A70..70",1,49,2020
"A70..70",1,50,2020
"A70..70",2,51,2020
"A70..70",NA,52,2020
"A70..70",1,53,2020
"A71..71",4,1,2020
"A71..71",3,2,2020
"A71..71",3,3,2020
"A71..71",3,4,2020
"A71..71",5,5,2020
"A71..71",2,6,2020
"A71..71",1,7,2020
"A71..71",3,8,2020
"A71..71",1,9,2020
"A71..71",1,10,2020
"A71..71",4,11,2020
"A71..71",1,12,2020
"A71..71",2,13,2020
"A71..71",2,14,2020
"A71..71",4,15,2020
"A71..71",NA,16,2020
"A71..71",NA,17,2020
"A71..71",3,18,2020
"A71..71",1,19,2020
"A71..71",3,20,2020
"A71..71",2,21,2020
"A71..71",4,22,2020
"A71..71",1,23,2020
"A71..71",2,24,2020
"A71..71",2,25,2020
"A71..71",1,26,2020
"A71..71",NA,27,2020
"A71..71",2,28,2020
"A71..71",1,29,2020
"A71..71",NA,30,2020
"A71..71",1,31,2020
"A71..71",2,32,2020
"A71..71",3,33,2020
"A71..71",2,34,2020
"A71..71",2,35,2020
"A71..71",4,36,2020
"A71..71",2,37,2020
"A71..71",3,38,2020
"A71..71",NA,39,2020
"A71..71",1,40,2020
"A71..71",NA,41,2020
"A71..71",2,42,2020
"A71..71",NA,43,2020
"A71..71",1,44,2020
"A71..71",1,45,2020
"A71..71",NA,46,2020
"A71..71",NA,47,2020
"A71..71",2,48,2020
"A71..71",1,49,2020
"A71..71",2,50,2020
"A71..71",4,51,2020
"A71..71",1,52,2020
"A71..71",2,53,2020
"A72..72",3,1,2020
"A72..72",3,2,2020
"A72..72",6,3,2020
"A72..72",1,4,2020
"A72..72",3,5,2020
"A72..72",2,6,2020
"A72..72",3,7,2020
"A72..72",4,8,2020
"A72..72",4,9,2020
"A72..72",3,10,2020
"A72..72",2,11,2020
"A72..72",2,12,2020
"A72..72",5,13,2020
"A72..72",3,14,2020
"A72..72",1,15,2020
"A72..72",2,16,2020
"A72..72",1,17,2020
"A72..72",NA,18,2020
"A72..72",NA,19,2020
"A72..72",4,20,2020
"A72..72",3,21,2020
"A72..72",NA,22,2020
"A72..72",1,23,2020
"A72..72",7,24,2020
"A72..72",1,25,2020
"A72..72",3,26,2020
"A72..72",3,27,2020
"A72..72",NA,28,2020
"A72..72",1,29,2020
"A72..72",1,30,2020
"A72..72",NA,31,2020
"A72..72",4,32,2020
"A72..72",NA,33,2020
"A72..72",1,34,2020
"A72..72",4,35,2020
"A72..72",1,36,2020
"A72..72",NA,37,2020
"A72..72",2,38,2020
"A72..72",NA,39,2020
"A72..72",NA,40,2020
"A72..72",1,41,2020
"A72..72",NA,42,2020
"A72..72",1,43,2020
"A72..72",NA,44,2020
"A72..72",2,45,2020
"A72..72",NA,46,2020
"A72..72",1,47,2020
"A72..72",NA,48,2020
"A72..72",2,49,2020
"A72..72",NA,50,2020
"A72..72",2,51,2020
"A72..72",1,52,2020
"A72..72",2,53,2020
"A73..73",2,1,2020
"A73..73",NA,2,2020
"A73..73",1,3,2020
"A73..73",1,4,2020
"A73..73",3,5,2020
"A73..73",1,6,2020
"A73..73",4,7,2020
"A73..73",1,8,2020
"A73..73",2,9,2020
"A73..73",3,10,2020
"A73..73",1,11,2020
"A73..73",3,12,2020
"A73..73",1,13,2020
"A73..73",NA,14,2020
"A73..73",2,15,2020
"A73..73",1,16,2020
"A73..73",2,17,2020
"A73..73",NA,18,2020
"A73..73",1,19,2020
"A73..73",NA,20,2020
"A73..73",NA,21,2020
"A73..73",2,22,2020
"A73..73",NA,23,2020
"A73..73",1,24,2020
"A73..73",2,25,2020
"A73..73",2,26,2020
"A73..73",1,27,2020
"A73..73",NA,28,2020
"A73..73",1,29,2020
"A73..73",1,30,2020
"A73..73",3,31,2020
"A73..73",5,32,2020
"A73..73",1,33,2020
"A73..73",NA,34,2020
"A73..73",2,35,2020
"A73..73",4,36,2020
"A73..73",2,37,2020
"A73..73",NA,38,2020
"A73..73",NA,39,2020
"A73..73",2,40,2020
"A73..73",NA,41,2020
"A73..73",NA,42,2020
"A73..73",NA,43,2020
"A73..73",1,44,2020
"A73..73",1,45,2020
"A73..73",NA,46,2020
"A73..73",1,47,2020
"A73..73",NA,48,2020
"A73..73",3,49,2020
"A73..73",1,50,2020
"A73..73",NA,51,2020
"A73..73",NA,52,2020
"A73..73",NA,53,2020
"A74..74",2,1,2020
"A74..74",2,2,2020
"A74..74",4,3,2020
"A74..74",NA,4,2020
"A74..74",1,5,2020
"A74..74",2,6,2020
"A74..74",NA,7,2020
"A74..74",2,8,2020
"A74..74",1,9,2020
"A74..74",1,10,2020
"A74..74",NA,11,2020
"A74..74",NA,12,2020
"A74..74",1,13,2020
"A74..74",3,14,2020
"A74..74",2,15,2020
"A74..74",1,16,2020
"A74..74",1,17,2020
"A74..74",2,18,2020
"A74..74",2,19,2020
"A74..74",2,20,2020
"A74..74",1,21,2020
"A74..74",2,22,2020
"A74..74",1,23,2020
"A74..74",1,24,2020
"A74..74",NA,25,2020
"A74..74",1,26,2020
"A74..74",2,27,2020
"A74..74",1,28,2020
"A74..74",2,29,2020
"A74..74",1,30,2020
"A74..74",3,31,2020
"A74..74",1,32,2020
"A74..74",1,33,2020
"A74..74",3,34,2020
"A74..74",2,35,2020
"A74..74",2,36,2020
"A74..74",2,37,2020
"A74..74",NA,38,2020
"A74..74",2,39,2020
"A74..74",1,40,2020
"A74..74",2,41,2020
"A74..74",2,42,2020
"A74..74",NA,43,2020
"A74..74",NA,44,2020
"A74..74",1,45,2020
"A74..74",1,46,2020
"A74..74",1,47,2020
"A74..74",1,48,2020
"A74..74",1,49,2020
"A74..74",2,50,2020
"A74..74",1,51,2020
"A74..74",1,52,2020
"A74..74",NA,53,2020
"A75..75",1,1,2020
"A75..75",5,2,2020
"A75..75",2,3,2020
"A75..75",4,4,2020
"A75..75",2,5,2020
"A75..75",NA,6,2020
"A75..75",5,7,2020
"A75..75",2,8,2020
"A75..75",3,9,2020
"A75..75",1,10,2020
"A75..75",3,11,2020
"A75..75",2,12,2020
"A75..75",4,13,2020
"A75..75",1,14,2020
"A75..75",NA,15,2020
"A75..75",NA,16,2020
"A75..75",NA,17,2020
"A75..75",1,18,2020
"A75..75",4,19,2020
"A75..75",1,20,2020
"A75..75",1,21,2020
"A75..75",2,22,2020
"A75..75",1,23,2020
"A75..75",3,24,2020
"A75..75",1,25,2020
"A75..75",NA,26,2020
"A75..75",4,27,2020
"A75..75",2,28,2020
"A75..75",1,29,2020
"A75..75",2,30,2020
"A75..75",NA,31,2020
"A75..75",NA,32,2020
"A75..75",NA,33,2020
"A75..75",1,34,2020
"A75..75",1,35,2020
"A75..75",2,36,2020
"A75..75",NA,37,2020
"A75..75",1,38,2020
"A75..75",3,39,2020
"A75..75",4,40,2020
"A75..75",1,41,2020
"A75..75",NA,42,2020
"A75..75",1,43,2020
"A75..75",2,44,2020
"A75..75",NA,45,2020
"A75..75",NA,46,2020
"A75..75",NA,47,2020
"A75..75",3,48,2020
"A75..75",NA,49,2020
"A75..75",NA,50,2020
"A75..75",1,51,2020
"A75..75",NA,52,2020
"A75..75",NA,53,2020
"A76..76",5,1,2020
"A76..76",3,2,2020
"A76..76",3,3,2020
"A76..76",1,4,2020
"A76..76",1,5,2020
"A76..76",3,6,2020
"A76..76",6,7,2020
"A76..76",3,8,2020
"A76..76",2,9,2020
"A76..76",4,10,2020
"A76..76",1,11,2020
"A76..76",2,12,2020
"A76..76",2,13,2020
"A76..76",2,14,2020
"A76..76",2,15,2020
"A76..76",1,16,2020
"A76..76",6,17,2020
"A76..76",NA,18,2020
"A76..76",1,19,2020
"A76..76",3,20,2020
"A76..76",NA,21,2020
"A76..76",3,22,2020
"A76..76",1,23,2020
"A76..76",NA,24,2020
"A76..76",2,25,2020
"A76..76",1,26,2020
"A76..76",3,27,2020
"A76..76",2,28,2020
"A76..76",1,29,2020
"A76..76",1,30,2020
"A76..76",1,31,2020
"A76..76",NA,32,2020
"A76..76",1,33,2020
"A76..76",1,34,2020
"A76..76",2,35,2020
"A76..76",1,36,2020
"A76..76",NA,37,2020
"A76..76",2,38,2020
"A76..76",4,39,2020
"A76..76",1,40,2020
"A76..76",4,41,2020
"A76..76",2,42,2020
"A76..76",NA,43,2020
"A76..76",2,44,2020
"A76..76",NA,45,2020
"A76..76",2,46,2020
"A76..76",NA,47,2020
"A76..76",2,48,2020
"A76..76",3,49,2020
"A76..76",1,50,2020
"A76..76",2,51,2020
"A76..76",3,52,2020
"A76..76",NA,53,2020
"A77..77",NA,1,2020
"A77..77",7,2,2020
"A77..77",5,3,2020
"A77..77",2,4,2020
"A77..77",3,5,2020
"A77..77",4,6,2020
"A77..77",NA,7,2020
"A77..77",2,8,2020
"A77..77",3,9,2020
"A77..77",2,10,2020
"A77..77",5,11,2020
"A77..77",4,12,2020
"A77..77",1,13,2020
"A77..77",NA,14,2020
"A77..77",3,15,2020
"A77..77",1,16,2020
"A77..77",2,17,2020
"A77..77",3,18,2020
"A77..77",2,19,2020
"A77..77",3,20,2020
"A77..77",NA,21,2020
"A77..77",5,22,2020
"A77..77",2,23,2020
"A77..77",1,24,2020
"A77..77",2,25,2020
"A77..77",2,26,2020
"A77..77",2,27,2020
"A77..77",1,28,2020
"A77..77",3,29,2020
"A77..77",4,30,2020
"A77..77",2,31,2020
"A77..77",3,32,2020
"A77..77",2,33,2020
"A77..77",2,34,2020
"A77..77",1,35,2020
"A77..77",3,36,2020
"A77..77",1,37,2020
"A77..77",2,38,2020
"A77..77",5,39,2020
"A77..77",2,40,2020
"A77..77",6,41,2020
"A77..77",1,42,2020
"A77..77",2,43,2020
"A77..77",2,44,2020
"A77..77",1,45,2020
"A77..77",1,46,2020
"A77..77",2,47,2020
"A77..77",1,48,2020
"A77..77",NA,49,2020
"A77..77",NA,50,2020
"A77..77",2,51,2020
"A77..77",NA,52,2020
"A77..77",1,53,2020
"A78..78",6,1,2020
"A78..78",3,2,2020
"A78..78",7,3,2020
"A78..78",5,4,2020
"A78..78",5,5,2020
"A78..78",6,6,2020
"A78..78",3,7,2020
"A78..78",1,8,2020
"A78..78",2,9,2020
"A78..78",5,10,2020
"A78..78",5,11,2020
"A78..78",2,12,2020
"A78..78",5,13,2020
"A78..78",4,14,2020
"A78..78",1,15,2020
"A78..78",2,16,2020
"A78..78",2,17,2020
"A78..78",NA,18,2020
"A78..78",1,19,2020
"A78..78",3,20,2020
"A78..78",1,21,2020
"A78..78",2,22,2020
"A78..78",1,23,2020
"A78..78",2,24,2020
"A78..78",NA,25,2020
"A78..78",3,26,2020
"A78..78",NA,27,2020
"A78..78",NA,28,2020
"A78..78",1,29,2020
"A78..78",1,30,2020
"A78..78",4,31,2020
"A78..78",4,32,2020
"A78..78",NA,33,2020
"A78..78",3,34,2020
"A78..78",1,35,2020
"A78..78",2,36,2020
"A78..78",NA,37,2020
"A78..78",1,38,2020
"A78..78",4,39,2020
"A78..78",1,40,2020
"A78..78",1,41,2020
"A78..78",NA,42,2020
"A78..78",3,43,2020
"A78..78",2,44,2020
"A78..78",2,45,2020
"A78..78",1,46,2020
"A78..78",3,47,2020
"A78..78",2,48,2020
"A78..78",2,49,2020
"A78..78",1,50,2020
"A78..78",NA,51,2020
"A78..78",1,52,2020
"A78..78",2,53,2020
"A79..79",3,1,2020
"A79..79",5,2,2020
"A79..79",7,3,2020
"A79..79",4,4,2020
"A79..79",7,5,2020
"A79..79",3,6,2020
"A79..79",6,7,2020
"A79..79",3,8,2020
"A79..79",2,9,2020
"A79..79",5,10,2020
"A79..79",4,11,2020
"A79..79",4,12,2020
"A79..79",1,13,2020
"A79..79",4,14,2020
"A79..79",7,15,2020
"A79..79",1,16,2020
"A79..79",3,17,2020
"A79..79",2,18,2020
"A79..79",6,19,2020
"A79..79",1,20,2020
"A79..79",4,21,2020
"A79..79",3,22,2020
"A79..79",3,23,2020
"A79..79",5,24,2020
"A79..79",4,25,2020
"A79..79",2,26,2020
"A79..79",3,27,2020
"A79..79",2,28,2020
"A79..79",1,29,2020
"A79..79",4,30,2020
"A79..79",NA,31,2020
"A79..79",4,32,2020
"A79..79",NA,33,2020
"A79..79",1,34,2020
"A79..79",4,35,2020
"A79..79",1,36,2020
"A79..79",1,37,2020
"A79..79",2,38,2020
"A79..79",1,39,2020
"A79..79",4,40,2020
"A79..79",1,41,2020
"A79..79",1,42,2020
"A79..79",1,43,2020
"A79..79",2,44,2020
"A79..79",1,45,2020
"A79..79",2,46,2020
"A79..79",1,47,2020
"A79..79",1,48,2020
"A79..79",4,49,2020
"A79..79",NA,50,2020
"A79..79",1,51,2020
"A79..79",1,52,2020
"A79..79",1,53,2020
"A80.",47,1,2020
"A80.",52,2,2020
"A80.",107,3,2020
"A80.",52,4,2020
"A80.",45,5,2020
"A80.",56,6,2020
"A80.",55,7,2020
"A80.",52,8,2020
"A80.",30,9,2020
"A80.",59,10,2020
"A80.",64,11,2020
"A80.",43,12,2020
"A80.",50,13,2020
"A80.",35,14,2020
"A80.",30,15,2020
"A80.",31,16,2020
"A80.",27,17,2020
"A80.",43,18,2020
"A80.",41,19,2020
"A80.",24,20,2020
"A80.",38,21,2020
"A80.",36,22,2020
"A80.",22,23,2020
"A80.",28,24,2020
"A80.",18,25,2020
"A80.",15,26,2020
"A80.",18,27,2020
"A80.",23,28,2020
"A80.",26,29,2020
"A80.",26,30,2020
"A80.",22,31,2020
"A80.",16,32,2020
"A80.",8,33,2020
"A80.",17,34,2020
"A80.",19,35,2020
"A80.",28,36,2020
"A80.",17,37,2020
"A80.",18,38,2020
"A80.",15,39,2020
"A80.",8,40,2020
"A80.",15,41,2020
"A80.",7,42,2020
"A80.",12,43,2020
"A80.",12,44,2020
"A80.",10,45,2020
"A80.",15,46,2020
"A80.",10,47,2020
"A80.",20,48,2020
"A80.",12,49,2020
"A80.",19,50,2020
"A80.",11,51,2020
"A80.",7,52,2020
"A80.",8,53,2020
"Unbekannt",NA,1,2020
"Unbekannt",NA,2,2020
"Unbekannt",NA,3,2020
"Unbekannt",NA,4,2020
"Unbekannt",NA,5,2020
"Unbekannt",NA,6,2020
"Unbekannt",1,7,2020
"Unbekannt",NA,8,2020
"Unbekannt",6,9,2020
"Unbekannt",NA,10,2020
"Unbekannt",NA,11,2020
"Unbekannt",NA,12,2020
"Unbekannt",NA,13,2020
"Unbekannt",NA,14,2020
"Unbekannt",NA,15,2020
"Unbekannt",2,16,2020
"Unbekannt",NA,17,2020
"Unbekannt",NA,18,2020
"Unbekannt",1,19,2020
"Unbekannt",NA,20,2020
"Unbekannt",1,21,2020
"Unbekannt",2,22,2020
"Unbekannt",NA,23,2020
"Unbekannt",1,24,2020
"Unbekannt",2,25,2020
"Unbekannt",1,26,2020
"Unbekannt",1,27,2020
"Unbekannt",NA,28,2020
"Unbekannt",1,29,2020
"Unbekannt",NA,30,2020
"Unbekannt",NA,31,2020
"Unbekannt",NA,32,2020
"Unbekannt",NA,33,2020
"Unbekannt",NA,34,2020
"Unbekannt",1,35,2020
"Unbekannt",2,36,2020
"Unbekannt",NA,37,2020
"Unbekannt",NA,38,2020
"Unbekannt",NA,39,2020
"Unbekannt",2,40,2020
"Unbekannt",1,41,2020
"Unbekannt",NA,42,2020
"Unbekannt",NA,43,2020
"Unbekannt",NA,44,2020
"Unbekannt",NA,45,2020
"Unbekannt",NA,46,2020
"Unbekannt",NA,47,2020
"Unbekannt",NA,48,2020
"Unbekannt",NA,49,2020
"Unbekannt",NA,50,2020
"Unbekannt",NA,51,2020
"Unbekannt",NA,52,2020
"Unbekannt",NA,53,2020
