"stratum","value","week","year"
"A00..00",14,1,2024
"A00..00",8,2,2024
"A00..00",4,3,2024
"A00..00",10,4,2024
"A00..00",7,5,2024
"A00..00",6,6,2024
"A00..00",9,7,2024
"A00..00",7,8,2024
"A00..00",5,9,2024
"A00..00",11,10,2024
"A00..00",4,11,2024
"A00..00",5,12,2024
"A00..00",6,13,2024
"A00..00",4,14,2024
"A00..00",7,15,2024
"A00..00",6,16,2024
"A00..00",9,17,2024
"A00..00",11,18,2024
"A00..00",8,19,2024
"A00..00",11,20,2024
"A00..00",8,21,2024
"A00..00",11,22,2024
"A00..00",2,23,2024
"A00..00",11,24,2024
"A00..00",8,25,2024
"A00..00",13,26,2024
"A00..00",10,27,2024
"A00..00",7,28,2024
"A01..01",11,1,2024
"A01..01",20,2,2024
"A01..01",19,3,2024
"A01..01",10,4,2024
"A01..01",15,5,2024
"A01..01",11,6,2024
"A01..01",12,7,2024
"A01..01",11,8,2024
"A01..01",15,9,2024
"A01..01",11,10,2024
"A01..01",12,11,2024
"A01..01",16,12,2024
"A01..01",9,13,2024
"A01..01",4,14,2024
"A01..01",3,15,2024
"A01..01",10,16,2024
"A01..01",18,17,2024
"A01..01",16,18,2024
"A01..01",11,19,2024
"A01..01",22,20,2024
"A01..01",13,21,2024
"A01..01",23,22,2024
"A01..01",28,23,2024
"A01..01",14,24,2024
"A01..01",16,25,2024
"A01..01",18,26,2024
"A01..01",25,27,2024
"A01..01",10,28,2024
"A02..02",4,1,2024
"A02..02",6,2,2024
"A02..02",9,3,2024
"A02..02",12,4,2024
"A02..02",8,5,2024
"A02..02",8,6,2024
"A02..02",12,7,2024
"A02..02",11,8,2024
"A02..02",7,9,2024
"A02..02",5,10,2024
"A02..02",7,11,2024
"A02..02",8,12,2024
"A02..02",5,13,2024
"A02..02",8,14,2024
"A02..02",5,15,2024
"A02..02",7,16,2024
"A02..02",9,17,2024
"A02..02",8,18,2024
"A02..02",13,19,2024
"A02..02",6,20,2024
"A02..02",6,21,2024
"A02..02",17,22,2024
"A02..02",18,23,2024
"A02..02",25,24,2024
"A02..02",9,25,2024
"A02..02",18,26,2024
"A02..02",21,27,2024
"A02..02",10,28,2024
"A03..03",3,1,2024
"A03..03",8,2,2024
"A03..03",3,3,2024
"A03..03",5,4,2024
"A03..03",7,5,2024
"A03..03",2,6,2024
"A03..03",8,7,2024
"A03..03",4,8,2024
"A03..03",9,9,2024
"A03..03",2,10,2024
"A03..03",11,11,2024
"A03..03",3,12,2024
"A03..03",10,13,2024
"A03..03",6,14,2024
"A03..03",8,15,2024
"A03..03",5,16,2024
"A03..03",4,17,2024
"A03..03",4,18,2024
"A03..03",7,19,2024
"A03..03",7,20,2024
"A03..03",5,21,2024
"A03..03",19,22,2024
"A03..03",8,23,2024
"A03..03",9,24,2024
"A03..03",16,25,2024
"A03..03",11,26,2024
"A03..03",18,27,2024
"A03..03",4,28,2024
"A04..04",4,1,2024
"A04..04",7,2,2024
"A04..04",3,3,2024
"A04..04",5,4,2024
"A04..04",5,5,2024
"A04..04",3,6,2024
"A04..04",3,7,2024
"A04..04",2,8,2024
"A04..04",10,9,2024
"A04..04",5,10,2024
"A04..04",3,11,2024
"A04..04",3,12,2024
"A04..04",2,13,2024
"A04..04",3,14,2024
"A04..04",7,15,2024
"A04..04",6,16,2024
"A04..04",6,17,2024
"A04..04",6,18,2024
"A04..04",6,19,2024
"A04..04",7,20,2024
"A04..04",7,21,2024
"A04..04",8,22,2024
"A04..04",9,23,2024
"A04..04",14,24,2024
"A04..04",7,25,2024
"A04..04",7,26,2024
"A04..04",13,27,2024
"A04..04",6,28,2024
"A05..05",6,1,2024
"A05..05",1,2,2024
"A05..05",5,3,2024
"A05..05",3,4,2024
"A05..05",5,5,2024
"A05..05",4,6,2024
"A05..05",3,7,2024
"A05..05",3,8,2024
"A05..05",4,9,2024
"A05..05",2,10,2024
"A05..05",1,11,2024
"A05..05",5,12,2024
"A05..05",2,13,2024
"A05..05",4,14,2024
"A05..05",2,15,2024
"A05..05",3,16,2024
"A05..05",6,17,2024
"A05..05",4,18,2024
"A05..05",4,19,2024
"A05..05",7,20,2024
"A05..05",6,21,2024
"A05..05",8,22,2024
"A05..05",3,23,2024
"A05..05",13,24,2024
"A05..05",10,25,2024
"A05..05",12,26,2024
"A05..05",14,27,2024
"A05..05",7,28,2024
"A06..06",3,1,2024
"A06..06",4,2,2024
"A06..06",4,3,2024
"A06..06",4,4,2024
"A06..06",4,5,2024
"A06..06",1,6,2024
"A06..06",2,7,2024
"A06..06",4,8,2024
"A06..06",3,9,2024
"A06..06",3,10,2024
"A06..06",2,11,2024
"A06..06",6,12,2024
"A06..06",2,13,2024
"A06..06",1,14,2024
"A06..06",9,15,2024
"A06..06",3,16,2024
"A06..06",8,17,2024
"A06..06",4,18,2024
"A06..06",6,19,2024
"A06..06",5,20,2024
"A06..06",3,21,2024
"A06..06",8,22,2024
"A06..06",2,23,2024
"A06..06",14,24,2024
"A06..06",6,25,2024
"A06..06",10,26,2024
"A06..06",8,27,2024
"A06..06",5,28,2024
"A07..07",NA,1,2024
"A07..07",2,2,2024
"A07..07",5,3,2024
"A07..07",2,4,2024
"A07..07",8,5,2024
"A07..07",2,6,2024
"A07..07",7,7,2024
"A07..07",3,8,2024
"A07..07",2,9,2024
"A07..07",5,10,2024
"A07..07",NA,11,2024
"A07..07",6,12,2024
"A07..07",3,13,2024
"A07..07",3,14,2024
"A07..07",6,15,2024
"A07..07",6,16,2024
"A07..07",9,17,2024
"A07..07",3,18,2024
"A07..07",5,19,2024
"A07..07",5,20,2024
"A07..07",4,21,2024
"A07..07",9,22,2024
"A07..07",5,23,2024
"A07..07",9,24,2024
"A07..07",3,25,2024
"A07..07",8,26,2024
"A07..07",10,27,2024
"A07..07",3,28,2024
"A08..08",3,1,2024
"A08..08",3,2,2024
"A08..08",3,3,2024
"A08..08",6,4,2024
"A08..08",NA,5,2024
"A08..08",2,6,2024
"A08..08",2,7,2024
"A08..08",7,8,2024
"A08..08",5,9,2024
"A08..08",3,10,2024
"A08..08",3,11,2024
"A08..08",2,12,2024
"A08..08",2,13,2024
"A08..08",3,14,2024
"A08..08",4,15,2024
"A08..08",5,16,2024
"A08..08",2,17,2024
"A08..08",4,18,2024
"A08..08",6,19,2024
"A08..08",2,20,2024
"A08..08",1,21,2024
"A08..08",5,22,2024
"A08..08",6,23,2024
"A08..08",16,24,2024
"A08..08",12,25,2024
"A08..08",8,26,2024
"A08..08",8,27,2024
"A08..08",5,28,2024
"A09..09",1,1,2024
"A09..09",4,2,2024
"A09..09",6,3,2024
"A09..09",3,4,2024
"A09..09",4,5,2024
"A09..09",1,6,2024
"A09..09",2,7,2024
"A09..09",2,8,2024
"A09..09",4,9,2024
"A09..09",2,10,2024
"A09..09",4,11,2024
"A09..09",2,12,2024
"A09..09",3,13,2024
"A09..09",2,14,2024
"A09..09",6,15,2024
"A09..09",3,16,2024
"A09..09",8,17,2024
"A09..09",NA,18,2024
"A09..09",4,19,2024
"A09..09",3,20,2024
"A09..09",3,21,2024
"A09..09",4,22,2024
"A09..09",6,23,2024
"A09..09",14,24,2024
"A09..09",9,25,2024
"A09..09",2,26,2024
"A09..09",5,27,2024
"A09..09",2,28,2024
"A10..10",2,1,2024
"A10..10",9,2,2024
"A10..10",9,3,2024
"A10..10",4,4,2024
"A10..10",2,5,2024
"A10..10",3,6,2024
"A10..10",1,7,2024
"A10..10",3,8,2024
"A10..10",6,9,2024
"A10..10",NA,10,2024
"A10..10",4,11,2024
"A10..10",4,12,2024
"A10..10",1,13,2024
"A10..10",NA,14,2024
"A10..10",7,15,2024
"A10..10",3,16,2024
"A10..10",6,17,2024
"A10..10",2,18,2024
"A10..10",2,19,2024
"A10..10",2,20,2024
"A10..10",6,21,2024
"A10..10",9,22,2024
"A10..10",8,23,2024
"A10..10",7,24,2024
"A10..10",5,25,2024
"A10..10",4,26,2024
"A10..10",5,27,2024
"A10..10",2,28,2024
"A11..11",NA,1,2024
"A11..11",6,2,2024
"A11..11",3,3,2024
"A11..11",1,4,2024
"A11..11",2,5,2024
"A11..11",2,6,2024
"A11..11",5,7,2024
"A11..11",2,8,2024
"A11..11",5,9,2024
"A11..11",NA,10,2024
"A11..11",2,11,2024
"A11..11",5,12,2024
"A11..11",6,13,2024
"A11..11",2,14,2024
"A11..11",5,15,2024
"A11..11",5,16,2024
"A11..11",7,17,2024
"A11..11",2,18,2024
"A11..11",4,19,2024
"A11..11",9,20,2024
"A11..11",3,21,2024
"A11..11",7,22,2024
"A11..11",7,23,2024
"A11..11",9,24,2024
"A11..11",14,25,2024
"A11..11",6,26,2024
"A11..11",3,27,2024
"A11..11",5,28,2024
"A12..12",2,1,2024
"A12..12",5,2,2024
"A12..12",3,3,2024
"A12..12",9,4,2024
"A12..12",3,5,2024
"A12..12",3,6,2024
"A12..12",1,7,2024
"A12..12",3,8,2024
"A12..12",2,9,2024
"A12..12",6,10,2024
"A12..12",4,11,2024
"A12..12",3,12,2024
"A12..12",1,13,2024
"A12..12",NA,14,2024
"A12..12",7,15,2024
"A12..12",8,16,2024
"A12..12",6,17,2024
"A12..12",2,18,2024
"A12..12",7,19,2024
"A12..12",4,20,2024
"A12..12",3,21,2024
"A12..12",7,22,2024
"A12..12",3,23,2024
"A12..12",9,24,2024
"A12..12",7,25,2024
"A12..12",6,26,2024
"A12..12",11,27,2024
"A12..12",5,28,2024
"A13..13",3,1,2024
"A13..13",5,2,2024
"A13..13",7,3,2024
"A13..13",4,4,2024
"A13..13",2,5,2024
"A13..13",1,6,2024
"A13..13",4,7,2024
"A13..13",5,8,2024
"A13..13",4,9,2024
"A13..13",2,10,2024
"A13..13",2,11,2024
"A13..13",5,12,2024
"A13..13",3,13,2024
"A13..13",4,14,2024
"A13..13",7,15,2024
"A13..13",2,16,2024
"A13..13",5,17,2024
"A13..13",1,18,2024
"A13..13",3,19,2024
"A13..13",8,20,2024
"A13..13",8,21,2024
"A13..13",2,22,2024
"A13..13",9,23,2024
"A13..13",6,24,2024
"A13..13",11,25,2024
"A13..13",7,26,2024
"A13..13",6,27,2024
"A13..13",5,28,2024
"A14..14",1,1,2024
"A14..14",7,2,2024
"A14..14",6,3,2024
"A14..14",4,4,2024
"A14..14",6,5,2024
"A14..14",8,6,2024
"A14..14",4,7,2024
"A14..14",2,8,2024
"A14..14",3,9,2024
"A14..14",3,10,2024
"A14..14",1,11,2024
"A14..14",4,12,2024
"A14..14",7,13,2024
"A14..14",2,14,2024
"A14..14",3,15,2024
"A14..14",3,16,2024
"A14..14",7,17,2024
"A14..14",3,18,2024
"A14..14",8,19,2024
"A14..14",6,20,2024
"A14..14",4,21,2024
"A14..14",11,22,2024
"A14..14",8,23,2024
"A14..14",9,24,2024
"A14..14",6,25,2024
"A14..14",4,26,2024
"A14..14",5,27,2024
"A14..14",4,28,2024
"A15..15",4,1,2024
"A15..15",7,2,2024
"A15..15",2,3,2024
"A15..15",11,4,2024
"A15..15",5,5,2024
"A15..15",3,6,2024
"A15..15",2,7,2024
"A15..15",3,8,2024
"A15..15",10,9,2024
"A15..15",13,10,2024
"A15..15",5,11,2024
"A15..15",12,12,2024
"A15..15",6,13,2024
"A15..15",5,14,2024
"A15..15",7,15,2024
"A15..15",14,16,2024
"A15..15",7,17,2024
"A15..15",4,18,2024
"A15..15",8,19,2024
"A15..15",8,20,2024
"A15..15",4,21,2024
"A15..15",6,22,2024
"A15..15",15,23,2024
"A15..15",12,24,2024
"A15..15",16,25,2024
"A15..15",7,26,2024
"A15..15",8,27,2024
"A15..15",7,28,2024
"A16..16",3,1,2024
"A16..16",9,2,2024
"A16..16",10,3,2024
"A16..16",6,4,2024
"A16..16",10,5,2024
"A16..16",7,6,2024
"A16..16",4,7,2024
"A16..16",7,8,2024
"A16..16",6,9,2024
"A16..16",13,10,2024
"A16..16",5,11,2024
"A16..16",10,12,2024
"A16..16",9,13,2024
"A16..16",4,14,2024
"A16..16",13,15,2024
"A16..16",8,16,2024
"A16..16",18,17,2024
"A16..16",9,18,2024
"A16..16",11,19,2024
"A16..16",8,20,2024
"A16..16",4,21,2024
"A16..16",21,22,2024
"A16..16",11,23,2024
"A16..16",16,24,2024
"A16..16",13,25,2024
"A16..16",21,26,2024
"A16..16",9,27,2024
"A16..16",6,28,2024
"A17..17",4,1,2024
"A17..17",15,2,2024
"A17..17",14,3,2024
"A17..17",9,4,2024
"A17..17",3,5,2024
"A17..17",6,6,2024
"A17..17",7,7,2024
"A17..17",12,8,2024
"A17..17",15,9,2024
"A17..17",13,10,2024
"A17..17",11,11,2024
"A17..17",5,12,2024
"A17..17",6,13,2024
"A17..17",7,14,2024
"A17..17",12,15,2024
"A17..17",13,16,2024
"A17..17",9,17,2024
"A17..17",13,18,2024
"A17..17",16,19,2024
"A17..17",16,20,2024
"A17..17",13,21,2024
"A17..17",9,22,2024
"A17..17",14,23,2024
"A17..17",16,24,2024
"A17..17",21,25,2024
"A17..17",18,26,2024
"A17..17",18,27,2024
"A17..17",8,28,2024
"A18..18",4,1,2024
"A18..18",11,2,2024
"A18..18",8,3,2024
"A18..18",8,4,2024
"A18..18",4,5,2024
"A18..18",8,6,2024
"A18..18",8,7,2024
"A18..18",9,8,2024
"A18..18",12,9,2024
"A18..18",10,10,2024
"A18..18",8,11,2024
"A18..18",6,12,2024
"A18..18",8,13,2024
"A18..18",8,14,2024
"A18..18",13,15,2024
"A18..18",22,16,2024
"A18..18",16,17,2024
"A18..18",21,18,2024
"A18..18",6,19,2024
"A18..18",9,20,2024
"A18..18",11,21,2024
"A18..18",11,22,2024
"A18..18",15,23,2024
"A18..18",19,24,2024
"A18..18",13,25,2024
"A18..18",15,26,2024
"A18..18",13,27,2024
"A18..18",11,28,2024
"A19..19",7,1,2024
"A19..19",13,2,2024
"A19..19",16,3,2024
"A19..19",7,4,2024
"A19..19",11,5,2024
"A19..19",8,6,2024
"A19..19",5,7,2024
"A19..19",8,8,2024
"A19..19",11,9,2024
"A19..19",11,10,2024
"A19..19",12,11,2024
"A19..19",21,12,2024
"A19..19",9,13,2024
"A19..19",5,14,2024
"A19..19",12,15,2024
"A19..19",11,16,2024
"A19..19",16,17,2024
"A19..19",11,18,2024
"A19..19",15,19,2024
"A19..19",17,20,2024
"A19..19",15,21,2024
"A19..19",16,22,2024
"A19..19",22,23,2024
"A19..19",19,24,2024
"A19..19",17,25,2024
"A19..19",20,26,2024
"A19..19",18,27,2024
"A19..19",3,28,2024
"A20..20",10,1,2024
"A20..20",13,2,2024
"A20..20",20,3,2024
"A20..20",10,4,2024
"A20..20",10,5,2024
"A20..20",8,6,2024
"A20..20",10,7,2024
"A20..20",13,8,2024
"A20..20",13,9,2024
"A20..20",6,10,2024
"A20..20",14,11,2024
"A20..20",9,12,2024
"A20..20",10,13,2024
"A20..20",8,14,2024
"A20..20",9,15,2024
"A20..20",11,16,2024
"A20..20",16,17,2024
"A20..20",7,18,2024
"A20..20",12,19,2024
"A20..20",15,20,2024
"A20..20",13,21,2024
"A20..20",17,22,2024
"A20..20",20,23,2024
"A20..20",23,24,2024
"A20..20",22,25,2024
"A20..20",29,26,2024
"A20..20",21,27,2024
"A20..20",14,28,2024
"A21..21",10,1,2024
"A21..21",18,2,2024
"A21..21",11,3,2024
"A21..21",8,4,2024
"A21..21",15,5,2024
"A21..21",8,6,2024
"A21..21",5,7,2024
"A21..21",12,8,2024
"A21..21",11,9,2024
"A21..21",8,10,2024
"A21..21",12,11,2024
"A21..21",9,12,2024
"A21..21",18,13,2024
"A21..21",14,14,2024
"A21..21",19,15,2024
"A21..21",23,16,2024
"A21..21",16,17,2024
"A21..21",23,18,2024
"A21..21",17,19,2024
"A21..21",16,20,2024
"A21..21",11,21,2024
"A21..21",15,22,2024
"A21..21",18,23,2024
"A21..21",24,24,2024
"A21..21",18,25,2024
"A21..21",18,26,2024
"A21..21",18,27,2024
"A21..21",8,28,2024
"A22..22",9,1,2024
"A22..22",23,2,2024
"A22..22",12,3,2024
"A22..22",18,4,2024
"A22..22",7,5,2024
"A22..22",9,6,2024
"A22..22",10,7,2024
"A22..22",9,8,2024
"A22..22",10,9,2024
"A22..22",10,10,2024
"A22..22",15,11,2024
"A22..22",19,12,2024
"A22..22",14,13,2024
"A22..22",14,14,2024
"A22..22",15,15,2024
"A22..22",16,16,2024
"A22..22",9,17,2024
"A22..22",5,18,2024
"A22..22",16,19,2024
"A22..22",13,20,2024
"A22..22",15,21,2024
"A22..22",22,22,2024
"A22..22",15,23,2024
"A22..22",23,24,2024
"A22..22",20,25,2024
"A22..22",22,26,2024
"A22..22",19,27,2024
"A22..22",17,28,2024
"A23..23",7,1,2024
"A23..23",16,2,2024
"A23..23",12,3,2024
"A23..23",14,4,2024
"A23..23",16,5,2024
"A23..23",12,6,2024
"A23..23",9,7,2024
"A23..23",10,8,2024
"A23..23",8,9,2024
"A23..23",14,10,2024
"A23..23",11,11,2024
"A23..23",19,12,2024
"A23..23",13,13,2024
"A23..23",10,14,2024
"A23..23",8,15,2024
"A23..23",22,16,2024
"A23..23",13,17,2024
"A23..23",19,18,2024
"A23..23",13,19,2024
"A23..23",13,20,2024
"A23..23",14,21,2024
"A23..23",27,22,2024
"A23..23",24,23,2024
"A23..23",31,24,2024
"A23..23",22,25,2024
"A23..23",30,26,2024
"A23..23",21,27,2024
"A23..23",12,28,2024
"A24..24",13,1,2024
"A24..24",20,2,2024
"A24..24",19,3,2024
"A24..24",8,4,2024
"A24..24",7,5,2024
"A24..24",8,6,2024
"A24..24",8,7,2024
"A24..24",19,8,2024
"A24..24",6,9,2024
"A24..24",13,10,2024
"A24..24",8,11,2024
"A24..24",22,12,2024
"A24..24",17,13,2024
"A24..24",10,14,2024
"A24..24",18,15,2024
"A24..24",16,16,2024
"A24..24",14,17,2024
"A24..24",15,18,2024
"A24..24",15,19,2024
"A24..24",17,20,2024
"A24..24",17,21,2024
"A24..24",25,22,2024
"A24..24",16,23,2024
"A24..24",15,24,2024
"A24..24",25,25,2024
"A24..24",32,26,2024
"A24..24",20,27,2024
"A24..24",11,28,2024
"A25..25",15,1,2024
"A25..25",20,2,2024
"A25..25",17,3,2024
"A25..25",13,4,2024
"A25..25",10,5,2024
"A25..25",12,6,2024
"A25..25",6,7,2024
"A25..25",8,8,2024
"A25..25",12,9,2024
"A25..25",12,10,2024
"A25..25",11,11,2024
"A25..25",13,12,2024
"A25..25",7,13,2024
"A25..25",16,14,2024
"A25..25",10,15,2024
"A25..25",18,16,2024
"A25..25",21,17,2024
"A25..25",7,18,2024
"A25..25",12,19,2024
"A25..25",11,20,2024
"A25..25",11,21,2024
"A25..25",22,22,2024
"A25..25",23,23,2024
"A25..25",30,24,2024
"A25..25",25,25,2024
"A25..25",21,26,2024
"A25..25",24,27,2024
"A25..25",14,28,2024
"A26..26",10,1,2024
"A26..26",27,2,2024
"A26..26",12,3,2024
"A26..26",15,4,2024
"A26..26",15,5,2024
"A26..26",15,6,2024
"A26..26",9,7,2024
"A26..26",18,8,2024
"A26..26",18,9,2024
"A26..26",13,10,2024
"A26..26",11,11,2024
"A26..26",18,12,2024
"A26..26",12,13,2024
"A26..26",12,14,2024
"A26..26",13,15,2024
"A26..26",19,16,2024
"A26..26",13,17,2024
"A26..26",13,18,2024
"A26..26",16,19,2024
"A26..26",21,20,2024
"A26..26",24,21,2024
"A26..26",22,22,2024
"A26..26",24,23,2024
"A26..26",20,24,2024
"A26..26",30,25,2024
"A26..26",28,26,2024
"A26..26",33,27,2024
"A26..26",8,28,2024
"A27..27",8,1,2024
"A27..27",26,2,2024
"A27..27",14,3,2024
"A27..27",12,4,2024
"A27..27",16,5,2024
"A27..27",18,6,2024
"A27..27",14,7,2024
"A27..27",8,8,2024
"A27..27",14,9,2024
"A27..27",12,10,2024
"A27..27",8,11,2024
"A27..27",11,12,2024
"A27..27",10,13,2024
"A27..27",16,14,2024
"A27..27",16,15,2024
"A27..27",21,16,2024
"A27..27",9,17,2024
"A27..27",12,18,2024
"A27..27",14,19,2024
"A27..27",21,20,2024
"A27..27",17,21,2024
"A27..27",18,22,2024
"A27..27",27,23,2024
"A27..27",28,24,2024
"A27..27",30,25,2024
"A27..27",20,26,2024
"A27..27",17,27,2024
"A27..27",13,28,2024
"A28..28",8,1,2024
"A28..28",23,2,2024
"A28..28",6,3,2024
"A28..28",4,4,2024
"A28..28",9,5,2024
"A28..28",15,6,2024
"A28..28",6,7,2024
"A28..28",16,8,2024
"A28..28",17,9,2024
"A28..28",7,10,2024
"A28..28",10,11,2024
"A28..28",15,12,2024
"A28..28",10,13,2024
"A28..28",21,14,2024
"A28..28",9,15,2024
"A28..28",20,16,2024
"A28..28",16,17,2024
"A28..28",11,18,2024
"A28..28",18,19,2024
"A28..28",11,20,2024
"A28..28",11,21,2024
"A28..28",13,22,2024
"A28..28",27,23,2024
"A28..28",31,24,2024
"A28..28",22,25,2024
"A28..28",19,26,2024
"A28..28",23,27,2024
"A28..28",10,28,2024
"A29..29",5,1,2024
"A29..29",16,2,2024
"A29..29",13,3,2024
"A29..29",11,4,2024
"A29..29",13,5,2024
"A29..29",11,6,2024
"A29..29",8,7,2024
"A29..29",9,8,2024
"A29..29",10,9,2024
"A29..29",12,10,2024
"A29..29",5,11,2024
"A29..29",8,12,2024
"A29..29",10,13,2024
"A29..29",6,14,2024
"A29..29",9,15,2024
"A29..29",13,16,2024
"A29..29",17,17,2024
"A29..29",10,18,2024
"A29..29",13,19,2024
"A29..29",22,20,2024
"A29..29",14,21,2024
"A29..29",17,22,2024
"A29..29",14,23,2024
"A29..29",24,24,2024
"A29..29",19,25,2024
"A29..29",18,26,2024
"A29..29",29,27,2024
"A29..29",7,28,2024
"A30..30",11,1,2024
"A30..30",13,2,2024
"A30..30",7,3,2024
"A30..30",15,4,2024
"A30..30",11,5,2024
"A30..30",10,6,2024
"A30..30",5,7,2024
"A30..30",12,8,2024
"A30..30",15,9,2024
"A30..30",9,10,2024
"A30..30",6,11,2024
"A30..30",20,12,2024
"A30..30",9,13,2024
"A30..30",13,14,2024
"A30..30",11,15,2024
"A30..30",18,16,2024
"A30..30",12,17,2024
"A30..30",8,18,2024
"A30..30",10,19,2024
"A30..30",18,20,2024
"A30..30",18,21,2024
"A30..30",20,22,2024
"A30..30",21,23,2024
"A30..30",20,24,2024
"A30..30",27,25,2024
"A30..30",14,26,2024
"A30..30",22,27,2024
"A30..30",19,28,2024
"A31..31",8,1,2024
"A31..31",10,2,2024
"A31..31",15,3,2024
"A31..31",10,4,2024
"A31..31",13,5,2024
"A31..31",16,6,2024
"A31..31",7,7,2024
"A31..31",8,8,2024
"A31..31",10,9,2024
"A31..31",11,10,2024
"A31..31",15,11,2024
"A31..31",12,12,2024
"A31..31",15,13,2024
"A31..31",14,14,2024
"A31..31",17,15,2024
"A31..31",21,16,2024
"A31..31",15,17,2024
"A31..31",12,18,2024
"A31..31",12,19,2024
"A31..31",8,20,2024
"A31..31",13,21,2024
"A31..31",22,22,2024
"A31..31",21,23,2024
"A31..31",23,24,2024
"A31..31",20,25,2024
"A31..31",22,26,2024
"A31..31",28,27,2024
"A31..31",14,28,2024
"A32..32",12,1,2024
"A32..32",19,2,2024
"A32..32",12,3,2024
"A32..32",13,4,2024
"A32..32",15,5,2024
"A32..32",9,6,2024
"A32..32",3,7,2024
"A32..32",10,8,2024
"A32..32",9,9,2024
"A32..32",10,10,2024
"A32..32",13,11,2024
"A32..32",17,12,2024
"A32..32",11,13,2024
"A32..32",6,14,2024
"A32..32",8,15,2024
"A32..32",17,16,2024
"A32..32",16,17,2024
"A32..32",13,18,2024
"A32..32",17,19,2024
"A32..32",13,20,2024
"A32..32",17,21,2024
"A32..32",25,22,2024
"A32..32",25,23,2024
"A32..32",14,24,2024
"A32..32",33,25,2024
"A32..32",25,26,2024
"A32..32",30,27,2024
"A32..32",6,28,2024
"A33..33",19,1,2024
"A33..33",15,2,2024
"A33..33",13,3,2024
"A33..33",8,4,2024
"A33..33",17,5,2024
"A33..33",11,6,2024
"A33..33",12,7,2024
"A33..33",9,8,2024
"A33..33",7,9,2024
"A33..33",12,10,2024
"A33..33",18,11,2024
"A33..33",14,12,2024
"A33..33",8,13,2024
"A33..33",11,14,2024
"A33..33",13,15,2024
"A33..33",14,16,2024
"A33..33",19,17,2024
"A33..33",9,18,2024
"A33..33",12,19,2024
"A33..33",20,20,2024
"A33..33",17,21,2024
"A33..33",24,22,2024
"A33..33",21,23,2024
"A33..33",33,24,2024
"A33..33",17,25,2024
"A33..33",17,26,2024
"A33..33",20,27,2024
"A33..33",10,28,2024
"A34..34",9,1,2024
"A34..34",20,2,2024
"A34..34",8,3,2024
"A34..34",9,4,2024
"A34..34",15,5,2024
"A34..34",10,6,2024
"A34..34",6,7,2024
"A34..34",9,8,2024
"A34..34",13,9,2024
"A34..34",9,10,2024
"A34..34",7,11,2024
"A34..34",15,12,2024
"A34..34",11,13,2024
"A34..34",13,14,2024
"A34..34",9,15,2024
"A34..34",19,16,2024
"A34..34",12,17,2024
"A34..34",9,18,2024
"A34..34",19,19,2024
"A34..34",15,20,2024
"A34..34",11,21,2024
"A34..34",26,22,2024
"A34..34",20,23,2024
"A34..34",28,24,2024
"A34..34",21,25,2024
"A34..34",24,26,2024
"A34..34",18,27,2024
"A34..34",18,28,2024
"A35..35",16,1,2024
"A35..35",13,2,2024
"A35..35",20,3,2024
"A35..35",9,4,2024
"A35..35",11,5,2024
"A35..35",10,6,2024
"A35..35",10,7,2024
"A35..35",11,8,2024
"A35..35",10,9,2024
"A35..35",9,10,2024
"A35..35",10,11,2024
"A35..35",15,12,2024
"A35..35",7,13,2024
"A35..35",11,14,2024
"A35..35",16,15,2024
"A35..35",15,16,2024
"A35..35",19,17,2024
"A35..35",15,18,2024
"A35..35",15,19,2024
"A35..35",10,20,2024
"A35..35",17,21,2024
"A35..35",15,22,2024
"A35..35",23,23,2024
"A35..35",21,24,2024
"A35..35",27,25,2024
"A35..35",26,26,2024
"A35..35",17,27,2024
"A35..35",11,28,2024
"A36..36",10,1,2024
"A36..36",12,2,2024
"A36..36",14,3,2024
"A36..36",11,4,2024
"A36..36",12,5,2024
"A36..36",12,6,2024
"A36..36",7,7,2024
"A36..36",7,8,2024
"A36..36",10,9,2024
"A36..36",21,10,2024
"A36..36",11,11,2024
"A36..36",13,12,2024
"A36..36",8,13,2024
"A36..36",11,14,2024
"A36..36",16,15,2024
"A36..36",18,16,2024
"A36..36",19,17,2024
"A36..36",18,18,2024
"A36..36",16,19,2024
"A36..36",15,20,2024
"A36..36",14,21,2024
"A36..36",22,22,2024
"A36..36",27,23,2024
"A36..36",31,24,2024
"A36..36",27,25,2024
"A36..36",14,26,2024
"A36..36",27,27,2024
"A36..36",7,28,2024
"A37..37",9,1,2024
"A37..37",17,2,2024
"A37..37",13,3,2024
"A37..37",13,4,2024
"A37..37",14,5,2024
"A37..37",4,6,2024
"A37..37",11,7,2024
"A37..37",6,8,2024
"A37..37",7,9,2024
"A37..37",11,10,2024
"A37..37",12,11,2024
"A37..37",10,12,2024
"A37..37",8,13,2024
"A37..37",6,14,2024
"A37..37",11,15,2024
"A37..37",11,16,2024
"A37..37",13,17,2024
"A37..37",10,18,2024
"A37..37",11,19,2024
"A37..37",25,20,2024
"A37..37",14,21,2024
"A37..37",17,22,2024
"A37..37",16,23,2024
"A37..37",18,24,2024
"A37..37",19,25,2024
"A37..37",23,26,2024
"A37..37",23,27,2024
"A37..37",6,28,2024
"A38..38",9,1,2024
"A38..38",18,2,2024
"A38..38",7,3,2024
"A38..38",11,4,2024
"A38..38",13,5,2024
"A38..38",10,6,2024
"A38..38",6,7,2024
"A38..38",7,8,2024
"A38..38",1,9,2024
"A38..38",4,10,2024
"A38..38",10,11,2024
"A38..38",8,12,2024
"A38..38",7,13,2024
"A38..38",10,14,2024
"A38..38",8,15,2024
"A38..38",10,16,2024
"A38..38",9,17,2024
"A38..38",11,18,2024
"A38..38",11,19,2024
"A38..38",15,20,2024
"A38..38",17,21,2024
"A38..38",14,22,2024
"A38..38",17,23,2024
"A38..38",20,24,2024
"A38..38",18,25,2024
"A38..38",21,26,2024
"A38..38",18,27,2024
"A38..38",2,28,2024
"A39..39",5,1,2024
"A39..39",10,2,2024
"A39..39",11,3,2024
"A39..39",4,4,2024
"A39..39",9,5,2024
"A39..39",4,6,2024
"A39..39",7,7,2024
"A39..39",13,8,2024
"A39..39",8,9,2024
"A39..39",9,10,2024
"A39..39",12,11,2024
"A39..39",10,12,2024
"A39..39",5,13,2024
"A39..39",5,14,2024
"A39..39",18,15,2024
"A39..39",19,16,2024
"A39..39",10,17,2024
"A39..39",10,18,2024
"A39..39",12,19,2024
"A39..39",14,20,2024
"A39..39",12,21,2024
"A39..39",19,22,2024
"A39..39",20,23,2024
"A39..39",21,24,2024
"A39..39",17,25,2024
"A39..39",21,26,2024
"A39..39",25,27,2024
"A39..39",9,28,2024
"A40..40",4,1,2024
"A40..40",12,2,2024
"A40..40",14,3,2024
"A40..40",7,4,2024
"A40..40",6,5,2024
"A40..40",8,6,2024
"A40..40",4,7,2024
"A40..40",10,8,2024
"A40..40",7,9,2024
"A40..40",12,10,2024
"A40..40",6,11,2024
"A40..40",12,12,2024
"A40..40",12,13,2024
"A40..40",4,14,2024
"A40..40",7,15,2024
"A40..40",15,16,2024
"A40..40",10,17,2024
"A40..40",7,18,2024
"A40..40",11,19,2024
"A40..40",17,20,2024
"A40..40",11,21,2024
"A40..40",16,22,2024
"A40..40",16,23,2024
"A40..40",15,24,2024
"A40..40",11,25,2024
"A40..40",17,26,2024
"A40..40",19,27,2024
"A40..40",8,28,2024
"A41..41",5,1,2024
"A41..41",12,2,2024
"A41..41",12,3,2024
"A41..41",7,4,2024
"A41..41",12,5,2024
"A41..41",11,6,2024
"A41..41",10,7,2024
"A41..41",10,8,2024
"A41..41",10,9,2024
"A41..41",8,10,2024
"A41..41",6,11,2024
"A41..41",10,12,2024
"A41..41",8,13,2024
"A41..41",2,14,2024
"A41..41",8,15,2024
"A41..41",7,16,2024
"A41..41",10,17,2024
"A41..41",10,18,2024
"A41..41",12,19,2024
"A41..41",15,20,2024
"A41..41",8,21,2024
"A41..41",6,22,2024
"A41..41",21,23,2024
"A41..41",19,24,2024
"A41..41",13,25,2024
"A41..41",18,26,2024
"A41..41",29,27,2024
"A41..41",10,28,2024
"A42..42",3,1,2024
"A42..42",16,2,2024
"A42..42",8,3,2024
"A42..42",8,4,2024
"A42..42",7,5,2024
"A42..42",6,6,2024
"A42..42",6,7,2024
"A42..42",8,8,2024
"A42..42",10,9,2024
"A42..42",13,10,2024
"A42..42",7,11,2024
"A42..42",12,12,2024
"A42..42",3,13,2024
"A42..42",7,14,2024
"A42..42",13,15,2024
"A42..42",8,16,2024
"A42..42",11,17,2024
"A42..42",7,18,2024
"A42..42",11,19,2024
"A42..42",5,20,2024
"A42..42",16,21,2024
"A42..42",16,22,2024
"A42..42",16,23,2024
"A42..42",19,24,2024
"A42..42",15,25,2024
"A42..42",22,26,2024
"A42..42",19,27,2024
"A42..42",7,28,2024
"A43..43",11,1,2024
"A43..43",18,2,2024
"A43..43",11,3,2024
"A43..43",4,4,2024
"A43..43",9,5,2024
"A43..43",7,6,2024
"A43..43",12,7,2024
"A43..43",11,8,2024
"A43..43",7,9,2024
"A43..43",7,10,2024
"A43..43",9,11,2024
"A43..43",9,12,2024
"A43..43",7,13,2024
"A43..43",10,14,2024
"A43..43",6,15,2024
"A43..43",15,16,2024
"A43..43",14,17,2024
"A43..43",9,18,2024
"A43..43",13,19,2024
"A43..43",7,20,2024
"A43..43",10,21,2024
"A43..43",7,22,2024
"A43..43",13,23,2024
"A43..43",29,24,2024
"A43..43",21,25,2024
"A43..43",24,26,2024
"A43..43",25,27,2024
"A43..43",6,28,2024
"A44..44",9,1,2024
"A44..44",19,2,2024
"A44..44",9,3,2024
"A44..44",11,4,2024
"A44..44",9,5,2024
"A44..44",10,6,2024
"A44..44",4,7,2024
"A44..44",6,8,2024
"A44..44",3,9,2024
"A44..44",8,10,2024
"A44..44",9,11,2024
"A44..44",6,12,2024
"A44..44",7,13,2024
"A44..44",13,14,2024
"A44..44",10,15,2024
"A44..44",10,16,2024
"A44..44",7,17,2024
"A44..44",5,18,2024
"A44..44",6,19,2024
"A44..44",12,20,2024
"A44..44",7,21,2024
"A44..44",12,22,2024
"A44..44",21,23,2024
"A44..44",16,24,2024
"A44..44",16,25,2024
"A44..44",24,26,2024
"A44..44",15,27,2024
"A44..44",5,28,2024
"A45..45",7,1,2024
"A45..45",13,2,2024
"A45..45",9,3,2024
"A45..45",8,4,2024
"A45..45",6,5,2024
"A45..45",4,6,2024
"A45..45",4,7,2024
"A45..45",9,8,2024
"A45..45",10,9,2024
"A45..45",5,10,2024
"A45..45",15,11,2024
"A45..45",10,12,2024
"A45..45",9,13,2024
"A45..45",8,14,2024
"A45..45",5,15,2024
"A45..45",17,16,2024
"A45..45",15,17,2024
"A45..45",16,18,2024
"A45..45",7,19,2024
"A45..45",15,20,2024
"A45..45",4,21,2024
"A45..45",17,22,2024
"A45..45",17,23,2024
"A45..45",22,24,2024
"A45..45",14,25,2024
"A45..45",13,26,2024
"A45..45",22,27,2024
"A45..45",8,28,2024
"A46..46",11,1,2024
"A46..46",17,2,2024
"A46..46",15,3,2024
"A46..46",7,4,2024
"A46..46",8,5,2024
"A46..46",11,6,2024
"A46..46",8,7,2024
"A46..46",6,8,2024
"A46..46",8,9,2024
"A46..46",10,10,2024
"A46..46",11,11,2024
"A46..46",9,12,2024
"A46..46",7,13,2024
"A46..46",4,14,2024
"A46..46",13,15,2024
"A46..46",5,16,2024
"A46..46",9,17,2024
"A46..46",10,18,2024
"A46..46",4,19,2024
"A46..46",11,20,2024
"A46..46",9,21,2024
"A46..46",17,22,2024
"A46..46",16,23,2024
"A46..46",18,24,2024
"A46..46",18,25,2024
"A46..46",14,26,2024
"A46..46",25,27,2024
"A46..46",11,28,2024
"A47..47",10,1,2024
"A47..47",17,2,2024
"A47..47",9,3,2024
"A47..47",13,4,2024
"A47..47",10,5,2024
"A47..47",5,6,2024
"A47..47",5,7,2024
"A47..47",8,8,2024
"A47..47",8,9,2024
"A47..47",3,10,2024
"A47..47",10,11,2024
"A47..47",8,12,2024
"A47..47",7,13,2024
"A47..47",4,14,2024
"A47..47",13,15,2024
"A47..47",11,16,2024
"A47..47",8,17,2024
"A47..47",9,18,2024
"A47..47",14,19,2024
"A47..47",11,20,2024
"A47..47",9,21,2024
"A47..47",9,22,2024
"A47..47",13,23,2024
"A47..47",24,24,2024
"A47..47",13,25,2024
"A47..47",13,26,2024
"A47..47",16,27,2024
"A47..47",10,28,2024
"A48..48",8,1,2024
"A48..48",11,2,2024
"A48..48",13,3,2024
"A48..48",9,4,2024
"A48..48",8,5,2024
"A48..48",10,6,2024
"A48..48",6,7,2024
"A48..48",12,8,2024
"A48..48",7,9,2024
"A48..48",12,10,2024
"A48..48",8,11,2024
"A48..48",13,12,2024
"A48..48",9,13,2024
"A48..48",5,14,2024
"A48..48",11,15,2024
"A48..48",7,16,2024
"A48..48",16,17,2024
"A48..48",7,18,2024
"A48..48",10,19,2024
"A48..48",10,20,2024
"A48..48",12,21,2024
"A48..48",14,22,2024
"A48..48",17,23,2024
"A48..48",20,24,2024
"A48..48",10,25,2024
"A48..48",13,26,2024
"A48..48",16,27,2024
"A48..48",17,28,2024
"A49..49",7,1,2024
"A49..49",7,2,2024
"A49..49",12,3,2024
"A49..49",18,4,2024
"A49..49",14,5,2024
"A49..49",5,6,2024
"A49..49",5,7,2024
"A49..49",5,8,2024
"A49..49",7,9,2024
"A49..49",9,10,2024
"A49..49",9,11,2024
"A49..49",6,12,2024
"A49..49",7,13,2024
"A49..49",3,14,2024
"A49..49",11,15,2024
"A49..49",6,16,2024
"A49..49",9,17,2024
"A49..49",7,18,2024
"A49..49",7,19,2024
"A49..49",18,20,2024
"A49..49",16,21,2024
"A49..49",12,22,2024
"A49..49",15,23,2024
"A49..49",17,24,2024
"A49..49",22,25,2024
"A49..49",23,26,2024
"A49..49",19,27,2024
"A49..49",3,28,2024
"A50..50",13,1,2024
"A50..50",16,2,2024
"A50..50",11,3,2024
"A50..50",10,4,2024
"A50..50",2,5,2024
"A50..50",9,6,2024
"A50..50",4,7,2024
"A50..50",13,8,2024
"A50..50",12,9,2024
"A50..50",10,10,2024
"A50..50",4,11,2024
"A50..50",13,12,2024
"A50..50",8,13,2024
"A50..50",5,14,2024
"A50..50",12,15,2024
"A50..50",15,16,2024
"A50..50",7,17,2024
"A50..50",10,18,2024
"A50..50",11,19,2024
"A50..50",11,20,2024
"A50..50",8,21,2024
"A50..50",12,22,2024
"A50..50",12,23,2024
"A50..50",24,24,2024
"A50..50",13,25,2024
"A50..50",21,26,2024
"A50..50",21,27,2024
"A50..50",9,28,2024
"A51..51",10,1,2024
"A51..51",21,2,2024
"A51..51",11,3,2024
"A51..51",5,4,2024
"A51..51",9,5,2024
"A51..51",7,6,2024
"A51..51",8,7,2024
"A51..51",10,8,2024
"A51..51",8,9,2024
"A51..51",8,10,2024
"A51..51",6,11,2024
"A51..51",15,12,2024
"A51..51",4,13,2024
"A51..51",6,14,2024
"A51..51",9,15,2024
"A51..51",14,16,2024
"A51..51",8,17,2024
"A51..51",3,18,2024
"A51..51",6,19,2024
"A51..51",12,20,2024
"A51..51",13,21,2024
"A51..51",11,22,2024
"A51..51",19,23,2024
"A51..51",15,24,2024
"A51..51",13,25,2024
"A51..51",14,26,2024
"A51..51",14,27,2024
"A51..51",10,28,2024
"A52..52",11,1,2024
"A52..52",17,2,2024
"A52..52",12,3,2024
"A52..52",15,4,2024
"A52..52",6,5,2024
"A52..52",9,6,2024
"A52..52",5,7,2024
"A52..52",11,8,2024
"A52..52",9,9,2024
"A52..52",11,10,2024
"A52..52",11,11,2024
"A52..52",9,12,2024
"A52..52",16,13,2024
"A52..52",4,14,2024
"A52..52",12,15,2024
"A52..52",10,16,2024
"A52..52",13,17,2024
"A52..52",12,18,2024
"A52..52",13,19,2024
"A52..52",14,20,2024
"A52..52",10,21,2024
"A52..52",20,22,2024
"A52..52",20,23,2024
"A52..52",18,24,2024
"A52..52",24,25,2024
"A52..52",23,26,2024
"A52..52",15,27,2024
"A52..52",8,28,2024
"A53..53",7,1,2024
"A53..53",18,2,2024
"A53..53",18,3,2024
"A53..53",11,4,2024
"A53..53",8,5,2024
"A53..53",11,6,2024
"A53..53",12,7,2024
"A53..53",9,8,2024
"A53..53",9,9,2024
"A53..53",9,10,2024
"A53..53",12,11,2024
"A53..53",6,12,2024
"A53..53",8,13,2024
"A53..53",13,14,2024
"A53..53",19,15,2024
"A53..53",14,16,2024
"A53..53",10,17,2024
"A53..53",5,18,2024
"A53..53",16,19,2024
"A53..53",22,20,2024
"A53..53",14,21,2024
"A53..53",14,22,2024
"A53..53",17,23,2024
"A53..53",16,24,2024
"A53..53",17,25,2024
"A53..53",13,26,2024
"A53..53",25,27,2024
"A53..53",11,28,2024
"A54..54",11,1,2024
"A54..54",19,2,2024
"A54..54",10,3,2024
"A54..54",16,4,2024
"A54..54",11,5,2024
"A54..54",10,6,2024
"A54..54",12,7,2024
"A54..54",16,8,2024
"A54..54",9,9,2024
"A54..54",13,10,2024
"A54..54",11,11,2024
"A54..54",15,12,2024
"A54..54",11,13,2024
"A54..54",12,14,2024
"A54..54",16,15,2024
"A54..54",21,16,2024
"A54..54",16,17,2024
"A54..54",12,18,2024
"A54..54",10,19,2024
"A54..54",21,20,2024
"A54..54",18,21,2024
"A54..54",22,22,2024
"A54..54",24,23,2024
"A54..54",34,24,2024
"A54..54",28,25,2024
"A54..54",31,26,2024
"A54..54",16,27,2024
"A54..54",8,28,2024
"A55..55",10,1,2024
"A55..55",19,2,2024
"A55..55",16,3,2024
"A55..55",18,4,2024
"A55..55",17,5,2024
"A55..55",12,6,2024
"A55..55",11,7,2024
"A55..55",16,8,2024
"A55..55",12,9,2024
"A55..55",9,10,2024
"A55..55",14,11,2024
"A55..55",9,12,2024
"A55..55",19,13,2024
"A55..55",11,14,2024
"A55..55",21,15,2024
"A55..55",13,16,2024
"A55..55",17,17,2024
"A55..55",9,18,2024
"A55..55",10,19,2024
"A55..55",13,20,2024
"A55..55",19,21,2024
"A55..55",25,22,2024
"A55..55",41,23,2024
"A55..55",28,24,2024
"A55..55",31,25,2024
"A55..55",23,26,2024
"A55..55",29,27,2024
"A55..55",11,28,2024
"A56..56",18,1,2024
"A56..56",25,2,2024
"A56..56",17,3,2024
"A56..56",19,4,2024
"A56..56",13,5,2024
"A56..56",8,6,2024
"A56..56",13,7,2024
"A56..56",17,8,2024
"A56..56",14,9,2024
"A56..56",16,10,2024
"A56..56",13,11,2024
"A56..56",13,12,2024
"A56..56",12,13,2024
"A56..56",17,14,2024
"A56..56",10,15,2024
"A56..56",13,16,2024
"A56..56",17,17,2024
"A56..56",9,18,2024
"A56..56",16,19,2024
"A56..56",20,20,2024
"A56..56",23,21,2024
"A56..56",34,22,2024
"A56..56",30,23,2024
"A56..56",23,24,2024
"A56..56",29,25,2024
"A56..56",32,26,2024
"A56..56",25,27,2024
"A56..56",18,28,2024
"A57..57",12,1,2024
"A57..57",21,2,2024
"A57..57",15,3,2024
"A57..57",18,4,2024
"A57..57",11,5,2024
"A57..57",11,6,2024
"A57..57",16,7,2024
"A57..57",13,8,2024
"A57..57",14,9,2024
"A57..57",17,10,2024
"A57..57",13,11,2024
"A57..57",11,12,2024
"A57..57",13,13,2024
"A57..57",10,14,2024
"A57..57",17,15,2024
"A57..57",14,16,2024
"A57..57",9,17,2024
"A57..57",17,18,2024
"A57..57",13,19,2024
"A57..57",21,20,2024
"A57..57",20,21,2024
"A57..57",20,22,2024
"A57..57",36,23,2024
"A57..57",28,24,2024
"A57..57",24,25,2024
"A57..57",31,26,2024
"A57..57",36,27,2024
"A57..57",15,28,2024
"A58..58",14,1,2024
"A58..58",21,2,2024
"A58..58",14,3,2024
"A58..58",15,4,2024
"A58..58",10,5,2024
"A58..58",14,6,2024
"A58..58",12,7,2024
"A58..58",15,8,2024
"A58..58",12,9,2024
"A58..58",16,10,2024
"A58..58",5,11,2024
"A58..58",10,12,2024
"A58..58",13,13,2024
"A58..58",14,14,2024
"A58..58",20,15,2024
"A58..58",18,16,2024
"A58..58",16,17,2024
"A58..58",20,18,2024
"A58..58",16,19,2024
"A58..58",18,20,2024
"A58..58",21,21,2024
"A58..58",19,22,2024
"A58..58",39,23,2024
"A58..58",24,24,2024
"A58..58",25,25,2024
"A58..58",34,26,2024
"A58..58",25,27,2024
"A58..58",14,28,2024
"A59..59",13,1,2024
"A59..59",12,2,2024
"A59..59",13,3,2024
"A59..59",9,4,2024
"A59..59",9,5,2024
"A59..59",17,6,2024
"A59..59",11,7,2024
"A59..59",13,8,2024
"A59..59",15,9,2024
"A59..59",17,10,2024
"A59..59",18,11,2024
"A59..59",17,12,2024
"A59..59",14,13,2024
"A59..59",9,14,2024
"A59..59",24,15,2024
"A59..59",20,16,2024
"A59..59",22,17,2024
"A59..59",17,18,2024
"A59..59",14,19,2024
"A59..59",17,20,2024
"A59..59",16,21,2024
"A59..59",27,22,2024
"A59..59",24,23,2024
"A59..59",34,24,2024
"A59..59",25,25,2024
"A59..59",25,26,2024
"A59..59",29,27,2024
"A59..59",8,28,2024
"A60..60",16,1,2024
"A60..60",17,2,2024
"A60..60",13,3,2024
"A60..60",9,4,2024
"A60..60",16,5,2024
"A60..60",13,6,2024
"A60..60",9,7,2024
"A60..60",9,8,2024
"A60..60",11,9,2024
"A60..60",15,10,2024
"A60..60",21,11,2024
"A60..60",9,12,2024
"A60..60",18,13,2024
"A60..60",11,14,2024
"A60..60",13,15,2024
"A60..60",18,16,2024
"A60..60",20,17,2024
"A60..60",14,18,2024
"A60..60",22,19,2024
"A60..60",29,20,2024
"A60..60",21,21,2024
"A60..60",20,22,2024
"A60..60",20,23,2024
"A60..60",22,24,2024
"A60..60",23,25,2024
"A60..60",34,26,2024
"A60..60",23,27,2024
"A60..60",18,28,2024
"A61..61",10,1,2024
"A61..61",15,2,2024
"A61..61",10,3,2024
"A61..61",9,4,2024
"A61..61",14,5,2024
"A61..61",10,6,2024
"A61..61",13,7,2024
"A61..61",12,8,2024
"A61..61",12,9,2024
"A61..61",14,10,2024
"A61..61",9,11,2024
"A61..61",13,12,2024
"A61..61",16,13,2024
"A61..61",9,14,2024
"A61..61",17,15,2024
"A61..61",19,16,2024
"A61..61",20,17,2024
"A61..61",21,18,2024
"A61..61",19,19,2024
"A61..61",10,20,2024
"A61..61",15,21,2024
"A61..61",21,22,2024
"A61..61",28,23,2024
"A61..61",30,24,2024
"A61..61",26,25,2024
"A61..61",28,26,2024
"A61..61",21,27,2024
"A61..61",12,28,2024
"A62..62",12,1,2024
"A62..62",24,2,2024
"A62..62",9,3,2024
"A62..62",21,4,2024
"A62..62",10,5,2024
"A62..62",6,6,2024
"A62..62",10,7,2024
"A62..62",11,8,2024
"A62..62",16,9,2024
"A62..62",10,10,2024
"A62..62",8,11,2024
"A62..62",12,12,2024
"A62..62",11,13,2024
"A62..62",18,14,2024
"A62..62",15,15,2024
"A62..62",13,16,2024
"A62..62",13,17,2024
"A62..62",16,18,2024
"A62..62",10,19,2024
"A62..62",15,20,2024
"A62..62",15,21,2024
"A62..62",20,22,2024
"A62..62",24,23,2024
"A62..62",21,24,2024
"A62..62",25,25,2024
"A62..62",32,26,2024
"A62..62",24,27,2024
"A62..62",13,28,2024
"A63..63",13,1,2024
"A63..63",12,2,2024
"A63..63",14,3,2024
"A63..63",13,4,2024
"A63..63",12,5,2024
"A63..63",17,6,2024
"A63..63",8,7,2024
"A63..63",11,8,2024
"A63..63",15,9,2024
"A63..63",10,10,2024
"A63..63",11,11,2024
"A63..63",14,12,2024
"A63..63",12,13,2024
"A63..63",12,14,2024
"A63..63",23,15,2024
"A63..63",13,16,2024
"A63..63",18,17,2024
"A63..63",10,18,2024
"A63..63",21,19,2024
"A63..63",9,20,2024
"A63..63",16,21,2024
"A63..63",22,22,2024
"A63..63",22,23,2024
"A63..63",23,24,2024
"A63..63",23,25,2024
"A63..63",30,26,2024
"A63..63",34,27,2024
"A63..63",16,28,2024
"A64..64",13,1,2024
"A64..64",24,2,2024
"A64..64",11,3,2024
"A64..64",6,4,2024
"A64..64",8,5,2024
"A64..64",7,6,2024
"A64..64",10,7,2024
"A64..64",8,8,2024
"A64..64",7,9,2024
"A64..64",13,10,2024
"A64..64",15,11,2024
"A64..64",16,12,2024
"A64..64",12,13,2024
"A64..64",15,14,2024
"A64..64",9,15,2024
"A64..64",11,16,2024
"A64..64",16,17,2024
"A64..64",17,18,2024
"A64..64",10,19,2024
"A64..64",12,20,2024
"A64..64",24,21,2024
"A64..64",13,22,2024
"A64..64",26,23,2024
"A64..64",23,24,2024
"A64..64",19,25,2024
"A64..64",35,26,2024
"A64..64",20,27,2024
"A64..64",9,28,2024
"A65..65",8,1,2024
"A65..65",16,2,2024
"A65..65",8,3,2024
"A65..65",10,4,2024
"A65..65",14,5,2024
"A65..65",10,6,2024
"A65..65",8,7,2024
"A65..65",7,8,2024
"A65..65",7,9,2024
"A65..65",8,10,2024
"A65..65",15,11,2024
"A65..65",10,12,2024
"A65..65",9,13,2024
"A65..65",7,14,2024
"A65..65",9,15,2024
"A65..65",5,16,2024
"A65..65",10,17,2024
"A65..65",12,18,2024
"A65..65",11,19,2024
"A65..65",16,20,2024
"A65..65",16,21,2024
"A65..65",21,22,2024
"A65..65",21,23,2024
"A65..65",22,24,2024
"A65..65",27,25,2024
"A65..65",24,26,2024
"A65..65",25,27,2024
"A65..65",8,28,2024
"A66..66",8,1,2024
"A66..66",13,2,2024
"A66..66",11,3,2024
"A66..66",12,4,2024
"A66..66",13,5,2024
"A66..66",13,6,2024
"A66..66",10,7,2024
"A66..66",7,8,2024
"A66..66",13,9,2024
"A66..66",11,10,2024
"A66..66",11,11,2024
"A66..66",10,12,2024
"A66..66",7,13,2024
"A66..66",9,14,2024
"A66..66",16,15,2024
"A66..66",12,16,2024
"A66..66",12,17,2024
"A66..66",8,18,2024
"A66..66",8,19,2024
"A66..66",11,20,2024
"A66..66",13,21,2024
"A66..66",12,22,2024
"A66..66",20,23,2024
"A66..66",20,24,2024
"A66..66",17,25,2024
"A66..66",22,26,2024
"A66..66",17,27,2024
"A66..66",8,28,2024
"A67..67",12,1,2024
"A67..67",15,2,2024
"A67..67",8,3,2024
"A67..67",12,4,2024
"A67..67",9,5,2024
"A67..67",6,6,2024
"A67..67",14,7,2024
"A67..67",5,8,2024
"A67..67",9,9,2024
"A67..67",15,10,2024
"A67..67",11,11,2024
"A67..67",3,12,2024
"A67..67",9,13,2024
"A67..67",9,14,2024
"A67..67",20,15,2024
"A67..67",9,16,2024
"A67..67",11,17,2024
"A67..67",15,18,2024
"A67..67",11,19,2024
"A67..67",17,20,2024
"A67..67",7,21,2024
"A67..67",12,22,2024
"A67..67",17,23,2024
"A67..67",16,24,2024
"A67..67",20,25,2024
"A67..67",31,26,2024
"A67..67",19,27,2024
"A67..67",6,28,2024
"A68..68",8,1,2024
"A68..68",14,2,2024
"A68..68",7,3,2024
"A68..68",6,4,2024
"A68..68",10,5,2024
"A68..68",9,6,2024
"A68..68",4,7,2024
"A68..68",11,8,2024
"A68..68",12,9,2024
"A68..68",8,10,2024
"A68..68",18,11,2024
"A68..68",14,12,2024
"A68..68",12,13,2024
"A68..68",5,14,2024
"A68..68",9,15,2024
"A68..68",12,16,2024
"A68..68",14,17,2024
"A68..68",8,18,2024
"A68..68",6,19,2024
"A68..68",12,20,2024
"A68..68",11,21,2024
"A68..68",12,22,2024
"A68..68",19,23,2024
"A68..68",22,24,2024
"A68..68",27,25,2024
"A68..68",24,26,2024
"A68..68",19,27,2024
"A68..68",9,28,2024
"A69..69",3,1,2024
"A69..69",23,2,2024
"A69..69",12,3,2024
"A69..69",7,4,2024
"A69..69",10,5,2024
"A69..69",10,6,2024
"A69..69",7,7,2024
"A69..69",11,8,2024
"A69..69",12,9,2024
"A69..69",11,10,2024
"A69..69",11,11,2024
"A69..69",10,12,2024
"A69..69",8,13,2024
"A69..69",9,14,2024
"A69..69",15,15,2024
"A69..69",8,16,2024
"A69..69",13,17,2024
"A69..69",5,18,2024
"A69..69",8,19,2024
"A69..69",11,20,2024
"A69..69",9,21,2024
"A69..69",8,22,2024
"A69..69",14,23,2024
"A69..69",17,24,2024
"A69..69",21,25,2024
"A69..69",21,26,2024
"A69..69",21,27,2024
"A69..69",6,28,2024
"A70..70",8,1,2024
"A70..70",10,2,2024
"A70..70",12,3,2024
"A70..70",11,4,2024
"A70..70",11,5,2024
"A70..70",7,6,2024
"A70..70",8,7,2024
"A70..70",4,8,2024
"A70..70",4,9,2024
"A70..70",9,10,2024
"A70..70",6,11,2024
"A70..70",14,12,2024
"A70..70",17,13,2024
"A70..70",4,14,2024
"A70..70",7,15,2024
"A70..70",11,16,2024
"A70..70",8,17,2024
"A70..70",10,18,2024
"A70..70",11,19,2024
"A70..70",11,20,2024
"A70..70",12,21,2024
"A70..70",12,22,2024
"A70..70",14,23,2024
"A70..70",14,24,2024
"A70..70",13,25,2024
"A70..70",15,26,2024
"A70..70",22,27,2024
"A70..70",11,28,2024
"A71..71",7,1,2024
"A71..71",13,2,2024
"A71..71",8,3,2024
"A71..71",4,4,2024
"A71..71",3,5,2024
"A71..71",9,6,2024
"A71..71",6,7,2024
"A71..71",5,8,2024
"A71..71",6,9,2024
"A71..71",10,10,2024
"A71..71",9,11,2024
"A71..71",12,12,2024
"A71..71",5,13,2024
"A71..71",6,14,2024
"A71..71",6,15,2024
"A71..71",5,16,2024
"A71..71",12,17,2024
"A71..71",12,18,2024
"A71..71",11,19,2024
"A71..71",13,20,2024
"A71..71",6,21,2024
"A71..71",7,22,2024
"A71..71",16,23,2024
"A71..71",8,24,2024
"A71..71",18,25,2024
"A71..71",19,26,2024
"A71..71",16,27,2024
"A71..71",10,28,2024
"A72..72",6,1,2024
"A72..72",9,2,2024
"A72..72",8,3,2024
"A72..72",6,4,2024
"A72..72",11,5,2024
"A72..72",6,6,2024
"A72..72",5,7,2024
"A72..72",5,8,2024
"A72..72",9,9,2024
"A72..72",9,10,2024
"A72..72",7,11,2024
"A72..72",6,12,2024
"A72..72",7,13,2024
"A72..72",5,14,2024
"A72..72",8,15,2024
"A72..72",10,16,2024
"A72..72",10,17,2024
"A72..72",5,18,2024
"A72..72",7,19,2024
"A72..72",9,20,2024
"A72..72",8,21,2024
"A72..72",9,22,2024
"A72..72",23,23,2024
"A72..72",17,24,2024
"A72..72",12,25,2024
"A72..72",20,26,2024
"A72..72",15,27,2024
"A72..72",5,28,2024
"A73..73",11,1,2024
"A73..73",14,2,2024
"A73..73",6,3,2024
"A73..73",7,4,2024
"A73..73",9,5,2024
"A73..73",4,6,2024
"A73..73",7,7,2024
"A73..73",7,8,2024
"A73..73",8,9,2024
"A73..73",5,10,2024
"A73..73",7,11,2024
"A73..73",9,12,2024
"A73..73",7,13,2024
"A73..73",9,14,2024
"A73..73",12,15,2024
"A73..73",3,16,2024
"A73..73",14,17,2024
"A73..73",9,18,2024
"A73..73",14,19,2024
"A73..73",9,20,2024
"A73..73",7,21,2024
"A73..73",12,22,2024
"A73..73",15,23,2024
"A73..73",5,24,2024
"A73..73",24,25,2024
"A73..73",19,26,2024
"A73..73",12,27,2024
"A73..73",8,28,2024
"A74..74",9,1,2024
"A74..74",16,2,2024
"A74..74",9,3,2024
"A74..74",9,4,2024
"A74..74",6,5,2024
"A74..74",6,6,2024
"A74..74",5,7,2024
"A74..74",6,8,2024
"A74..74",8,9,2024
"A74..74",4,10,2024
"A74..74",7,11,2024
"A74..74",7,12,2024
"A74..74",2,13,2024
"A74..74",7,14,2024
"A74..74",9,15,2024
"A74..74",9,16,2024
"A74..74",8,17,2024
"A74..74",8,18,2024
"A74..74",8,19,2024
"A74..74",13,20,2024
"A74..74",7,21,2024
"A74..74",12,22,2024
"A74..74",9,23,2024
"A74..74",19,24,2024
"A74..74",9,25,2024
"A74..74",12,26,2024
"A74..74",18,27,2024
"A74..74",11,28,2024
"A75..75",6,1,2024
"A75..75",14,2,2024
"A75..75",8,3,2024
"A75..75",4,4,2024
"A75..75",4,5,2024
"A75..75",8,6,2024
"A75..75",4,7,2024
"A75..75",12,8,2024
"A75..75",9,9,2024
"A75..75",3,10,2024
"A75..75",4,11,2024
"A75..75",2,12,2024
"A75..75",11,13,2024
"A75..75",8,14,2024
"A75..75",11,15,2024
"A75..75",11,16,2024
"A75..75",12,17,2024
"A75..75",5,18,2024
"A75..75",6,19,2024
"A75..75",3,20,2024
"A75..75",8,21,2024
"A75..75",9,22,2024
"A75..75",12,23,2024
"A75..75",14,24,2024
"A75..75",15,25,2024
"A75..75",9,26,2024
"A75..75",17,27,2024
"A75..75",3,28,2024
"A76..76",8,1,2024
"A76..76",12,2,2024
"A76..76",7,3,2024
"A76..76",7,4,2024
"A76..76",4,5,2024
"A76..76",8,6,2024
"A76..76",2,7,2024
"A76..76",3,8,2024
"A76..76",5,9,2024
"A76..76",7,10,2024
"A76..76",7,11,2024
"A76..76",7,12,2024
"A76..76",4,13,2024
"A76..76",2,14,2024
"A76..76",8,15,2024
"A76..76",11,16,2024
"A76..76",8,17,2024
"A76..76",5,18,2024
"A76..76",6,19,2024
"A76..76",4,20,2024
"A76..76",10,21,2024
"A76..76",11,22,2024
"A76..76",9,23,2024
"A76..76",13,24,2024
"A76..76",14,25,2024
"A76..76",9,26,2024
"A76..76",15,27,2024
"A76..76",5,28,2024
"A77..77",4,1,2024
"A77..77",7,2,2024
"A77..77",5,3,2024
"A77..77",10,4,2024
"A77..77",7,5,2024
"A77..77",3,6,2024
"A77..77",6,7,2024
"A77..77",3,8,2024
"A77..77",1,9,2024
"A77..77",6,10,2024
"A77..77",3,11,2024
"A77..77",7,12,2024
"A77..77",5,13,2024
"A77..77",1,14,2024
"A77..77",3,15,2024
"A77..77",6,16,2024
"A77..77",5,17,2024
"A77..77",4,18,2024
"A77..77",9,19,2024
"A77..77",6,20,2024
"A77..77",8,21,2024
"A77..77",7,22,2024
"A77..77",3,23,2024
"A77..77",7,24,2024
"A77..77",8,25,2024
"A77..77",15,26,2024
"A77..77",11,27,2024
"A77..77",NA,28,2024
"A78..78",9,1,2024
"A78..78",6,2,2024
"A78..78",6,3,2024
"A78..78",3,4,2024
"A78..78",4,5,2024
"A78..78",8,6,2024
"A78..78",7,7,2024
"A78..78",5,8,2024
"A78..78",3,9,2024
"A78..78",3,10,2024
"A78..78",2,11,2024
"A78..78",5,12,2024
"A78..78",2,13,2024
"A78..78",2,14,2024
"A78..78",2,15,2024
"A78..78",8,16,2024
"A78..78",3,17,2024
"A78..78",7,18,2024
"A78..78",5,19,2024
"A78..78",7,20,2024
"A78..78",2,21,2024
"A78..78",7,22,2024
"A78..78",6,23,2024
"A78..78",7,24,2024
"A78..78",9,25,2024
"A78..78",10,26,2024
"A78..78",14,27,2024
"A78..78",2,28,2024
"A79..79",5,1,2024
"A79..79",6,2,2024
"A79..79",5,3,2024
"A79..79",5,4,2024
"A79..79",11,5,2024
"A79..79",5,6,2024
"A79..79",5,7,2024
"A79..79",6,8,2024
"A79..79",2,9,2024
"A79..79",4,10,2024
"A79..79",5,11,2024
"A79..79",7,12,2024
"A79..79",5,13,2024
"A79..79",3,14,2024
"A79..79",8,15,2024
"A79..79",4,16,2024
"A79..79",3,17,2024
"A79..79",2,18,2024
"A79..79",7,19,2024
"A79..79",9,20,2024
"A79..79",11,21,2024
"A79..79",7,22,2024
"A79..79",10,23,2024
"A79..79",13,24,2024
"A79..79",8,25,2024
"A79..79",11,26,2024
"A79..79",8,27,2024
"A79..79",7,28,2024
"A80.",61,1,2024
"A80.",69,2,2024
"A80.",55,3,2024
"A80.",51,4,2024
"A80.",42,5,2024
"A80.",47,6,2024
"A80.",62,7,2024
"A80.",50,8,2024
"A80.",54,9,2024
"A80.",51,10,2024
"A80.",52,11,2024
"A80.",61,12,2024
"A80.",47,13,2024
"A80.",37,14,2024
"A80.",61,15,2024
"A80.",52,16,2024
"A80.",65,17,2024
"A80.",49,18,2024
"A80.",56,19,2024
"A80.",64,20,2024
"A80.",63,21,2024
"A80.",61,22,2024
"A80.",84,23,2024
"A80.",95,24,2024
"A80.",95,25,2024
"A80.",106,26,2024
"A80.",118,27,2024
"A80.",56,28,2024
"Unbekannt",NA,1,2024
"Unbekannt",NA,2,2024
"Unbekannt",NA,3,2024
"Unbekannt",1,4,2024
"Unbekannt",NA,5,2024
"Unbekannt",1,6,2024
"Unbekannt",NA,7,2024
"Unbekannt",NA,8,2024
"Unbekannt",NA,9,2024
"Unbekannt",NA,10,2024
"Unbekannt",NA,11,2024
"Unbekannt",NA,12,2024
"Unbekannt",NA,13,2024
"Unbekannt",NA,14,2024
"Unbekannt",1,15,2024
"Unbekannt",NA,16,2024
"Unbekannt",NA,17,2024
"Unbekannt",NA,18,2024
"Unbekannt",NA,19,2024
"Unbekannt",NA,20,2024
"Unbekannt",NA,21,2024
"Unbekannt",NA,22,2024
"Unbekannt",NA,23,2024
"Unbekannt",NA,24,2024
"Unbekannt",1,25,2024
"Unbekannt",NA,26,2024
"Unbekannt",NA,27,2024
"Unbekannt",NA,28,2024
"A00..00",6,1,2023
"A00..00",7,2,2023
"A00..00",6,3,2023
"A00..00",3,4,2023
"A00..00",8,5,2023
"A00..00",11,6,2023
"A00..00",6,7,2023
"A00..00",6,8,2023
"A00..00",6,9,2023
"A00..00",7,10,2023
"A00..00",5,11,2023
"A00..00",1,12,2023
"A00..00",4,13,2023
"A00..00",4,14,2023
"A00..00",4,15,2023
"A00..00",3,16,2023
"A00..00",5,17,2023
"A00..00",2,18,2023
"A00..00",4,19,2023
"A00..00",5,20,2023
"A00..00",4,21,2023
"A00..00",6,22,2023
"A00..00",2,23,2023
"A00..00",7,24,2023
"A00..00",9,25,2023
"A00..00",8,26,2023
"A00..00",6,27,2023
"A00..00",8,28,2023
"A00..00",12,29,2023
"A00..00",12,30,2023
"A00..00",11,31,2023
"A00..00",9,32,2023
"A00..00",16,33,2023
"A00..00",8,34,2023
"A00..00",5,35,2023
"A00..00",5,36,2023
"A00..00",16,37,2023
"A00..00",7,38,2023
"A00..00",9,39,2023
"A00..00",7,40,2023
"A00..00",6,41,2023
"A00..00",7,42,2023
"A00..00",10,43,2023
"A00..00",8,44,2023
"A00..00",13,45,2023
"A00..00",8,46,2023
"A00..00",9,47,2023
"A00..00",11,48,2023
"A00..00",7,49,2023
"A00..00",4,50,2023
"A00..00",8,51,2023
"A00..00",3,52,2023
"A01..01",5,1,2023
"A01..01",11,2,2023
"A01..01",9,3,2023
"A01..01",4,4,2023
"A01..01",6,5,2023
"A01..01",8,6,2023
"A01..01",19,7,2023
"A01..01",7,8,2023
"A01..01",9,9,2023
"A01..01",13,10,2023
"A01..01",7,11,2023
"A01..01",7,12,2023
"A01..01",7,13,2023
"A01..01",5,14,2023
"A01..01",6,15,2023
"A01..01",6,16,2023
"A01..01",16,17,2023
"A01..01",9,18,2023
"A01..01",13,19,2023
"A01..01",10,20,2023
"A01..01",19,21,2023
"A01..01",13,22,2023
"A01..01",15,23,2023
"A01..01",9,24,2023
"A01..01",15,25,2023
"A01..01",19,26,2023
"A01..01",17,27,2023
"A01..01",14,28,2023
"A01..01",13,29,2023
"A01..01",17,30,2023
"A01..01",21,31,2023
"A01..01",21,32,2023
"A01..01",19,33,2023
"A01..01",15,34,2023
"A01..01",23,35,2023
"A01..01",22,36,2023
"A01..01",17,37,2023
"A01..01",17,38,2023
"A01..01",16,39,2023
"A01..01",20,40,2023
"A01..01",15,41,2023
"A01..01",18,42,2023
"A01..01",11,43,2023
"A01..01",10,44,2023
"A01..01",33,45,2023
"A01..01",14,46,2023
"A01..01",17,47,2023
"A01..01",7,48,2023
"A01..01",11,49,2023
"A01..01",16,50,2023
"A01..01",11,51,2023
"A01..01",9,52,2023
"A02..02",5,1,2023
"A02..02",7,2,2023
"A02..02",5,3,2023
"A02..02",8,4,2023
"A02..02",10,5,2023
"A02..02",9,6,2023
"A02..02",5,7,2023
"A02..02",8,8,2023
"A02..02",6,9,2023
"A02..02",5,10,2023
"A02..02",6,11,2023
"A02..02",10,12,2023
"A02..02",11,13,2023
"A02..02",4,14,2023
"A02..02",5,15,2023
"A02..02",4,16,2023
"A02..02",3,17,2023
"A02..02",7,18,2023
"A02..02",7,19,2023
"A02..02",8,20,2023
"A02..02",15,21,2023
"A02..02",8,22,2023
"A02..02",8,23,2023
"A02..02",10,24,2023
"A02..02",7,25,2023
"A02..02",13,26,2023
"A02..02",13,27,2023
"A02..02",8,28,2023
"A02..02",13,29,2023
"A02..02",7,30,2023
"A02..02",19,31,2023
"A02..02",10,32,2023
"A02..02",14,33,2023
"A02..02",14,34,2023
"A02..02",16,35,2023
"A02..02",17,36,2023
"A02..02",10,37,2023
"A02..02",12,38,2023
"A02..02",12,39,2023
"A02..02",7,40,2023
"A02..02",12,41,2023
"A02..02",12,42,2023
"A02..02",11,43,2023
"A02..02",8,44,2023
"A02..02",15,45,2023
"A02..02",12,46,2023
"A02..02",11,47,2023
"A02..02",5,48,2023
"A02..02",10,49,2023
"A02..02",10,50,2023
"A02..02",16,51,2023
"A02..02",8,52,2023
"A03..03",3,1,2023
"A03..03",6,2,2023
"A03..03",6,3,2023
"A03..03",9,4,2023
"A03..03",4,5,2023
"A03..03",7,6,2023
"A03..03",9,7,2023
"A03..03",5,8,2023
"A03..03",5,9,2023
"A03..03",2,10,2023
"A03..03",6,11,2023
"A03..03",5,12,2023
"A03..03",4,13,2023
"A03..03",3,14,2023
"A03..03",5,15,2023
"A03..03",8,16,2023
"A03..03",3,17,2023
"A03..03",5,18,2023
"A03..03",5,19,2023
"A03..03",3,20,2023
"A03..03",2,21,2023
"A03..03",3,22,2023
"A03..03",3,23,2023
"A03..03",5,24,2023
"A03..03",8,25,2023
"A03..03",15,26,2023
"A03..03",5,27,2023
"A03..03",5,28,2023
"A03..03",14,29,2023
"A03..03",10,30,2023
"A03..03",4,31,2023
"A03..03",9,32,2023
"A03..03",10,33,2023
"A03..03",12,34,2023
"A03..03",4,35,2023
"A03..03",8,36,2023
"A03..03",11,37,2023
"A03..03",9,38,2023
"A03..03",5,39,2023
"A03..03",9,40,2023
"A03..03",4,41,2023
"A03..03",10,42,2023
"A03..03",3,43,2023
"A03..03",1,44,2023
"A03..03",7,45,2023
"A03..03",7,46,2023
"A03..03",6,47,2023
"A03..03",4,48,2023
"A03..03",8,49,2023
"A03..03",3,50,2023
"A03..03",4,51,2023
"A03..03",NA,52,2023
"A04..04",4,1,2023
"A04..04",8,2,2023
"A04..04",8,3,2023
"A04..04",3,4,2023
"A04..04",6,5,2023
"A04..04",5,6,2023
"A04..04",5,7,2023
"A04..04",5,8,2023
"A04..04",4,9,2023
"A04..04",4,10,2023
"A04..04",3,11,2023
"A04..04",2,12,2023
"A04..04",3,13,2023
"A04..04",1,14,2023
"A04..04",1,15,2023
"A04..04",4,16,2023
"A04..04",NA,17,2023
"A04..04",2,18,2023
"A04..04",4,19,2023
"A04..04",4,20,2023
"A04..04",1,21,2023
"A04..04",8,22,2023
"A04..04",7,23,2023
"A04..04",7,24,2023
"A04..04",11,25,2023
"A04..04",4,26,2023
"A04..04",5,27,2023
"A04..04",9,28,2023
"A04..04",6,29,2023
"A04..04",13,30,2023
"A04..04",12,31,2023
"A04..04",7,32,2023
"A04..04",6,33,2023
"A04..04",6,34,2023
"A04..04",13,35,2023
"A04..04",7,36,2023
"A04..04",12,37,2023
"A04..04",6,38,2023
"A04..04",8,39,2023
"A04..04",1,40,2023
"A04..04",5,41,2023
"A04..04",2,42,2023
"A04..04",4,43,2023
"A04..04",3,44,2023
"A04..04",4,45,2023
"A04..04",4,46,2023
"A04..04",2,47,2023
"A04..04",2,48,2023
"A04..04",5,49,2023
"A04..04",3,50,2023
"A04..04",11,51,2023
"A04..04",1,52,2023
"A05..05",4,1,2023
"A05..05",4,2,2023
"A05..05",7,3,2023
"A05..05",7,4,2023
"A05..05",2,5,2023
"A05..05",6,6,2023
"A05..05",6,7,2023
"A05..05",4,8,2023
"A05..05",1,9,2023
"A05..05",4,10,2023
"A05..05",NA,11,2023
"A05..05",5,12,2023
"A05..05",4,13,2023
"A05..05",6,14,2023
"A05..05",5,15,2023
"A05..05",4,16,2023
"A05..05",3,17,2023
"A05..05",2,18,2023
"A05..05",2,19,2023
"A05..05",6,20,2023
"A05..05",6,21,2023
"A05..05",8,22,2023
"A05..05",3,23,2023
"A05..05",4,24,2023
"A05..05",11,25,2023
"A05..05",4,26,2023
"A05..05",7,27,2023
"A05..05",10,28,2023
"A05..05",4,29,2023
"A05..05",5,30,2023
"A05..05",7,31,2023
"A05..05",8,32,2023
"A05..05",10,33,2023
"A05..05",6,34,2023
"A05..05",9,35,2023
"A05..05",11,36,2023
"A05..05",11,37,2023
"A05..05",12,38,2023
"A05..05",6,39,2023
"A05..05",7,40,2023
"A05..05",2,41,2023
"A05..05",1,42,2023
"A05..05",8,43,2023
"A05..05",2,44,2023
"A05..05",5,45,2023
"A05..05",8,46,2023
"A05..05",2,47,2023
"A05..05",6,48,2023
"A05..05",6,49,2023
"A05..05",7,50,2023
"A05..05",8,51,2023
"A05..05",1,52,2023
"A06..06",3,1,2023
"A06..06",1,2,2023
"A06..06",3,3,2023
"A06..06",1,4,2023
"A06..06",1,5,2023
"A06..06",3,6,2023
"A06..06",NA,7,2023
"A06..06",1,8,2023
"A06..06",6,9,2023
"A06..06",3,10,2023
"A06..06",NA,11,2023
"A06..06",5,12,2023
"A06..06",1,13,2023
"A06..06",4,14,2023
"A06..06",NA,15,2023
"A06..06",2,16,2023
"A06..06",3,17,2023
"A06..06",NA,18,2023
"A06..06",2,19,2023
"A06..06",5,20,2023
"A06..06",7,21,2023
"A06..06",3,22,2023
"A06..06",7,23,2023
"A06..06",4,24,2023
"A06..06",8,25,2023
"A06..06",7,26,2023
"A06..06",8,27,2023
"A06..06",7,28,2023
"A06..06",2,29,2023
"A06..06",9,30,2023
"A06..06",1,31,2023
"A06..06",7,32,2023
"A06..06",4,33,2023
"A06..06",11,34,2023
"A06..06",8,35,2023
"A06..06",8,36,2023
"A06..06",7,37,2023
"A06..06",11,38,2023
"A06..06",6,39,2023
"A06..06",4,40,2023
"A06..06",9,41,2023
"A06..06",4,42,2023
"A06..06",4,43,2023
"A06..06",4,44,2023
"A06..06",8,45,2023
"A06..06",5,46,2023
"A06..06",NA,47,2023
"A06..06",6,48,2023
"A06..06",6,49,2023
"A06..06",6,50,2023
"A06..06",2,51,2023
"A06..06",4,52,2023
"A07..07",1,1,2023
"A07..07",3,2,2023
"A07..07",2,3,2023
"A07..07",4,4,2023
"A07..07",3,5,2023
"A07..07",2,6,2023
"A07..07",2,7,2023
"A07..07",3,8,2023
"A07..07",6,9,2023
"A07..07",1,10,2023
"A07..07",1,11,2023
"A07..07",2,12,2023
"A07..07",3,13,2023
"A07..07",1,14,2023
"A07..07",NA,15,2023
"A07..07",NA,16,2023
"A07..07",6,17,2023
"A07..07",NA,18,2023
"A07..07",NA,19,2023
"A07..07",1,20,2023
"A07..07",6,21,2023
"A07..07",4,22,2023
"A07..07",6,23,2023
"A07..07",2,24,2023
"A07..07",6,25,2023
"A07..07",4,26,2023
"A07..07",4,27,2023
"A07..07",5,28,2023
"A07..07",9,29,2023
"A07..07",8,30,2023
"A07..07",6,31,2023
"A07..07",6,32,2023
"A07..07",4,33,2023
"A07..07",5,34,2023
"A07..07",9,35,2023
"A07..07",12,36,2023
"A07..07",5,37,2023
"A07..07",8,38,2023
"A07..07",6,39,2023
"A07..07",5,40,2023
"A07..07",4,41,2023
"A07..07",4,42,2023
"A07..07",5,43,2023
"A07..07",3,44,2023
"A07..07",6,45,2023
"A07..07",1,46,2023
"A07..07",6,47,2023
"A07..07",4,48,2023
"A07..07",7,49,2023
"A07..07",2,50,2023
"A07..07",2,51,2023
"A07..07",4,52,2023
"A08..08",1,1,2023
"A08..08",6,2,2023
"A08..08",4,3,2023
"A08..08",5,4,2023
"A08..08",6,5,2023
"A08..08",4,6,2023
"A08..08",6,7,2023
"A08..08",2,8,2023
"A08..08",2,9,2023
"A08..08",3,10,2023
"A08..08",5,11,2023
"A08..08",2,12,2023
"A08..08",3,13,2023
"A08..08",2,14,2023
"A08..08",2,15,2023
"A08..08",2,16,2023
"A08..08",3,17,2023
"A08..08",NA,18,2023
"A08..08",3,19,2023
"A08..08",2,20,2023
"A08..08",5,21,2023
"A08..08",3,22,2023
"A08..08",4,23,2023
"A08..08",6,24,2023
"A08..08",8,25,2023
"A08..08",4,26,2023
"A08..08",6,27,2023
"A08..08",5,28,2023
"A08..08",6,29,2023
"A08..08",3,30,2023
"A08..08",9,31,2023
"A08..08",10,32,2023
"A08..08",4,33,2023
"A08..08",8,34,2023
"A08..08",5,35,2023
"A08..08",9,36,2023
"A08..08",5,37,2023
"A08..08",6,38,2023
"A08..08",3,39,2023
"A08..08",2,40,2023
"A08..08",5,41,2023
"A08..08",4,42,2023
"A08..08",4,43,2023
"A08..08",3,44,2023
"A08..08",6,45,2023
"A08..08",6,46,2023
"A08..08",1,47,2023
"A08..08",4,48,2023
"A08..08",2,49,2023
"A08..08",6,50,2023
"A08..08",1,51,2023
"A08..08",NA,52,2023
"A09..09",2,1,2023
"A09..09",8,2,2023
"A09..09",3,3,2023
"A09..09",3,4,2023
"A09..09",4,5,2023
"A09..09",5,6,2023
"A09..09",10,7,2023
"A09..09",5,8,2023
"A09..09",NA,9,2023
"A09..09",2,10,2023
"A09..09",3,11,2023
"A09..09",1,12,2023
"A09..09",2,13,2023
"A09..09",1,14,2023
"A09..09",3,15,2023
"A09..09",5,16,2023
"A09..09",4,17,2023
"A09..09",6,18,2023
"A09..09",5,19,2023
"A09..09",1,20,2023
"A09..09",2,21,2023
"A09..09",5,22,2023
"A09..09",3,23,2023
"A09..09",6,24,2023
"A09..09",9,25,2023
"A09..09",4,26,2023
"A09..09",4,27,2023
"A09..09",6,28,2023
"A09..09",4,29,2023
"A09..09",6,30,2023
"A09..09",5,31,2023
"A09..09",7,32,2023
"A09..09",4,33,2023
"A09..09",11,34,2023
"A09..09",4,35,2023
"A09..09",5,36,2023
"A09..09",5,37,2023
"A09..09",5,38,2023
"A09..09",6,39,2023
"A09..09",1,40,2023
"A09..09",4,41,2023
"A09..09",9,42,2023
"A09..09",4,43,2023
"A09..09",4,44,2023
"A09..09",3,45,2023
"A09..09",2,46,2023
"A09..09",2,47,2023
"A09..09",3,48,2023
"A09..09",2,49,2023
"A09..09",4,50,2023
"A09..09",NA,51,2023
"A09..09",1,52,2023
"A10..10",3,1,2023
"A10..10",4,2,2023
"A10..10",NA,3,2023
"A10..10",3,4,2023
"A10..10",5,5,2023
"A10..10",1,6,2023
"A10..10",3,7,2023
"A10..10",1,8,2023
"A10..10",2,9,2023
"A10..10",7,10,2023
"A10..10",4,11,2023
"A10..10",2,12,2023
"A10..10",NA,13,2023
"A10..10",NA,14,2023
"A10..10",1,15,2023
"A10..10",8,16,2023
"A10..10",3,17,2023
"A10..10",NA,18,2023
"A10..10",3,19,2023
"A10..10",6,20,2023
"A10..10",6,21,2023
"A10..10",1,22,2023
"A10..10",3,23,2023
"A10..10",8,24,2023
"A10..10",5,25,2023
"A10..10",5,26,2023
"A10..10",5,27,2023
"A10..10",3,28,2023
"A10..10",13,29,2023
"A10..10",6,30,2023
"A10..10",10,31,2023
"A10..10",6,32,2023
"A10..10",9,33,2023
"A10..10",7,34,2023
"A10..10",7,35,2023
"A10..10",10,36,2023
"A10..10",4,37,2023
"A10..10",10,38,2023
"A10..10",4,39,2023
"A10..10",2,40,2023
"A10..10",7,41,2023
"A10..10",4,42,2023
"A10..10",7,43,2023
"A10..10",1,44,2023
"A10..10",3,45,2023
"A10..10",5,46,2023
"A10..10",2,47,2023
"A10..10",1,48,2023
"A10..10",4,49,2023
"A10..10",2,50,2023
"A10..10",4,51,2023
"A10..10",1,52,2023
"A11..11",2,1,2023
"A11..11",7,2,2023
"A11..11",2,3,2023
"A11..11",5,4,2023
"A11..11",2,5,2023
"A11..11",1,6,2023
"A11..11",3,7,2023
"A11..11",4,8,2023
"A11..11",1,9,2023
"A11..11",NA,10,2023
"A11..11",NA,11,2023
"A11..11",4,12,2023
"A11..11",2,13,2023
"A11..11",3,14,2023
"A11..11",NA,15,2023
"A11..11",2,16,2023
"A11..11",2,17,2023
"A11..11",4,18,2023
"A11..11",6,19,2023
"A11..11",5,20,2023
"A11..11",4,21,2023
"A11..11",7,22,2023
"A11..11",2,23,2023
"A11..11",5,24,2023
"A11..11",4,25,2023
"A11..11",8,26,2023
"A11..11",3,27,2023
"A11..11",6,28,2023
"A11..11",11,29,2023
"A11..11",6,30,2023
"A11..11",8,31,2023
"A11..11",10,32,2023
"A11..11",8,33,2023
"A11..11",9,34,2023
"A11..11",8,35,2023
"A11..11",11,36,2023
"A11..11",6,37,2023
"A11..11",5,38,2023
"A11..11",5,39,2023
"A11..11",5,40,2023
"A11..11",6,41,2023
"A11..11",3,42,2023
"A11..11",5,43,2023
"A11..11",5,44,2023
"A11..11",2,45,2023
"A11..11",3,46,2023
"A11..11",3,47,2023
"A11..11",4,48,2023
"A11..11",3,49,2023
"A11..11",6,50,2023
"A11..11",1,51,2023
"A11..11",NA,52,2023
"A12..12",4,1,2023
"A12..12",7,2,2023
"A12..12",5,3,2023
"A12..12",6,4,2023
"A12..12",3,5,2023
"A12..12",4,6,2023
"A12..12",2,7,2023
"A12..12",NA,8,2023
"A12..12",2,9,2023
"A12..12",2,10,2023
"A12..12",1,11,2023
"A12..12",2,12,2023
"A12..12",1,13,2023
"A12..12",4,14,2023
"A12..12",2,15,2023
"A12..12",4,16,2023
"A12..12",7,17,2023
"A12..12",4,18,2023
"A12..12",2,19,2023
"A12..12",4,20,2023
"A12..12",3,21,2023
"A12..12",3,22,2023
"A12..12",4,23,2023
"A12..12",6,24,2023
"A12..12",9,25,2023
"A12..12",13,26,2023
"A12..12",3,27,2023
"A12..12",9,28,2023
"A12..12",5,29,2023
"A12..12",5,30,2023
"A12..12",6,31,2023
"A12..12",5,32,2023
"A12..12",7,33,2023
"A12..12",10,34,2023
"A12..12",9,35,2023
"A12..12",10,36,2023
"A12..12",6,37,2023
"A12..12",12,38,2023
"A12..12",4,39,2023
"A12..12",5,40,2023
"A12..12",NA,41,2023
"A12..12",4,42,2023
"A12..12",1,43,2023
"A12..12",4,44,2023
"A12..12",4,45,2023
"A12..12",7,46,2023
"A12..12",2,47,2023
"A12..12",3,48,2023
"A12..12",5,49,2023
"A12..12",3,50,2023
"A12..12",2,51,2023
"A12..12",1,52,2023
"A13..13",2,1,2023
"A13..13",1,2,2023
"A13..13",2,3,2023
"A13..13",3,4,2023
"A13..13",3,5,2023
"A13..13",4,6,2023
"A13..13",NA,7,2023
"A13..13",5,8,2023
"A13..13",6,9,2023
"A13..13",1,10,2023
"A13..13",5,11,2023
"A13..13",4,12,2023
"A13..13",2,13,2023
"A13..13",2,14,2023
"A13..13",1,15,2023
"A13..13",5,16,2023
"A13..13",4,17,2023
"A13..13",2,18,2023
"A13..13",3,19,2023
"A13..13",3,20,2023
"A13..13",NA,21,2023
"A13..13",1,22,2023
"A13..13",1,23,2023
"A13..13",7,24,2023
"A13..13",10,25,2023
"A13..13",6,26,2023
"A13..13",7,27,2023
"A13..13",5,28,2023
"A13..13",8,29,2023
"A13..13",9,30,2023
"A13..13",3,31,2023
"A13..13",11,32,2023
"A13..13",13,33,2023
"A13..13",6,34,2023
"A13..13",6,35,2023
"A13..13",6,36,2023
"A13..13",8,37,2023
"A13..13",9,38,2023
"A13..13",8,39,2023
"A13..13",2,40,2023
"A13..13",5,41,2023
"A13..13",5,42,2023
"A13..13",7,43,2023
"A13..13",3,44,2023
"A13..13",6,45,2023
"A13..13",3,46,2023
"A13..13",4,47,2023
"A13..13",3,48,2023
"A13..13",5,49,2023
"A13..13",3,50,2023
"A13..13",1,51,2023
"A13..13",2,52,2023
"A14..14",3,1,2023
"A14..14",15,2,2023
"A14..14",6,3,2023
"A14..14",2,4,2023
"A14..14",4,5,2023
"A14..14",5,6,2023
"A14..14",1,7,2023
"A14..14",5,8,2023
"A14..14",4,9,2023
"A14..14",7,10,2023
"A14..14",3,11,2023
"A14..14",4,12,2023
"A14..14",5,13,2023
"A14..14",1,14,2023
"A14..14",3,15,2023
"A14..14",5,16,2023
"A14..14",9,17,2023
"A14..14",1,18,2023
"A14..14",5,19,2023
"A14..14",5,20,2023
"A14..14",8,21,2023
"A14..14",5,22,2023
"A14..14",5,23,2023
"A14..14",7,24,2023
"A14..14",8,25,2023
"A14..14",5,26,2023
"A14..14",5,27,2023
"A14..14",4,28,2023
"A14..14",10,29,2023
"A14..14",6,30,2023
"A14..14",6,31,2023
"A14..14",8,32,2023
"A14..14",6,33,2023
"A14..14",11,34,2023
"A14..14",12,35,2023
"A14..14",5,36,2023
"A14..14",10,37,2023
"A14..14",11,38,2023
"A14..14",8,39,2023
"A14..14",1,40,2023
"A14..14",NA,41,2023
"A14..14",8,42,2023
"A14..14",10,43,2023
"A14..14",3,44,2023
"A14..14",4,45,2023
"A14..14",6,46,2023
"A14..14",1,47,2023
"A14..14",2,48,2023
"A14..14",NA,49,2023
"A14..14",3,50,2023
"A14..14",5,51,2023
"A14..14",1,52,2023
"A15..15",3,1,2023
"A15..15",9,2,2023
"A15..15",5,3,2023
"A15..15",2,4,2023
"A15..15",5,5,2023
"A15..15",5,6,2023
"A15..15",8,7,2023
"A15..15",3,8,2023
"A15..15",7,9,2023
"A15..15",6,10,2023
"A15..15",3,11,2023
"A15..15",7,12,2023
"A15..15",5,13,2023
"A15..15",2,14,2023
"A15..15",2,15,2023
"A15..15",5,16,2023
"A15..15",10,17,2023
"A15..15",2,18,2023
"A15..15",5,19,2023
"A15..15",4,20,2023
"A15..15",3,21,2023
"A15..15",5,22,2023
"A15..15",6,23,2023
"A15..15",10,24,2023
"A15..15",11,25,2023
"A15..15",10,26,2023
"A15..15",16,27,2023
"A15..15",9,28,2023
"A15..15",11,29,2023
"A15..15",9,30,2023
"A15..15",7,31,2023
"A15..15",10,32,2023
"A15..15",14,33,2023
"A15..15",14,34,2023
"A15..15",12,35,2023
"A15..15",18,36,2023
"A15..15",19,37,2023
"A15..15",8,38,2023
"A15..15",5,39,2023
"A15..15",6,40,2023
"A15..15",8,41,2023
"A15..15",9,42,2023
"A15..15",4,43,2023
"A15..15",4,44,2023
"A15..15",8,45,2023
"A15..15",10,46,2023
"A15..15",7,47,2023
"A15..15",4,48,2023
"A15..15",4,49,2023
"A15..15",5,50,2023
"A15..15",4,51,2023
"A15..15",1,52,2023
"A16..16",7,1,2023
"A16..16",7,2,2023
"A16..16",6,3,2023
"A16..16",4,4,2023
"A16..16",6,5,2023
"A16..16",2,6,2023
"A16..16",3,7,2023
"A16..16",4,8,2023
"A16..16",2,9,2023
"A16..16",4,10,2023
"A16..16",3,11,2023
"A16..16",5,12,2023
"A16..16",5,13,2023
"A16..16",2,14,2023
"A16..16",7,15,2023
"A16..16",7,16,2023
"A16..16",7,17,2023
"A16..16",1,18,2023
"A16..16",6,19,2023
"A16..16",3,20,2023
"A16..16",3,21,2023
"A16..16",9,22,2023
"A16..16",6,23,2023
"A16..16",11,24,2023
"A16..16",17,25,2023
"A16..16",15,26,2023
"A16..16",11,27,2023
"A16..16",10,28,2023
"A16..16",16,29,2023
"A16..16",10,30,2023
"A16..16",13,31,2023
"A16..16",13,32,2023
"A16..16",10,33,2023
"A16..16",16,34,2023
"A16..16",17,35,2023
"A16..16",24,36,2023
"A16..16",15,37,2023
"A16..16",22,38,2023
"A16..16",10,39,2023
"A16..16",4,40,2023
"A16..16",8,41,2023
"A16..16",7,42,2023
"A16..16",16,43,2023
"A16..16",3,44,2023
"A16..16",16,45,2023
"A16..16",2,46,2023
"A16..16",10,47,2023
"A16..16",8,48,2023
"A16..16",9,49,2023
"A16..16",5,50,2023
"A16..16",6,51,2023
"A16..16",4,52,2023
"A17..17",6,1,2023
"A17..17",13,2,2023
"A17..17",9,3,2023
"A17..17",11,4,2023
"A17..17",4,5,2023
"A17..17",5,6,2023
"A17..17",4,7,2023
"A17..17",4,8,2023
"A17..17",7,9,2023
"A17..17",6,10,2023
"A17..17",1,11,2023
"A17..17",8,12,2023
"A17..17",5,13,2023
"A17..17",4,14,2023
"A17..17",3,15,2023
"A17..17",7,16,2023
"A17..17",3,17,2023
"A17..17",8,18,2023
"A17..17",10,19,2023
"A17..17",8,20,2023
"A17..17",6,21,2023
"A17..17",8,22,2023
"A17..17",10,23,2023
"A17..17",19,24,2023
"A17..17",21,25,2023
"A17..17",14,26,2023
"A17..17",17,27,2023
"A17..17",14,28,2023
"A17..17",22,29,2023
"A17..17",13,30,2023
"A17..17",12,31,2023
"A17..17",23,32,2023
"A17..17",13,33,2023
"A17..17",23,34,2023
"A17..17",15,35,2023
"A17..17",14,36,2023
"A17..17",16,37,2023
"A17..17",11,38,2023
"A17..17",16,39,2023
"A17..17",9,40,2023
"A17..17",11,41,2023
"A17..17",11,42,2023
"A17..17",9,43,2023
"A17..17",10,44,2023
"A17..17",12,45,2023
"A17..17",15,46,2023
"A17..17",8,47,2023
"A17..17",7,48,2023
"A17..17",8,49,2023
"A17..17",14,50,2023
"A17..17",10,51,2023
"A17..17",3,52,2023
"A18..18",10,1,2023
"A18..18",15,2,2023
"A18..18",8,3,2023
"A18..18",8,4,2023
"A18..18",9,5,2023
"A18..18",9,6,2023
"A18..18",5,7,2023
"A18..18",8,8,2023
"A18..18",5,9,2023
"A18..18",4,10,2023
"A18..18",3,11,2023
"A18..18",9,12,2023
"A18..18",8,13,2023
"A18..18",4,14,2023
"A18..18",2,15,2023
"A18..18",7,16,2023
"A18..18",8,17,2023
"A18..18",7,18,2023
"A18..18",7,19,2023
"A18..18",7,20,2023
"A18..18",8,21,2023
"A18..18",10,22,2023
"A18..18",12,23,2023
"A18..18",15,24,2023
"A18..18",17,25,2023
"A18..18",12,26,2023
"A18..18",18,27,2023
"A18..18",8,28,2023
"A18..18",23,29,2023
"A18..18",14,30,2023
"A18..18",13,31,2023
"A18..18",24,32,2023
"A18..18",18,33,2023
"A18..18",27,34,2023
"A18..18",23,35,2023
"A18..18",19,36,2023
"A18..18",25,37,2023
"A18..18",17,38,2023
"A18..18",11,39,2023
"A18..18",8,40,2023
"A18..18",13,41,2023
"A18..18",12,42,2023
"A18..18",15,43,2023
"A18..18",10,44,2023
"A18..18",11,45,2023
"A18..18",13,46,2023
"A18..18",6,47,2023
"A18..18",13,48,2023
"A18..18",14,49,2023
"A18..18",5,50,2023
"A18..18",10,51,2023
"A18..18",4,52,2023
"A19..19",15,1,2023
"A19..19",15,2,2023
"A19..19",15,3,2023
"A19..19",5,4,2023
"A19..19",4,5,2023
"A19..19",15,6,2023
"A19..19",8,7,2023
"A19..19",5,8,2023
"A19..19",6,9,2023
"A19..19",6,10,2023
"A19..19",8,11,2023
"A19..19",8,12,2023
"A19..19",12,13,2023
"A19..19",5,14,2023
"A19..19",3,15,2023
"A19..19",8,16,2023
"A19..19",6,17,2023
"A19..19",6,18,2023
"A19..19",7,19,2023
"A19..19",6,20,2023
"A19..19",14,21,2023
"A19..19",14,22,2023
"A19..19",16,23,2023
"A19..19",25,24,2023
"A19..19",26,25,2023
"A19..19",37,26,2023
"A19..19",20,27,2023
"A19..19",25,28,2023
"A19..19",33,29,2023
"A19..19",28,30,2023
"A19..19",21,31,2023
"A19..19",23,32,2023
"A19..19",17,33,2023
"A19..19",21,34,2023
"A19..19",24,35,2023
"A19..19",20,36,2023
"A19..19",13,37,2023
"A19..19",16,38,2023
"A19..19",21,39,2023
"A19..19",16,40,2023
"A19..19",13,41,2023
"A19..19",17,42,2023
"A19..19",9,43,2023
"A19..19",10,44,2023
"A19..19",11,45,2023
"A19..19",11,46,2023
"A19..19",13,47,2023
"A19..19",15,48,2023
"A19..19",14,49,2023
"A19..19",9,50,2023
"A19..19",16,51,2023
"A19..19",2,52,2023
"A20..20",14,1,2023
"A20..20",15,2,2023
"A20..20",4,3,2023
"A20..20",9,4,2023
"A20..20",6,5,2023
"A20..20",7,6,2023
"A20..20",6,7,2023
"A20..20",7,8,2023
"A20..20",4,9,2023
"A20..20",9,10,2023
"A20..20",5,11,2023
"A20..20",7,12,2023
"A20..20",14,13,2023
"A20..20",4,14,2023
"A20..20",8,15,2023
"A20..20",11,16,2023
"A20..20",6,17,2023
"A20..20",11,18,2023
"A20..20",7,19,2023
"A20..20",9,20,2023
"A20..20",15,21,2023
"A20..20",9,22,2023
"A20..20",10,23,2023
"A20..20",21,24,2023
"A20..20",23,25,2023
"A20..20",17,26,2023
"A20..20",21,27,2023
"A20..20",25,28,2023
"A20..20",21,29,2023
"A20..20",16,30,2023
"A20..20",18,31,2023
"A20..20",26,32,2023
"A20..20",15,33,2023
"A20..20",26,34,2023
"A20..20",26,35,2023
"A20..20",32,36,2023
"A20..20",22,37,2023
"A20..20",22,38,2023
"A20..20",15,39,2023
"A20..20",13,40,2023
"A20..20",18,41,2023
"A20..20",8,42,2023
"A20..20",13,43,2023
"A20..20",18,44,2023
"A20..20",16,45,2023
"A20..20",12,46,2023
"A20..20",12,47,2023
"A20..20",9,48,2023
"A20..20",6,49,2023
"A20..20",7,50,2023
"A20..20",7,51,2023
"A20..20",5,52,2023
"A21..21",11,1,2023
"A21..21",18,2,2023
"A21..21",13,3,2023
"A21..21",7,4,2023
"A21..21",7,5,2023
"A21..21",11,6,2023
"A21..21",10,7,2023
"A21..21",4,8,2023
"A21..21",6,9,2023
"A21..21",7,10,2023
"A21..21",9,11,2023
"A21..21",7,12,2023
"A21..21",8,13,2023
"A21..21",13,14,2023
"A21..21",7,15,2023
"A21..21",10,16,2023
"A21..21",7,17,2023
"A21..21",9,18,2023
"A21..21",9,19,2023
"A21..21",7,20,2023
"A21..21",10,21,2023
"A21..21",7,22,2023
"A21..21",12,23,2023
"A21..21",17,24,2023
"A21..21",28,25,2023
"A21..21",27,26,2023
"A21..21",20,27,2023
"A21..21",16,28,2023
"A21..21",20,29,2023
"A21..21",15,30,2023
"A21..21",17,31,2023
"A21..21",18,32,2023
"A21..21",17,33,2023
"A21..21",17,34,2023
"A21..21",27,35,2023
"A21..21",26,36,2023
"A21..21",21,37,2023
"A21..21",28,38,2023
"A21..21",19,39,2023
"A21..21",10,40,2023
"A21..21",14,41,2023
"A21..21",19,42,2023
"A21..21",12,43,2023
"A21..21",8,44,2023
"A21..21",17,45,2023
"A21..21",18,46,2023
"A21..21",14,47,2023
"A21..21",13,48,2023
"A21..21",3,49,2023
"A21..21",10,50,2023
"A21..21",5,51,2023
"A21..21",7,52,2023
"A22..22",7,1,2023
"A22..22",11,2,2023
"A22..22",13,3,2023
"A22..22",11,4,2023
"A22..22",15,5,2023
"A22..22",10,6,2023
"A22..22",13,7,2023
"A22..22",6,8,2023
"A22..22",8,9,2023
"A22..22",11,10,2023
"A22..22",8,11,2023
"A22..22",10,12,2023
"A22..22",11,13,2023
"A22..22",16,14,2023
"A22..22",8,15,2023
"A22..22",14,16,2023
"A22..22",8,17,2023
"A22..22",6,18,2023
"A22..22",14,19,2023
"A22..22",12,20,2023
"A22..22",13,21,2023
"A22..22",14,22,2023
"A22..22",14,23,2023
"A22..22",21,24,2023
"A22..22",26,25,2023
"A22..22",30,26,2023
"A22..22",17,27,2023
"A22..22",16,28,2023
"A22..22",21,29,2023
"A22..22",37,30,2023
"A22..22",31,31,2023
"A22..22",21,32,2023
"A22..22",28,33,2023
"A22..22",18,34,2023
"A22..22",16,35,2023
"A22..22",21,36,2023
"A22..22",11,37,2023
"A22..22",20,38,2023
"A22..22",25,39,2023
"A22..22",18,40,2023
"A22..22",18,41,2023
"A22..22",19,42,2023
"A22..22",18,43,2023
"A22..22",13,44,2023
"A22..22",13,45,2023
"A22..22",11,46,2023
"A22..22",8,47,2023
"A22..22",14,48,2023
"A22..22",8,49,2023
"A22..22",12,50,2023
"A22..22",9,51,2023
"A22..22",1,52,2023
"A23..23",7,1,2023
"A23..23",17,2,2023
"A23..23",4,3,2023
"A23..23",13,4,2023
"A23..23",4,5,2023
"A23..23",10,6,2023
"A23..23",4,7,2023
"A23..23",8,8,2023
"A23..23",10,9,2023
"A23..23",5,10,2023
"A23..23",3,11,2023
"A23..23",8,12,2023
"A23..23",16,13,2023
"A23..23",8,14,2023
"A23..23",7,15,2023
"A23..23",11,16,2023
"A23..23",17,17,2023
"A23..23",5,18,2023
"A23..23",9,19,2023
"A23..23",8,20,2023
"A23..23",17,21,2023
"A23..23",19,22,2023
"A23..23",12,23,2023
"A23..23",23,24,2023
"A23..23",17,25,2023
"A23..23",20,26,2023
"A23..23",18,27,2023
"A23..23",20,28,2023
"A23..23",33,29,2023
"A23..23",27,30,2023
"A23..23",26,31,2023
"A23..23",24,32,2023
"A23..23",33,33,2023
"A23..23",22,34,2023
"A23..23",19,35,2023
"A23..23",23,36,2023
"A23..23",22,37,2023
"A23..23",27,38,2023
"A23..23",22,39,2023
"A23..23",9,40,2023
"A23..23",20,41,2023
"A23..23",14,42,2023
"A23..23",19,43,2023
"A23..23",12,44,2023
"A23..23",7,45,2023
"A23..23",11,46,2023
"A23..23",16,47,2023
"A23..23",18,48,2023
"A23..23",13,49,2023
"A23..23",9,50,2023
"A23..23",8,51,2023
"A23..23",6,52,2023
"A24..24",10,1,2023
"A24..24",14,2,2023
"A24..24",15,3,2023
"A24..24",13,4,2023
"A24..24",11,5,2023
"A24..24",5,6,2023
"A24..24",10,7,2023
"A24..24",10,8,2023
"A24..24",8,9,2023
"A24..24",11,10,2023
"A24..24",8,11,2023
"A24..24",11,12,2023
"A24..24",11,13,2023
"A24..24",7,14,2023
"A24..24",9,15,2023
"A24..24",12,16,2023
"A24..24",13,17,2023
"A24..24",9,18,2023
"A24..24",18,19,2023
"A24..24",12,20,2023
"A24..24",12,21,2023
"A24..24",14,22,2023
"A24..24",24,23,2023
"A24..24",18,24,2023
"A24..24",21,25,2023
"A24..24",26,26,2023
"A24..24",25,27,2023
"A24..24",21,28,2023
"A24..24",28,29,2023
"A24..24",31,30,2023
"A24..24",21,31,2023
"A24..24",23,32,2023
"A24..24",17,33,2023
"A24..24",29,34,2023
"A24..24",39,35,2023
"A24..24",19,36,2023
"A24..24",17,37,2023
"A24..24",25,38,2023
"A24..24",20,39,2023
"A24..24",18,40,2023
"A24..24",21,41,2023
"A24..24",15,42,2023
"A24..24",11,43,2023
"A24..24",20,44,2023
"A24..24",16,45,2023
"A24..24",17,46,2023
"A24..24",15,47,2023
"A24..24",14,48,2023
"A24..24",17,49,2023
"A24..24",17,50,2023
"A24..24",13,51,2023
"A24..24",5,52,2023
"A25..25",11,1,2023
"A25..25",20,2,2023
"A25..25",9,3,2023
"A25..25",8,4,2023
"A25..25",12,5,2023
"A25..25",11,6,2023
"A25..25",6,7,2023
"A25..25",10,8,2023
"A25..25",8,9,2023
"A25..25",8,10,2023
"A25..25",13,11,2023
"A25..25",19,12,2023
"A25..25",18,13,2023
"A25..25",15,14,2023
"A25..25",13,15,2023
"A25..25",15,16,2023
"A25..25",13,17,2023
"A25..25",3,18,2023
"A25..25",14,19,2023
"A25..25",9,20,2023
"A25..25",11,21,2023
"A25..25",11,22,2023
"A25..25",16,23,2023
"A25..25",22,24,2023
"A25..25",28,25,2023
"A25..25",21,26,2023
"A25..25",27,27,2023
"A25..25",17,28,2023
"A25..25",26,29,2023
"A25..25",20,30,2023
"A25..25",16,31,2023
"A25..25",18,32,2023
"A25..25",24,33,2023
"A25..25",22,34,2023
"A25..25",29,35,2023
"A25..25",20,36,2023
"A25..25",27,37,2023
"A25..25",27,38,2023
"A25..25",13,39,2023
"A25..25",14,40,2023
"A25..25",22,41,2023
"A25..25",20,42,2023
"A25..25",21,43,2023
"A25..25",10,44,2023
"A25..25",12,45,2023
"A25..25",17,46,2023
"A25..25",13,47,2023
"A25..25",11,48,2023
"A25..25",7,49,2023
"A25..25",12,50,2023
"A25..25",9,51,2023
"A25..25",1,52,2023
"A26..26",15,1,2023
"A26..26",17,2,2023
"A26..26",11,3,2023
"A26..26",7,4,2023
"A26..26",14,5,2023
"A26..26",10,6,2023
"A26..26",10,7,2023
"A26..26",10,8,2023
"A26..26",10,9,2023
"A26..26",10,10,2023
"A26..26",12,11,2023
"A26..26",7,12,2023
"A26..26",11,13,2023
"A26..26",9,14,2023
"A26..26",5,15,2023
"A26..26",8,16,2023
"A26..26",12,17,2023
"A26..26",7,18,2023
"A26..26",13,19,2023
"A26..26",6,20,2023
"A26..26",14,21,2023
"A26..26",11,22,2023
"A26..26",17,23,2023
"A26..26",15,24,2023
"A26..26",25,25,2023
"A26..26",28,26,2023
"A26..26",34,27,2023
"A26..26",13,28,2023
"A26..26",23,29,2023
"A26..26",21,30,2023
"A26..26",20,31,2023
"A26..26",26,32,2023
"A26..26",16,33,2023
"A26..26",21,34,2023
"A26..26",28,35,2023
"A26..26",27,36,2023
"A26..26",21,37,2023
"A26..26",21,38,2023
"A26..26",27,39,2023
"A26..26",14,40,2023
"A26..26",15,41,2023
"A26..26",22,42,2023
"A26..26",24,43,2023
"A26..26",11,44,2023
"A26..26",15,45,2023
"A26..26",11,46,2023
"A26..26",16,47,2023
"A26..26",12,48,2023
"A26..26",19,49,2023
"A26..26",8,50,2023
"A26..26",15,51,2023
"A26..26",7,52,2023
"A27..27",6,1,2023
"A27..27",19,2,2023
"A27..27",13,3,2023
"A27..27",8,4,2023
"A27..27",10,5,2023
"A27..27",11,6,2023
"A27..27",12,7,2023
"A27..27",10,8,2023
"A27..27",9,9,2023
"A27..27",12,10,2023
"A27..27",10,11,2023
"A27..27",13,12,2023
"A27..27",8,13,2023
"A27..27",14,14,2023
"A27..27",10,15,2023
"A27..27",10,16,2023
"A27..27",4,17,2023
"A27..27",14,18,2023
"A27..27",11,19,2023
"A27..27",7,20,2023
"A27..27",10,21,2023
"A27..27",10,22,2023
"A27..27",18,23,2023
"A27..27",15,24,2023
"A27..27",21,25,2023
"A27..27",22,26,2023
"A27..27",20,27,2023
"A27..27",17,28,2023
"A27..27",21,29,2023
"A27..27",29,30,2023
"A27..27",14,31,2023
"A27..27",16,32,2023
"A27..27",20,33,2023
"A27..27",26,34,2023
"A27..27",22,35,2023
"A27..27",20,36,2023
"A27..27",18,37,2023
"A27..27",15,38,2023
"A27..27",15,39,2023
"A27..27",18,40,2023
"A27..27",26,41,2023
"A27..27",13,42,2023
"A27..27",12,43,2023
"A27..27",24,44,2023
"A27..27",14,45,2023
"A27..27",15,46,2023
"A27..27",15,47,2023
"A27..27",10,48,2023
"A27..27",15,49,2023
"A27..27",19,50,2023
"A27..27",12,51,2023
"A27..27",7,52,2023
"A28..28",5,1,2023
"A28..28",13,2,2023
"A28..28",16,3,2023
"A28..28",9,4,2023
"A28..28",9,5,2023
"A28..28",12,6,2023
"A28..28",9,7,2023
"A28..28",13,8,2023
"A28..28",11,9,2023
"A28..28",7,10,2023
"A28..28",5,11,2023
"A28..28",10,12,2023
"A28..28",5,13,2023
"A28..28",17,14,2023
"A28..28",11,15,2023
"A28..28",5,16,2023
"A28..28",16,17,2023
"A28..28",10,18,2023
"A28..28",6,19,2023
"A28..28",11,20,2023
"A28..28",10,21,2023
"A28..28",18,22,2023
"A28..28",13,23,2023
"A28..28",17,24,2023
"A28..28",24,25,2023
"A28..28",26,26,2023
"A28..28",23,27,2023
"A28..28",26,28,2023
"A28..28",19,29,2023
"A28..28",27,30,2023
"A28..28",19,31,2023
"A28..28",15,32,2023
"A28..28",24,33,2023
"A28..28",32,34,2023
"A28..28",20,35,2023
"A28..28",16,36,2023
"A28..28",18,37,2023
"A28..28",20,38,2023
"A28..28",18,39,2023
"A28..28",14,40,2023
"A28..28",16,41,2023
"A28..28",16,42,2023
"A28..28",17,43,2023
"A28..28",11,44,2023
"A28..28",19,45,2023
"A28..28",15,46,2023
"A28..28",18,47,2023
"A28..28",15,48,2023
"A28..28",11,49,2023
"A28..28",6,50,2023
"A28..28",9,51,2023
"A28..28",5,52,2023
"A29..29",11,1,2023
"A29..29",8,2,2023
"A29..29",7,3,2023
"A29..29",7,4,2023
"A29..29",12,5,2023
"A29..29",16,6,2023
"A29..29",12,7,2023
"A29..29",7,8,2023
"A29..29",8,9,2023
"A29..29",3,10,2023
"A29..29",7,11,2023
"A29..29",12,12,2023
"A29..29",20,13,2023
"A29..29",8,14,2023
"A29..29",6,15,2023
"A29..29",10,16,2023
"A29..29",15,17,2023
"A29..29",10,18,2023
"A29..29",12,19,2023
"A29..29",8,20,2023
"A29..29",12,21,2023
"A29..29",14,22,2023
"A29..29",18,23,2023
"A29..29",12,24,2023
"A29..29",22,25,2023
"A29..29",17,26,2023
"A29..29",19,27,2023
"A29..29",18,28,2023
"A29..29",24,29,2023
"A29..29",26,30,2023
"A29..29",21,31,2023
"A29..29",22,32,2023
"A29..29",21,33,2023
"A29..29",17,34,2023
"A29..29",22,35,2023
"A29..29",26,36,2023
"A29..29",26,37,2023
"A29..29",24,38,2023
"A29..29",15,39,2023
"A29..29",14,40,2023
"A29..29",17,41,2023
"A29..29",23,42,2023
"A29..29",12,43,2023
"A29..29",15,44,2023
"A29..29",17,45,2023
"A29..29",12,46,2023
"A29..29",16,47,2023
"A29..29",15,48,2023
"A29..29",13,49,2023
"A29..29",9,50,2023
"A29..29",14,51,2023
"A29..29",5,52,2023
"A30..30",11,1,2023
"A30..30",23,2,2023
"A30..30",14,3,2023
"A30..30",11,4,2023
"A30..30",11,5,2023
"A30..30",5,6,2023
"A30..30",9,7,2023
"A30..30",6,8,2023
"A30..30",13,9,2023
"A30..30",12,10,2023
"A30..30",11,11,2023
"A30..30",11,12,2023
"A30..30",10,13,2023
"A30..30",5,14,2023
"A30..30",7,15,2023
"A30..30",10,16,2023
"A30..30",11,17,2023
"A30..30",7,18,2023
"A30..30",14,19,2023
"A30..30",2,20,2023
"A30..30",13,21,2023
"A30..30",14,22,2023
"A30..30",28,23,2023
"A30..30",17,24,2023
"A30..30",16,25,2023
"A30..30",19,26,2023
"A30..30",21,27,2023
"A30..30",19,28,2023
"A30..30",31,29,2023
"A30..30",21,30,2023
"A30..30",17,31,2023
"A30..30",15,32,2023
"A30..30",14,33,2023
"A30..30",22,34,2023
"A30..30",21,35,2023
"A30..30",23,36,2023
"A30..30",16,37,2023
"A30..30",13,38,2023
"A30..30",12,39,2023
"A30..30",15,40,2023
"A30..30",16,41,2023
"A30..30",14,42,2023
"A30..30",10,43,2023
"A30..30",13,44,2023
"A30..30",14,45,2023
"A30..30",15,46,2023
"A30..30",10,47,2023
"A30..30",13,48,2023
"A30..30",12,49,2023
"A30..30",11,50,2023
"A30..30",11,51,2023
"A30..30",7,52,2023
"A31..31",9,1,2023
"A31..31",14,2,2023
"A31..31",9,3,2023
"A31..31",10,4,2023
"A31..31",8,5,2023
"A31..31",13,6,2023
"A31..31",12,7,2023
"A31..31",11,8,2023
"A31..31",5,9,2023
"A31..31",11,10,2023
"A31..31",10,11,2023
"A31..31",5,12,2023
"A31..31",6,13,2023
"A31..31",10,14,2023
"A31..31",13,15,2023
"A31..31",5,16,2023
"A31..31",12,17,2023
"A31..31",6,18,2023
"A31..31",10,19,2023
"A31..31",9,20,2023
"A31..31",12,21,2023
"A31..31",11,22,2023
"A31..31",20,23,2023
"A31..31",16,24,2023
"A31..31",28,25,2023
"A31..31",22,26,2023
"A31..31",18,27,2023
"A31..31",27,28,2023
"A31..31",23,29,2023
"A31..31",28,30,2023
"A31..31",15,31,2023
"A31..31",20,32,2023
"A31..31",27,33,2023
"A31..31",18,34,2023
"A31..31",22,35,2023
"A31..31",21,36,2023
"A31..31",20,37,2023
"A31..31",23,38,2023
"A31..31",21,39,2023
"A31..31",12,40,2023
"A31..31",20,41,2023
"A31..31",10,42,2023
"A31..31",14,43,2023
"A31..31",11,44,2023
"A31..31",17,45,2023
"A31..31",14,46,2023
"A31..31",6,47,2023
"A31..31",13,48,2023
"A31..31",6,49,2023
"A31..31",7,50,2023
"A31..31",5,51,2023
"A31..31",4,52,2023
"A32..32",11,1,2023
"A32..32",16,2,2023
"A32..32",9,3,2023
"A32..32",5,4,2023
"A32..32",13,5,2023
"A32..32",5,6,2023
"A32..32",15,7,2023
"A32..32",9,8,2023
"A32..32",9,9,2023
"A32..32",8,10,2023
"A32..32",10,11,2023
"A32..32",8,12,2023
"A32..32",4,13,2023
"A32..32",6,14,2023
"A32..32",11,15,2023
"A32..32",8,16,2023
"A32..32",10,17,2023
"A32..32",6,18,2023
"A32..32",7,19,2023
"A32..32",12,20,2023
"A32..32",7,21,2023
"A32..32",11,22,2023
"A32..32",12,23,2023
"A32..32",17,24,2023
"A32..32",25,25,2023
"A32..32",20,26,2023
"A32..32",20,27,2023
"A32..32",26,28,2023
"A32..32",33,29,2023
"A32..32",30,30,2023
"A32..32",23,31,2023
"A32..32",24,32,2023
"A32..32",25,33,2023
"A32..32",16,34,2023
"A32..32",24,35,2023
"A32..32",11,36,2023
"A32..32",17,37,2023
"A32..32",27,38,2023
"A32..32",18,39,2023
"A32..32",12,40,2023
"A32..32",15,41,2023
"A32..32",13,42,2023
"A32..32",20,43,2023
"A32..32",14,44,2023
"A32..32",17,45,2023
"A32..32",14,46,2023
"A32..32",12,47,2023
"A32..32",13,48,2023
"A32..32",12,49,2023
"A32..32",19,50,2023
"A32..32",18,51,2023
"A32..32",4,52,2023
"A33..33",16,1,2023
"A33..33",20,2,2023
"A33..33",15,3,2023
"A33..33",11,4,2023
"A33..33",5,5,2023
"A33..33",6,6,2023
"A33..33",10,7,2023
"A33..33",10,8,2023
"A33..33",10,9,2023
"A33..33",3,10,2023
"A33..33",11,11,2023
"A33..33",7,12,2023
"A33..33",9,13,2023
"A33..33",3,14,2023
"A33..33",5,15,2023
"A33..33",9,16,2023
"A33..33",9,17,2023
"A33..33",6,18,2023
"A33..33",7,19,2023
"A33..33",8,20,2023
"A33..33",15,21,2023
"A33..33",5,22,2023
"A33..33",15,23,2023
"A33..33",26,24,2023
"A33..33",31,25,2023
"A33..33",17,26,2023
"A33..33",28,27,2023
"A33..33",21,28,2023
"A33..33",23,29,2023
"A33..33",24,30,2023
"A33..33",18,31,2023
"A33..33",19,32,2023
"A33..33",19,33,2023
"A33..33",24,34,2023
"A33..33",24,35,2023
"A33..33",19,36,2023
"A33..33",17,37,2023
"A33..33",18,38,2023
"A33..33",25,39,2023
"A33..33",15,40,2023
"A33..33",22,41,2023
"A33..33",22,42,2023
"A33..33",16,43,2023
"A33..33",16,44,2023
"A33..33",25,45,2023
"A33..33",17,46,2023
"A33..33",13,47,2023
"A33..33",13,48,2023
"A33..33",11,49,2023
"A33..33",16,50,2023
"A33..33",9,51,2023
"A33..33",5,52,2023
"A34..34",10,1,2023
"A34..34",12,2,2023
"A34..34",18,3,2023
"A34..34",6,4,2023
"A34..34",7,5,2023
"A34..34",12,6,2023
"A34..34",20,7,2023
"A34..34",10,8,2023
"A34..34",6,9,2023
"A34..34",10,10,2023
"A34..34",9,11,2023
"A34..34",9,12,2023
"A34..34",14,13,2023
"A34..34",3,14,2023
"A34..34",7,15,2023
"A34..34",12,16,2023
"A34..34",6,17,2023
"A34..34",10,18,2023
"A34..34",6,19,2023
"A34..34",6,20,2023
"A34..34",9,21,2023
"A34..34",6,22,2023
"A34..34",12,23,2023
"A34..34",14,24,2023
"A34..34",23,25,2023
"A34..34",27,26,2023
"A34..34",21,27,2023
"A34..34",17,28,2023
"A34..34",28,29,2023
"A34..34",27,30,2023
"A34..34",20,31,2023
"A34..34",16,32,2023
"A34..34",21,33,2023
"A34..34",17,34,2023
"A34..34",13,35,2023
"A34..34",23,36,2023
"A34..34",17,37,2023
"A34..34",16,38,2023
"A34..34",16,39,2023
"A34..34",8,40,2023
"A34..34",18,41,2023
"A34..34",10,42,2023
"A34..34",12,43,2023
"A34..34",6,44,2023
"A34..34",16,45,2023
"A34..34",19,46,2023
"A34..34",10,47,2023
"A34..34",14,48,2023
"A34..34",13,49,2023
"A34..34",13,50,2023
"A34..34",9,51,2023
"A34..34",4,52,2023
"A35..35",10,1,2023
"A35..35",6,2,2023
"A35..35",21,3,2023
"A35..35",8,4,2023
"A35..35",6,5,2023
"A35..35",13,6,2023
"A35..35",6,7,2023
"A35..35",6,8,2023
"A35..35",4,9,2023
"A35..35",10,10,2023
"A35..35",10,11,2023
"A35..35",8,12,2023
"A35..35",16,13,2023
"A35..35",10,14,2023
"A35..35",6,15,2023
"A35..35",6,16,2023
"A35..35",5,17,2023
"A35..35",8,18,2023
"A35..35",14,19,2023
"A35..35",10,20,2023
"A35..35",7,21,2023
"A35..35",13,22,2023
"A35..35",8,23,2023
"A35..35",18,24,2023
"A35..35",16,25,2023
"A35..35",19,26,2023
"A35..35",27,27,2023
"A35..35",19,28,2023
"A35..35",31,29,2023
"A35..35",17,30,2023
"A35..35",17,31,2023
"A35..35",20,32,2023
"A35..35",19,33,2023
"A35..35",20,34,2023
"A35..35",20,35,2023
"A35..35",29,36,2023
"A35..35",16,37,2023
"A35..35",25,38,2023
"A35..35",20,39,2023
"A35..35",12,40,2023
"A35..35",13,41,2023
"A35..35",18,42,2023
"A35..35",21,43,2023
"A35..35",8,44,2023
"A35..35",15,45,2023
"A35..35",10,46,2023
"A35..35",18,47,2023
"A35..35",17,48,2023
"A35..35",10,49,2023
"A35..35",11,50,2023
"A35..35",10,51,2023
"A35..35",3,52,2023
"A36..36",11,1,2023
"A36..36",12,2,2023
"A36..36",13,3,2023
"A36..36",5,4,2023
"A36..36",12,5,2023
"A36..36",16,6,2023
"A36..36",5,7,2023
"A36..36",9,8,2023
"A36..36",6,9,2023
"A36..36",4,10,2023
"A36..36",7,11,2023
"A36..36",4,12,2023
"A36..36",4,13,2023
"A36..36",10,14,2023
"A36..36",11,15,2023
"A36..36",8,16,2023
"A36..36",5,17,2023
"A36..36",7,18,2023
"A36..36",8,19,2023
"A36..36",11,20,2023
"A36..36",10,21,2023
"A36..36",9,22,2023
"A36..36",16,23,2023
"A36..36",24,24,2023
"A36..36",19,25,2023
"A36..36",21,26,2023
"A36..36",23,27,2023
"A36..36",25,28,2023
"A36..36",16,29,2023
"A36..36",31,30,2023
"A36..36",27,31,2023
"A36..36",19,32,2023
"A36..36",29,33,2023
"A36..36",17,34,2023
"A36..36",26,35,2023
"A36..36",15,36,2023
"A36..36",14,37,2023
"A36..36",20,38,2023
"A36..36",12,39,2023
"A36..36",12,40,2023
"A36..36",19,41,2023
"A36..36",13,42,2023
"A36..36",9,43,2023
"A36..36",11,44,2023
"A36..36",17,45,2023
"A36..36",12,46,2023
"A36..36",8,47,2023
"A36..36",10,48,2023
"A36..36",13,49,2023
"A36..36",11,50,2023
"A36..36",10,51,2023
"A36..36",3,52,2023
"A37..37",17,1,2023
"A37..37",9,2,2023
"A37..37",8,3,2023
"A37..37",11,4,2023
"A37..37",10,5,2023
"A37..37",9,6,2023
"A37..37",11,7,2023
"A37..37",9,8,2023
"A37..37",7,9,2023
"A37..37",3,10,2023
"A37..37",5,11,2023
"A37..37",4,12,2023
"A37..37",6,13,2023
"A37..37",6,14,2023
"A37..37",8,15,2023
"A37..37",4,16,2023
"A37..37",6,17,2023
"A37..37",4,18,2023
"A37..37",9,19,2023
"A37..37",4,20,2023
"A37..37",17,21,2023
"A37..37",15,22,2023
"A37..37",12,23,2023
"A37..37",10,24,2023
"A37..37",14,25,2023
"A37..37",24,26,2023
"A37..37",16,27,2023
"A37..37",12,28,2023
"A37..37",15,29,2023
"A37..37",16,30,2023
"A37..37",15,31,2023
"A37..37",20,32,2023
"A37..37",22,33,2023
"A37..37",17,34,2023
"A37..37",15,35,2023
"A37..37",16,36,2023
"A37..37",16,37,2023
"A37..37",26,38,2023
"A37..37",22,39,2023
"A37..37",12,40,2023
"A37..37",17,41,2023
"A37..37",15,42,2023
"A37..37",8,43,2023
"A37..37",6,44,2023
"A37..37",15,45,2023
"A37..37",8,46,2023
"A37..37",12,47,2023
"A37..37",9,48,2023
"A37..37",15,49,2023
"A37..37",13,50,2023
"A37..37",6,51,2023
"A37..37",4,52,2023
"A38..38",4,1,2023
"A38..38",9,2,2023
"A38..38",9,3,2023
"A38..38",4,4,2023
"A38..38",7,5,2023
"A38..38",8,6,2023
"A38..38",5,7,2023
"A38..38",7,8,2023
"A38..38",9,9,2023
"A38..38",3,10,2023
"A38..38",9,11,2023
"A38..38",13,12,2023
"A38..38",8,13,2023
"A38..38",7,14,2023
"A38..38",6,15,2023
"A38..38",10,16,2023
"A38..38",4,17,2023
"A38..38",5,18,2023
"A38..38",6,19,2023
"A38..38",8,20,2023
"A38..38",11,21,2023
"A38..38",9,22,2023
"A38..38",14,23,2023
"A38..38",13,24,2023
"A38..38",18,25,2023
"A38..38",14,26,2023
"A38..38",17,27,2023
"A38..38",23,28,2023
"A38..38",17,29,2023
"A38..38",12,30,2023
"A38..38",19,31,2023
"A38..38",14,32,2023
"A38..38",12,33,2023
"A38..38",23,34,2023
"A38..38",30,35,2023
"A38..38",15,36,2023
"A38..38",8,37,2023
"A38..38",16,38,2023
"A38..38",15,39,2023
"A38..38",8,40,2023
"A38..38",14,41,2023
"A38..38",11,42,2023
"A38..38",10,43,2023
"A38..38",5,44,2023
"A38..38",16,45,2023
"A38..38",9,46,2023
"A38..38",11,47,2023
"A38..38",11,48,2023
"A38..38",13,49,2023
"A38..38",12,50,2023
"A38..38",10,51,2023
"A38..38",4,52,2023
"A39..39",9,1,2023
"A39..39",9,2,2023
"A39..39",10,3,2023
"A39..39",3,4,2023
"A39..39",11,5,2023
"A39..39",1,6,2023
"A39..39",5,7,2023
"A39..39",6,8,2023
"A39..39",5,9,2023
"A39..39",11,10,2023
"A39..39",4,11,2023
"A39..39",10,12,2023
"A39..39",3,13,2023
"A39..39",4,14,2023
"A39..39",4,15,2023
"A39..39",12,16,2023
"A39..39",11,17,2023
"A39..39",8,18,2023
"A39..39",7,19,2023
"A39..39",6,20,2023
"A39..39",12,21,2023
"A39..39",8,22,2023
"A39..39",14,23,2023
"A39..39",16,24,2023
"A39..39",17,25,2023
"A39..39",21,26,2023
"A39..39",20,27,2023
"A39..39",22,28,2023
"A39..39",19,29,2023
"A39..39",14,30,2023
"A39..39",16,31,2023
"A39..39",18,32,2023
"A39..39",20,33,2023
"A39..39",16,34,2023
"A39..39",18,35,2023
"A39..39",20,36,2023
"A39..39",19,37,2023
"A39..39",21,38,2023
"A39..39",8,39,2023
"A39..39",12,40,2023
"A39..39",14,41,2023
"A39..39",18,42,2023
"A39..39",13,43,2023
"A39..39",11,44,2023
"A39..39",14,45,2023
"A39..39",14,46,2023
"A39..39",9,47,2023
"A39..39",10,48,2023
"A39..39",11,49,2023
"A39..39",6,50,2023
"A39..39",7,51,2023
"A39..39",2,52,2023
"A40..40",6,1,2023
"A40..40",18,2,2023
"A40..40",7,3,2023
"A40..40",6,4,2023
"A40..40",8,5,2023
"A40..40",8,6,2023
"A40..40",8,7,2023
"A40..40",7,8,2023
"A40..40",5,9,2023
"A40..40",11,10,2023
"A40..40",5,11,2023
"A40..40",6,12,2023
"A40..40",6,13,2023
"A40..40",2,14,2023
"A40..40",5,15,2023
"A40..40",5,16,2023
"A40..40",12,17,2023
"A40..40",6,18,2023
"A40..40",4,19,2023
"A40..40",5,20,2023
"A40..40",19,21,2023
"A40..40",8,22,2023
"A40..40",18,23,2023
"A40..40",14,24,2023
"A40..40",14,25,2023
"A40..40",15,26,2023
"A40..40",17,27,2023
"A40..40",19,28,2023
"A40..40",17,29,2023
"A40..40",15,30,2023
"A40..40",13,31,2023
"A40..40",12,32,2023
"A40..40",19,33,2023
"A40..40",29,34,2023
"A40..40",25,35,2023
"A40..40",18,36,2023
"A40..40",15,37,2023
"A40..40",25,38,2023
"A40..40",13,39,2023
"A40..40",8,40,2023
"A40..40",20,41,2023
"A40..40",7,42,2023
"A40..40",16,43,2023
"A40..40",6,44,2023
"A40..40",18,45,2023
"A40..40",13,46,2023
"A40..40",10,47,2023
"A40..40",13,48,2023
"A40..40",9,49,2023
"A40..40",11,50,2023
"A40..40",7,51,2023
"A40..40",3,52,2023
"A41..41",10,1,2023
"A41..41",10,2,2023
"A41..41",9,3,2023
"A41..41",5,4,2023
"A41..41",11,5,2023
"A41..41",8,6,2023
"A41..41",9,7,2023
"A41..41",8,8,2023
"A41..41",4,9,2023
"A41..41",7,10,2023
"A41..41",2,11,2023
"A41..41",4,12,2023
"A41..41",4,13,2023
"A41..41",6,14,2023
"A41..41",7,15,2023
"A41..41",4,16,2023
"A41..41",12,17,2023
"A41..41",4,18,2023
"A41..41",9,19,2023
"A41..41",14,20,2023
"A41..41",8,21,2023
"A41..41",9,22,2023
"A41..41",11,23,2023
"A41..41",11,24,2023
"A41..41",15,25,2023
"A41..41",16,26,2023
"A41..41",10,27,2023
"A41..41",22,28,2023
"A41..41",22,29,2023
"A41..41",21,30,2023
"A41..41",20,31,2023
"A41..41",27,32,2023
"A41..41",14,33,2023
"A41..41",21,34,2023
"A41..41",13,35,2023
"A41..41",28,36,2023
"A41..41",18,37,2023
"A41..41",16,38,2023
"A41..41",19,39,2023
"A41..41",11,40,2023
"A41..41",17,41,2023
"A41..41",9,42,2023
"A41..41",10,43,2023
"A41..41",9,44,2023
"A41..41",9,45,2023
"A41..41",7,46,2023
"A41..41",9,47,2023
"A41..41",11,48,2023
"A41..41",8,49,2023
"A41..41",10,50,2023
"A41..41",7,51,2023
"A41..41",6,52,2023
"A42..42",9,1,2023
"A42..42",11,2,2023
"A42..42",17,3,2023
"A42..42",9,4,2023
"A42..42",9,5,2023
"A42..42",7,6,2023
"A42..42",3,7,2023
"A42..42",6,8,2023
"A42..42",6,9,2023
"A42..42",6,10,2023
"A42..42",2,11,2023
"A42..42",5,12,2023
"A42..42",5,13,2023
"A42..42",7,14,2023
"A42..42",6,15,2023
"A42..42",6,16,2023
"A42..42",6,17,2023
"A42..42",3,18,2023
"A42..42",8,19,2023
"A42..42",5,20,2023
"A42..42",13,21,2023
"A42..42",9,22,2023
"A42..42",4,23,2023
"A42..42",15,24,2023
"A42..42",23,25,2023
"A42..42",19,26,2023
"A42..42",25,27,2023
"A42..42",17,28,2023
"A42..42",23,29,2023
"A42..42",21,30,2023
"A42..42",11,31,2023
"A42..42",19,32,2023
"A42..42",19,33,2023
"A42..42",18,34,2023
"A42..42",13,35,2023
"A42..42",14,36,2023
"A42..42",13,37,2023
"A42..42",12,38,2023
"A42..42",20,39,2023
"A42..42",9,40,2023
"A42..42",19,41,2023
"A42..42",9,42,2023
"A42..42",10,43,2023
"A42..42",4,44,2023
"A42..42",14,45,2023
"A42..42",13,46,2023
"A42..42",9,47,2023
"A42..42",13,48,2023
"A42..42",12,49,2023
"A42..42",20,50,2023
"A42..42",4,51,2023
"A42..42",1,52,2023
"A43..43",12,1,2023
"A43..43",8,2,2023
"A43..43",10,3,2023
"A43..43",4,4,2023
"A43..43",12,5,2023
"A43..43",5,6,2023
"A43..43",6,7,2023
"A43..43",6,8,2023
"A43..43",4,9,2023
"A43..43",5,10,2023
"A43..43",5,11,2023
"A43..43",10,12,2023
"A43..43",9,13,2023
"A43..43",4,14,2023
"A43..43",6,15,2023
"A43..43",9,16,2023
"A43..43",7,17,2023
"A43..43",2,18,2023
"A43..43",9,19,2023
"A43..43",10,20,2023
"A43..43",8,21,2023
"A43..43",10,22,2023
"A43..43",10,23,2023
"A43..43",11,24,2023
"A43..43",21,25,2023
"A43..43",13,26,2023
"A43..43",18,27,2023
"A43..43",13,28,2023
"A43..43",25,29,2023
"A43..43",14,30,2023
"A43..43",22,31,2023
"A43..43",21,32,2023
"A43..43",23,33,2023
"A43..43",15,34,2023
"A43..43",22,35,2023
"A43..43",18,36,2023
"A43..43",25,37,2023
"A43..43",10,38,2023
"A43..43",18,39,2023
"A43..43",8,40,2023
"A43..43",14,41,2023
"A43..43",14,42,2023
"A43..43",15,43,2023
"A43..43",13,44,2023
"A43..43",11,45,2023
"A43..43",11,46,2023
"A43..43",5,47,2023
"A43..43",11,48,2023
"A43..43",10,49,2023
"A43..43",10,50,2023
"A43..43",6,51,2023
"A43..43",4,52,2023
"A44..44",4,1,2023
"A44..44",6,2,2023
"A44..44",16,3,2023
"A44..44",9,4,2023
"A44..44",10,5,2023
"A44..44",5,6,2023
"A44..44",12,7,2023
"A44..44",2,8,2023
"A44..44",7,9,2023
"A44..44",6,10,2023
"A44..44",6,11,2023
"A44..44",9,12,2023
"A44..44",6,13,2023
"A44..44",5,14,2023
"A44..44",8,15,2023
"A44..44",7,16,2023
"A44..44",2,17,2023
"A44..44",8,18,2023
"A44..44",10,19,2023
"A44..44",7,20,2023
"A44..44",9,21,2023
"A44..44",12,22,2023
"A44..44",21,23,2023
"A44..44",11,24,2023
"A44..44",20,25,2023
"A44..44",16,26,2023
"A44..44",14,27,2023
"A44..44",13,28,2023
"A44..44",23,29,2023
"A44..44",15,30,2023
"A44..44",18,31,2023
"A44..44",16,32,2023
"A44..44",14,33,2023
"A44..44",18,34,2023
"A44..44",20,35,2023
"A44..44",12,36,2023
"A44..44",19,37,2023
"A44..44",16,38,2023
"A44..44",17,39,2023
"A44..44",7,40,2023
"A44..44",14,41,2023
"A44..44",13,42,2023
"A44..44",13,43,2023
"A44..44",8,44,2023
"A44..44",13,45,2023
"A44..44",15,46,2023
"A44..44",12,47,2023
"A44..44",12,48,2023
"A44..44",16,49,2023
"A44..44",10,50,2023
"A44..44",9,51,2023
"A44..44",3,52,2023
"A45..45",13,1,2023
"A45..45",8,2,2023
"A45..45",9,3,2023
"A45..45",9,4,2023
"A45..45",12,5,2023
"A45..45",9,6,2023
"A45..45",6,7,2023
"A45..45",4,8,2023
"A45..45",5,9,2023
"A45..45",6,10,2023
"A45..45",5,11,2023
"A45..45",4,12,2023
"A45..45",4,13,2023
"A45..45",6,14,2023
"A45..45",7,15,2023
"A45..45",7,16,2023
"A45..45",10,17,2023
"A45..45",10,18,2023
"A45..45",8,19,2023
"A45..45",13,20,2023
"A45..45",9,21,2023
"A45..45",10,22,2023
"A45..45",6,23,2023
"A45..45",18,24,2023
"A45..45",17,25,2023
"A45..45",19,26,2023
"A45..45",22,27,2023
"A45..45",21,28,2023
"A45..45",8,29,2023
"A45..45",11,30,2023
"A45..45",19,31,2023
"A45..45",12,32,2023
"A45..45",25,33,2023
"A45..45",13,34,2023
"A45..45",17,35,2023
"A45..45",25,36,2023
"A45..45",15,37,2023
"A45..45",18,38,2023
"A45..45",14,39,2023
"A45..45",7,40,2023
"A45..45",11,41,2023
"A45..45",10,42,2023
"A45..45",9,43,2023
"A45..45",4,44,2023
"A45..45",9,45,2023
"A45..45",12,46,2023
"A45..45",11,47,2023
"A45..45",8,48,2023
"A45..45",15,49,2023
"A45..45",7,50,2023
"A45..45",6,51,2023
"A45..45",2,52,2023
"A46..46",9,1,2023
"A46..46",19,2,2023
"A46..46",7,3,2023
"A46..46",8,4,2023
"A46..46",8,5,2023
"A46..46",12,6,2023
"A46..46",10,7,2023
"A46..46",NA,8,2023
"A46..46",6,9,2023
"A46..46",4,10,2023
"A46..46",3,11,2023
"A46..46",7,12,2023
"A46..46",6,13,2023
"A46..46",9,14,2023
"A46..46",7,15,2023
"A46..46",6,16,2023
"A46..46",3,17,2023
"A46..46",9,18,2023
"A46..46",6,19,2023
"A46..46",8,20,2023
"A46..46",11,21,2023
"A46..46",8,22,2023
"A46..46",7,23,2023
"A46..46",14,24,2023
"A46..46",14,25,2023
"A46..46",17,26,2023
"A46..46",14,27,2023
"A46..46",18,28,2023
"A46..46",19,29,2023
"A46..46",20,30,2023
"A46..46",16,31,2023
"A46..46",16,32,2023
"A46..46",15,33,2023
"A46..46",21,34,2023
"A46..46",24,35,2023
"A46..46",24,36,2023
"A46..46",18,37,2023
"A46..46",14,38,2023
"A46..46",11,39,2023
"A46..46",11,40,2023
"A46..46",13,41,2023
"A46..46",9,42,2023
"A46..46",10,43,2023
"A46..46",7,44,2023
"A46..46",9,45,2023
"A46..46",7,46,2023
"A46..46",12,47,2023
"A46..46",8,48,2023
"A46..46",11,49,2023
"A46..46",10,50,2023
"A46..46",5,51,2023
"A46..46",2,52,2023
"A47..47",8,1,2023
"A47..47",10,2,2023
"A47..47",9,3,2023
"A47..47",10,4,2023
"A47..47",7,5,2023
"A47..47",12,6,2023
"A47..47",7,7,2023
"A47..47",8,8,2023
"A47..47",5,9,2023
"A47..47",5,10,2023
"A47..47",5,11,2023
"A47..47",6,12,2023
"A47..47",4,13,2023
"A47..47",7,14,2023
"A47..47",3,15,2023
"A47..47",8,16,2023
"A47..47",7,17,2023
"A47..47",3,18,2023
"A47..47",7,19,2023
"A47..47",9,20,2023
"A47..47",7,21,2023
"A47..47",4,22,2023
"A47..47",5,23,2023
"A47..47",19,24,2023
"A47..47",16,25,2023
"A47..47",17,26,2023
"A47..47",20,27,2023
"A47..47",22,28,2023
"A47..47",15,29,2023
"A47..47",21,30,2023
"A47..47",16,31,2023
"A47..47",21,32,2023
"A47..47",17,33,2023
"A47..47",14,34,2023
"A47..47",20,35,2023
"A47..47",20,36,2023
"A47..47",14,37,2023
"A47..47",13,38,2023
"A47..47",14,39,2023
"A47..47",6,40,2023
"A47..47",9,41,2023
"A47..47",10,42,2023
"A47..47",11,43,2023
"A47..47",11,44,2023
"A47..47",12,45,2023
"A47..47",13,46,2023
"A47..47",4,47,2023
"A47..47",8,48,2023
"A47..47",9,49,2023
"A47..47",6,50,2023
"A47..47",10,51,2023
"A47..47",2,52,2023
"A48..48",12,1,2023
"A48..48",12,2,2023
"A48..48",10,3,2023
"A48..48",6,4,2023
"A48..48",8,5,2023
"A48..48",6,6,2023
"A48..48",6,7,2023
"A48..48",4,8,2023
"A48..48",4,9,2023
"A48..48",3,10,2023
"A48..48",4,11,2023
"A48..48",7,12,2023
"A48..48",3,13,2023
"A48..48",4,14,2023
"A48..48",7,15,2023
"A48..48",10,16,2023
"A48..48",12,17,2023
"A48..48",5,18,2023
"A48..48",6,19,2023
"A48..48",5,20,2023
"A48..48",12,21,2023
"A48..48",7,22,2023
"A48..48",10,23,2023
"A48..48",20,24,2023
"A48..48",17,25,2023
"A48..48",16,26,2023
"A48..48",18,27,2023
"A48..48",13,28,2023
"A48..48",11,29,2023
"A48..48",15,30,2023
"A48..48",19,31,2023
"A48..48",22,32,2023
"A48..48",16,33,2023
"A48..48",12,34,2023
"A48..48",17,35,2023
"A48..48",18,36,2023
"A48..48",17,37,2023
"A48..48",16,38,2023
"A48..48",13,39,2023
"A48..48",11,40,2023
"A48..48",9,41,2023
"A48..48",14,42,2023
"A48..48",7,43,2023
"A48..48",6,44,2023
"A48..48",17,45,2023
"A48..48",9,46,2023
"A48..48",8,47,2023
"A48..48",7,48,2023
"A48..48",8,49,2023
"A48..48",2,50,2023
"A48..48",4,51,2023
"A48..48",2,52,2023
"A49..49",11,1,2023
"A49..49",14,2,2023
"A49..49",6,3,2023
"A49..49",8,4,2023
"A49..49",4,5,2023
"A49..49",5,6,2023
"A49..49",11,7,2023
"A49..49",4,8,2023
"A49..49",9,9,2023
"A49..49",7,10,2023
"A49..49",3,11,2023
"A49..49",5,12,2023
"A49..49",5,13,2023
"A49..49",4,14,2023
"A49..49",4,15,2023
"A49..49",9,16,2023
"A49..49",9,17,2023
"A49..49",2,18,2023
"A49..49",10,19,2023
"A49..49",4,20,2023
"A49..49",12,21,2023
"A49..49",9,22,2023
"A49..49",12,23,2023
"A49..49",13,24,2023
"A49..49",28,25,2023
"A49..49",17,26,2023
"A49..49",15,27,2023
"A49..49",24,28,2023
"A49..49",24,29,2023
"A49..49",9,30,2023
"A49..49",13,31,2023
"A49..49",11,32,2023
"A49..49",21,33,2023
"A49..49",17,34,2023
"A49..49",22,35,2023
"A49..49",17,36,2023
"A49..49",19,37,2023
"A49..49",23,38,2023
"A49..49",12,39,2023
"A49..49",7,40,2023
"A49..49",13,41,2023
"A49..49",8,42,2023
"A49..49",14,43,2023
"A49..49",6,44,2023
"A49..49",13,45,2023
"A49..49",11,46,2023
"A49..49",9,47,2023
"A49..49",9,48,2023
"A49..49",12,49,2023
"A49..49",9,50,2023
"A49..49",4,51,2023
"A49..49",3,52,2023
"A50..50",11,1,2023
"A50..50",16,2,2023
"A50..50",9,3,2023
"A50..50",8,4,2023
"A50..50",5,5,2023
"A50..50",11,6,2023
"A50..50",6,7,2023
"A50..50",5,8,2023
"A50..50",10,9,2023
"A50..50",5,10,2023
"A50..50",12,11,2023
"A50..50",6,12,2023
"A50..50",10,13,2023
"A50..50",4,14,2023
"A50..50",6,15,2023
"A50..50",6,16,2023
"A50..50",6,17,2023
"A50..50",6,18,2023
"A50..50",11,19,2023
"A50..50",8,20,2023
"A50..50",12,21,2023
"A50..50",4,22,2023
"A50..50",9,23,2023
"A50..50",14,24,2023
"A50..50",22,25,2023
"A50..50",13,26,2023
"A50..50",19,27,2023
"A50..50",15,28,2023
"A50..50",17,29,2023
"A50..50",17,30,2023
"A50..50",14,31,2023
"A50..50",16,32,2023
"A50..50",22,33,2023
"A50..50",20,34,2023
"A50..50",23,35,2023
"A50..50",17,36,2023
"A50..50",18,37,2023
"A50..50",17,38,2023
"A50..50",17,39,2023
"A50..50",18,40,2023
"A50..50",16,41,2023
"A50..50",14,42,2023
"A50..50",11,43,2023
"A50..50",8,44,2023
"A50..50",29,45,2023
"A50..50",10,46,2023
"A50..50",10,47,2023
"A50..50",9,48,2023
"A50..50",5,49,2023
"A50..50",7,50,2023
"A50..50",15,51,2023
"A50..50",3,52,2023
"A51..51",12,1,2023
"A51..51",8,2,2023
"A51..51",11,3,2023
"A51..51",8,4,2023
"A51..51",17,5,2023
"A51..51",13,6,2023
"A51..51",5,7,2023
"A51..51",8,8,2023
"A51..51",14,9,2023
"A51..51",7,10,2023
"A51..51",11,11,2023
"A51..51",12,12,2023
"A51..51",7,13,2023
"A51..51",5,14,2023
"A51..51",9,15,2023
"A51..51",13,16,2023
"A51..51",9,17,2023
"A51..51",4,18,2023
"A51..51",13,19,2023
"A51..51",9,20,2023
"A51..51",11,21,2023
"A51..51",9,22,2023
"A51..51",11,23,2023
"A51..51",15,24,2023
"A51..51",20,25,2023
"A51..51",12,26,2023
"A51..51",21,27,2023
"A51..51",17,28,2023
"A51..51",31,29,2023
"A51..51",19,30,2023
"A51..51",17,31,2023
"A51..51",18,32,2023
"A51..51",19,33,2023
"A51..51",22,34,2023
"A51..51",23,35,2023
"A51..51",13,36,2023
"A51..51",27,37,2023
"A51..51",27,38,2023
"A51..51",18,39,2023
"A51..51",5,40,2023
"A51..51",12,41,2023
"A51..51",13,42,2023
"A51..51",12,43,2023
"A51..51",6,44,2023
"A51..51",15,45,2023
"A51..51",11,46,2023
"A51..51",13,47,2023
"A51..51",12,48,2023
"A51..51",14,49,2023
"A51..51",13,50,2023
"A51..51",9,51,2023
"A51..51",6,52,2023
"A52..52",12,1,2023
"A52..52",13,2,2023
"A52..52",12,3,2023
"A52..52",12,4,2023
"A52..52",8,5,2023
"A52..52",13,6,2023
"A52..52",10,7,2023
"A52..52",8,8,2023
"A52..52",8,9,2023
"A52..52",10,10,2023
"A52..52",7,11,2023
"A52..52",7,12,2023
"A52..52",14,13,2023
"A52..52",3,14,2023
"A52..52",5,15,2023
"A52..52",7,16,2023
"A52..52",16,17,2023
"A52..52",7,18,2023
"A52..52",12,19,2023
"A52..52",7,20,2023
"A52..52",14,21,2023
"A52..52",11,22,2023
"A52..52",14,23,2023
"A52..52",26,24,2023
"A52..52",20,25,2023
"A52..52",31,26,2023
"A52..52",27,27,2023
"A52..52",20,28,2023
"A52..52",19,29,2023
"A52..52",26,30,2023
"A52..52",21,31,2023
"A52..52",23,32,2023
"A52..52",21,33,2023
"A52..52",11,34,2023
"A52..52",24,35,2023
"A52..52",27,36,2023
"A52..52",20,37,2023
"A52..52",33,38,2023
"A52..52",20,39,2023
"A52..52",13,40,2023
"A52..52",20,41,2023
"A52..52",9,42,2023
"A52..52",12,43,2023
"A52..52",17,44,2023
"A52..52",26,45,2023
"A52..52",15,46,2023
"A52..52",13,47,2023
"A52..52",11,48,2023
"A52..52",15,49,2023
"A52..52",13,50,2023
"A52..52",11,51,2023
"A52..52",2,52,2023
"A53..53",11,1,2023
"A53..53",18,2,2023
"A53..53",21,3,2023
"A53..53",11,4,2023
"A53..53",15,5,2023
"A53..53",13,6,2023
"A53..53",11,7,2023
"A53..53",12,8,2023
"A53..53",12,9,2023
"A53..53",6,10,2023
"A53..53",6,11,2023
"A53..53",8,12,2023
"A53..53",7,13,2023
"A53..53",3,14,2023
"A53..53",6,15,2023
"A53..53",12,16,2023
"A53..53",13,17,2023
"A53..53",8,18,2023
"A53..53",10,19,2023
"A53..53",6,20,2023
"A53..53",12,21,2023
"A53..53",15,22,2023
"A53..53",18,23,2023
"A53..53",17,24,2023
"A53..53",33,25,2023
"A53..53",26,26,2023
"A53..53",23,27,2023
"A53..53",19,28,2023
"A53..53",19,29,2023
"A53..53",27,30,2023
"A53..53",29,31,2023
"A53..53",25,32,2023
"A53..53",21,33,2023
"A53..53",26,34,2023
"A53..53",29,35,2023
"A53..53",25,36,2023
"A53..53",13,37,2023
"A53..53",26,38,2023
"A53..53",14,39,2023
"A53..53",18,40,2023
"A53..53",32,41,2023
"A53..53",19,42,2023
"A53..53",13,43,2023
"A53..53",16,44,2023
"A53..53",15,45,2023
"A53..53",18,46,2023
"A53..53",13,47,2023
"A53..53",12,48,2023
"A53..53",9,49,2023
"A53..53",11,50,2023
"A53..53",12,51,2023
"A53..53",3,52,2023
"A54..54",9,1,2023
"A54..54",18,2,2023
"A54..54",12,3,2023
"A54..54",15,4,2023
"A54..54",18,5,2023
"A54..54",12,6,2023
"A54..54",14,7,2023
"A54..54",6,8,2023
"A54..54",8,9,2023
"A54..54",7,10,2023
"A54..54",9,11,2023
"A54..54",9,12,2023
"A54..54",10,13,2023
"A54..54",14,14,2023
"A54..54",11,15,2023
"A54..54",15,16,2023
"A54..54",8,17,2023
"A54..54",5,18,2023
"A54..54",13,19,2023
"A54..54",9,20,2023
"A54..54",10,21,2023
"A54..54",15,22,2023
"A54..54",15,23,2023
"A54..54",18,24,2023
"A54..54",26,25,2023
"A54..54",20,26,2023
"A54..54",24,27,2023
"A54..54",18,28,2023
"A54..54",25,29,2023
"A54..54",34,30,2023
"A54..54",23,31,2023
"A54..54",24,32,2023
"A54..54",24,33,2023
"A54..54",21,34,2023
"A54..54",34,35,2023
"A54..54",36,36,2023
"A54..54",26,37,2023
"A54..54",18,38,2023
"A54..54",11,39,2023
"A54..54",11,40,2023
"A54..54",16,41,2023
"A54..54",20,42,2023
"A54..54",15,43,2023
"A54..54",9,44,2023
"A54..54",22,45,2023
"A54..54",14,46,2023
"A54..54",11,47,2023
"A54..54",20,48,2023
"A54..54",8,49,2023
"A54..54",17,50,2023
"A54..54",11,51,2023
"A54..54",5,52,2023
"A55..55",17,1,2023
"A55..55",9,2,2023
"A55..55",9,3,2023
"A55..55",13,4,2023
"A55..55",9,5,2023
"A55..55",13,6,2023
"A55..55",5,7,2023
"A55..55",7,8,2023
"A55..55",13,9,2023
"A55..55",17,10,2023
"A55..55",15,11,2023
"A55..55",7,12,2023
"A55..55",12,13,2023
"A55..55",13,14,2023
"A55..55",15,15,2023
"A55..55",14,16,2023
"A55..55",5,17,2023
"A55..55",15,18,2023
"A55..55",13,19,2023
"A55..55",17,20,2023
"A55..55",18,21,2023
"A55..55",10,22,2023
"A55..55",18,23,2023
"A55..55",27,24,2023
"A55..55",30,25,2023
"A55..55",34,26,2023
"A55..55",24,27,2023
"A55..55",29,28,2023
"A55..55",28,29,2023
"A55..55",28,30,2023
"A55..55",24,31,2023
"A55..55",18,32,2023
"A55..55",18,33,2023
"A55..55",34,34,2023
"A55..55",24,35,2023
"A55..55",32,36,2023
"A55..55",25,37,2023
"A55..55",27,38,2023
"A55..55",33,39,2023
"A55..55",13,40,2023
"A55..55",25,41,2023
"A55..55",20,42,2023
"A55..55",18,43,2023
"A55..55",14,44,2023
"A55..55",15,45,2023
"A55..55",23,46,2023
"A55..55",23,47,2023
"A55..55",17,48,2023
"A55..55",14,49,2023
"A55..55",11,50,2023
"A55..55",13,51,2023
"A55..55",4,52,2023
"A56..56",10,1,2023
"A56..56",19,2,2023
"A56..56",17,3,2023
"A56..56",15,4,2023
"A56..56",14,5,2023
"A56..56",9,6,2023
"A56..56",3,7,2023
"A56..56",10,8,2023
"A56..56",7,9,2023
"A56..56",11,10,2023
"A56..56",8,11,2023
"A56..56",9,12,2023
"A56..56",11,13,2023
"A56..56",7,14,2023
"A56..56",13,15,2023
"A56..56",12,16,2023
"A56..56",5,17,2023
"A56..56",7,18,2023
"A56..56",17,19,2023
"A56..56",7,20,2023
"A56..56",18,21,2023
"A56..56",8,22,2023
"A56..56",14,23,2023
"A56..56",20,24,2023
"A56..56",30,25,2023
"A56..56",23,26,2023
"A56..56",37,27,2023
"A56..56",18,28,2023
"A56..56",29,29,2023
"A56..56",26,30,2023
"A56..56",36,31,2023
"A56..56",23,32,2023
"A56..56",24,33,2023
"A56..56",33,34,2023
"A56..56",23,35,2023
"A56..56",26,36,2023
"A56..56",17,37,2023
"A56..56",18,38,2023
"A56..56",22,39,2023
"A56..56",21,40,2023
"A56..56",25,41,2023
"A56..56",17,42,2023
"A56..56",17,43,2023
"A56..56",13,44,2023
"A56..56",19,45,2023
"A56..56",25,46,2023
"A56..56",11,47,2023
"A56..56",8,48,2023
"A56..56",15,49,2023
"A56..56",8,50,2023
"A56..56",7,51,2023
"A56..56",7,52,2023
"A57..57",12,1,2023
"A57..57",26,2,2023
"A57..57",14,3,2023
"A57..57",17,4,2023
"A57..57",15,5,2023
"A57..57",6,6,2023
"A57..57",5,7,2023
"A57..57",8,8,2023
"A57..57",12,9,2023
"A57..57",6,10,2023
"A57..57",6,11,2023
"A57..57",8,12,2023
"A57..57",8,13,2023
"A57..57",8,14,2023
"A57..57",4,15,2023
"A57..57",12,16,2023
"A57..57",12,17,2023
"A57..57",9,18,2023
"A57..57",13,19,2023
"A57..57",11,20,2023
"A57..57",9,21,2023
"A57..57",22,22,2023
"A57..57",14,23,2023
"A57..57",18,24,2023
"A57..57",37,25,2023
"A57..57",24,26,2023
"A57..57",15,27,2023
"A57..57",33,28,2023
"A57..57",32,29,2023
"A57..57",24,30,2023
"A57..57",34,31,2023
"A57..57",23,32,2023
"A57..57",31,33,2023
"A57..57",16,34,2023
"A57..57",23,35,2023
"A57..57",21,36,2023
"A57..57",20,37,2023
"A57..57",34,38,2023
"A57..57",23,39,2023
"A57..57",16,40,2023
"A57..57",29,41,2023
"A57..57",12,42,2023
"A57..57",11,43,2023
"A57..57",12,44,2023
"A57..57",26,45,2023
"A57..57",16,46,2023
"A57..57",14,47,2023
"A57..57",13,48,2023
"A57..57",17,49,2023
"A57..57",12,50,2023
"A57..57",15,51,2023
"A57..57",4,52,2023
"A58..58",19,1,2023
"A58..58",15,2,2023
"A58..58",20,3,2023
"A58..58",24,4,2023
"A58..58",14,5,2023
"A58..58",13,6,2023
"A58..58",15,7,2023
"A58..58",13,8,2023
"A58..58",8,9,2023
"A58..58",13,10,2023
"A58..58",10,11,2023
"A58..58",15,12,2023
"A58..58",10,13,2023
"A58..58",12,14,2023
"A58..58",5,15,2023
"A58..58",12,16,2023
"A58..58",12,17,2023
"A58..58",8,18,2023
"A58..58",8,19,2023
"A58..58",3,20,2023
"A58..58",15,21,2023
"A58..58",14,22,2023
"A58..58",15,23,2023
"A58..58",22,24,2023
"A58..58",21,25,2023
"A58..58",28,26,2023
"A58..58",29,27,2023
"A58..58",27,28,2023
"A58..58",30,29,2023
"A58..58",35,30,2023
"A58..58",28,31,2023
"A58..58",25,32,2023
"A58..58",24,33,2023
"A58..58",24,34,2023
"A58..58",39,35,2023
"A58..58",27,36,2023
"A58..58",19,37,2023
"A58..58",23,38,2023
"A58..58",25,39,2023
"A58..58",15,40,2023
"A58..58",17,41,2023
"A58..58",28,42,2023
"A58..58",14,43,2023
"A58..58",13,44,2023
"A58..58",23,45,2023
"A58..58",22,46,2023
"A58..58",20,47,2023
"A58..58",20,48,2023
"A58..58",15,49,2023
"A58..58",24,50,2023
"A58..58",16,51,2023
"A58..58",6,52,2023
"A59..59",20,1,2023
"A59..59",19,2,2023
"A59..59",18,3,2023
"A59..59",12,4,2023
"A59..59",12,5,2023
"A59..59",13,6,2023
"A59..59",14,7,2023
"A59..59",11,8,2023
"A59..59",10,9,2023
"A59..59",9,10,2023
"A59..59",10,11,2023
"A59..59",10,12,2023
"A59..59",6,13,2023
"A59..59",11,14,2023
"A59..59",10,15,2023
"A59..59",12,16,2023
"A59..59",10,17,2023
"A59..59",14,18,2023
"A59..59",10,19,2023
"A59..59",18,20,2023
"A59..59",13,21,2023
"A59..59",10,22,2023
"A59..59",18,23,2023
"A59..59",21,24,2023
"A59..59",20,25,2023
"A59..59",25,26,2023
"A59..59",30,27,2023
"A59..59",25,28,2023
"A59..59",27,29,2023
"A59..59",30,30,2023
"A59..59",17,31,2023
"A59..59",19,32,2023
"A59..59",20,33,2023
"A59..59",33,34,2023
"A59..59",28,35,2023
"A59..59",29,36,2023
"A59..59",21,37,2023
"A59..59",27,38,2023
"A59..59",31,39,2023
"A59..59",18,40,2023
"A59..59",27,41,2023
"A59..59",21,42,2023
"A59..59",22,43,2023
"A59..59",17,44,2023
"A59..59",19,45,2023
"A59..59",25,46,2023
"A59..59",12,47,2023
"A59..59",18,48,2023
"A59..59",14,49,2023
"A59..59",18,50,2023
"A59..59",13,51,2023
"A59..59",3,52,2023
"A60..60",25,1,2023
"A60..60",21,2,2023
"A60..60",14,3,2023
"A60..60",8,4,2023
"A60..60",7,5,2023
"A60..60",9,6,2023
"A60..60",17,7,2023
"A60..60",9,8,2023
"A60..60",5,9,2023
"A60..60",13,10,2023
"A60..60",4,11,2023
"A60..60",11,12,2023
"A60..60",8,13,2023
"A60..60",6,14,2023
"A60..60",6,15,2023
"A60..60",20,16,2023
"A60..60",3,17,2023
"A60..60",7,18,2023
"A60..60",14,19,2023
"A60..60",8,20,2023
"A60..60",14,21,2023
"A60..60",17,22,2023
"A60..60",21,23,2023
"A60..60",18,24,2023
"A60..60",32,25,2023
"A60..60",26,26,2023
"A60..60",25,27,2023
"A60..60",32,28,2023
"A60..60",26,29,2023
"A60..60",25,30,2023
"A60..60",21,31,2023
"A60..60",20,32,2023
"A60..60",22,33,2023
"A60..60",26,34,2023
"A60..60",37,35,2023
"A60..60",24,36,2023
"A60..60",28,37,2023
"A60..60",40,38,2023
"A60..60",19,39,2023
"A60..60",10,40,2023
"A60..60",26,41,2023
"A60..60",19,42,2023
"A60..60",24,43,2023
"A60..60",12,44,2023
"A60..60",22,45,2023
"A60..60",21,46,2023
"A60..60",11,47,2023
"A60..60",18,48,2023
"A60..60",9,49,2023
"A60..60",17,50,2023
"A60..60",14,51,2023
"A60..60",4,52,2023
"A61..61",22,1,2023
"A61..61",16,2,2023
"A61..61",11,3,2023
"A61..61",12,4,2023
"A61..61",9,5,2023
"A61..61",12,6,2023
"A61..61",11,7,2023
"A61..61",8,8,2023
"A61..61",9,9,2023
"A61..61",13,10,2023
"A61..61",10,11,2023
"A61..61",11,12,2023
"A61..61",10,13,2023
"A61..61",8,14,2023
"A61..61",9,15,2023
"A61..61",7,16,2023
"A61..61",10,17,2023
"A61..61",8,18,2023
"A61..61",10,19,2023
"A61..61",6,20,2023
"A61..61",13,21,2023
"A61..61",11,22,2023
"A61..61",22,23,2023
"A61..61",21,24,2023
"A61..61",25,25,2023
"A61..61",17,26,2023
"A61..61",32,27,2023
"A61..61",26,28,2023
"A61..61",23,29,2023
"A61..61",30,30,2023
"A61..61",24,31,2023
"A61..61",17,32,2023
"A61..61",31,33,2023
"A61..61",15,34,2023
"A61..61",26,35,2023
"A61..61",27,36,2023
"A61..61",19,37,2023
"A61..61",26,38,2023
"A61..61",26,39,2023
"A61..61",18,40,2023
"A61..61",18,41,2023
"A61..61",19,42,2023
"A61..61",18,43,2023
"A61..61",17,44,2023
"A61..61",18,45,2023
"A61..61",20,46,2023
"A61..61",20,47,2023
"A61..61",20,48,2023
"A61..61",10,49,2023
"A61..61",17,50,2023
"A61..61",9,51,2023
"A61..61",7,52,2023
"A62..62",10,1,2023
"A62..62",10,2,2023
"A62..62",22,3,2023
"A62..62",5,4,2023
"A62..62",9,5,2023
"A62..62",16,6,2023
"A62..62",14,7,2023
"A62..62",4,8,2023
"A62..62",8,9,2023
"A62..62",4,10,2023
"A62..62",9,11,2023
"A62..62",7,12,2023
"A62..62",7,13,2023
"A62..62",7,14,2023
"A62..62",9,15,2023
"A62..62",11,16,2023
"A62..62",13,17,2023
"A62..62",7,18,2023
"A62..62",9,19,2023
"A62..62",10,20,2023
"A62..62",8,21,2023
"A62..62",15,22,2023
"A62..62",11,23,2023
"A62..62",14,24,2023
"A62..62",23,25,2023
"A62..62",24,26,2023
"A62..62",19,27,2023
"A62..62",19,28,2023
"A62..62",25,29,2023
"A62..62",27,30,2023
"A62..62",23,31,2023
"A62..62",21,32,2023
"A62..62",23,33,2023
"A62..62",22,34,2023
"A62..62",21,35,2023
"A62..62",24,36,2023
"A62..62",17,37,2023
"A62..62",29,38,2023
"A62..62",31,39,2023
"A62..62",17,40,2023
"A62..62",29,41,2023
"A62..62",16,42,2023
"A62..62",15,43,2023
"A62..62",10,44,2023
"A62..62",23,45,2023
"A62..62",16,46,2023
"A62..62",19,47,2023
"A62..62",10,48,2023
"A62..62",9,49,2023
"A62..62",14,50,2023
"A62..62",13,51,2023
"A62..62",4,52,2023
"A63..63",13,1,2023
"A63..63",14,2,2023
"A63..63",6,3,2023
"A63..63",6,4,2023
"A63..63",11,5,2023
"A63..63",10,6,2023
"A63..63",6,7,2023
"A63..63",11,8,2023
"A63..63",6,9,2023
"A63..63",6,10,2023
"A63..63",9,11,2023
"A63..63",10,12,2023
"A63..63",9,13,2023
"A63..63",7,14,2023
"A63..63",2,15,2023
"A63..63",11,16,2023
"A63..63",8,17,2023
"A63..63",5,18,2023
"A63..63",12,19,2023
"A63..63",8,20,2023
"A63..63",10,21,2023
"A63..63",11,22,2023
"A63..63",19,23,2023
"A63..63",19,24,2023
"A63..63",21,25,2023
"A63..63",22,26,2023
"A63..63",28,27,2023
"A63..63",16,28,2023
"A63..63",21,29,2023
"A63..63",32,30,2023
"A63..63",22,31,2023
"A63..63",17,32,2023
"A63..63",25,33,2023
"A63..63",28,34,2023
"A63..63",27,35,2023
"A63..63",16,36,2023
"A63..63",17,37,2023
"A63..63",26,38,2023
"A63..63",15,39,2023
"A63..63",10,40,2023
"A63..63",23,41,2023
"A63..63",20,42,2023
"A63..63",14,43,2023
"A63..63",15,44,2023
"A63..63",25,45,2023
"A63..63",13,46,2023
"A63..63",16,47,2023
"A63..63",10,48,2023
"A63..63",14,49,2023
"A63..63",14,50,2023
"A63..63",15,51,2023
"A63..63",5,52,2023
"A64..64",8,1,2023
"A64..64",18,2,2023
"A64..64",2,3,2023
"A64..64",11,4,2023
"A64..64",6,5,2023
"A64..64",8,6,2023
"A64..64",5,7,2023
"A64..64",10,8,2023
"A64..64",12,9,2023
"A64..64",9,10,2023
"A64..64",13,11,2023
"A64..64",11,12,2023
"A64..64",5,13,2023
"A64..64",3,14,2023
"A64..64",4,15,2023
"A64..64",12,16,2023
"A64..64",3,17,2023
"A64..64",11,18,2023
"A64..64",10,19,2023
"A64..64",8,20,2023
"A64..64",13,21,2023
"A64..64",6,22,2023
"A64..64",18,23,2023
"A64..64",18,24,2023
"A64..64",20,25,2023
"A64..64",17,26,2023
"A64..64",17,27,2023
"A64..64",27,28,2023
"A64..64",26,29,2023
"A64..64",22,30,2023
"A64..64",17,31,2023
"A64..64",22,32,2023
"A64..64",16,33,2023
"A64..64",23,34,2023
"A64..64",19,35,2023
"A64..64",24,36,2023
"A64..64",8,37,2023
"A64..64",25,38,2023
"A64..64",18,39,2023
"A64..64",22,40,2023
"A64..64",22,41,2023
"A64..64",13,42,2023
"A64..64",12,43,2023
"A64..64",16,44,2023
"A64..64",14,45,2023
"A64..64",21,46,2023
"A64..64",23,47,2023
"A64..64",15,48,2023
"A64..64",7,49,2023
"A64..64",9,50,2023
"A64..64",13,51,2023
"A64..64",6,52,2023
"A65..65",10,1,2023
"A65..65",13,2,2023
"A65..65",6,3,2023
"A65..65",7,4,2023
"A65..65",11,5,2023
"A65..65",11,6,2023
"A65..65",11,7,2023
"A65..65",6,8,2023
"A65..65",3,9,2023
"A65..65",9,10,2023
"A65..65",11,11,2023
"A65..65",7,12,2023
"A65..65",14,13,2023
"A65..65",11,14,2023
"A65..65",7,15,2023
"A65..65",2,16,2023
"A65..65",9,17,2023
"A65..65",5,18,2023
"A65..65",9,19,2023
"A65..65",13,20,2023
"A65..65",11,21,2023
"A65..65",9,22,2023
"A65..65",12,23,2023
"A65..65",17,24,2023
"A65..65",19,25,2023
"A65..65",24,26,2023
"A65..65",22,27,2023
"A65..65",15,28,2023
"A65..65",27,29,2023
"A65..65",27,30,2023
"A65..65",12,31,2023
"A65..65",17,32,2023
"A65..65",22,33,2023
"A65..65",16,34,2023
"A65..65",22,35,2023
"A65..65",19,36,2023
"A65..65",18,37,2023
"A65..65",12,38,2023
"A65..65",20,39,2023
"A65..65",17,40,2023
"A65..65",15,41,2023
"A65..65",23,42,2023
"A65..65",15,43,2023
"A65..65",8,44,2023
"A65..65",14,45,2023
"A65..65",17,46,2023
"A65..65",13,47,2023
"A65..65",11,48,2023
"A65..65",11,49,2023
"A65..65",9,50,2023
"A65..65",6,51,2023
"A65..65",3,52,2023
"A66..66",6,1,2023
"A66..66",6,2,2023
"A66..66",8,3,2023
"A66..66",9,4,2023
"A66..66",5,5,2023
"A66..66",4,6,2023
"A66..66",7,7,2023
"A66..66",6,8,2023
"A66..66",4,9,2023
"A66..66",5,10,2023
"A66..66",6,11,2023
"A66..66",1,12,2023
"A66..66",5,13,2023
"A66..66",5,14,2023
"A66..66",8,15,2023
"A66..66",10,16,2023
"A66..66",5,17,2023
"A66..66",7,18,2023
"A66..66",10,19,2023
"A66..66",7,20,2023
"A66..66",6,21,2023
"A66..66",10,22,2023
"A66..66",12,23,2023
"A66..66",15,24,2023
"A66..66",13,25,2023
"A66..66",17,26,2023
"A66..66",22,27,2023
"A66..66",19,28,2023
"A66..66",21,29,2023
"A66..66",19,30,2023
"A66..66",14,31,2023
"A66..66",16,32,2023
"A66..66",12,33,2023
"A66..66",20,34,2023
"A66..66",17,35,2023
"A66..66",12,36,2023
"A66..66",16,37,2023
"A66..66",14,38,2023
"A66..66",11,39,2023
"A66..66",17,40,2023
"A66..66",18,41,2023
"A66..66",17,42,2023
"A66..66",9,43,2023
"A66..66",14,44,2023
"A66..66",14,45,2023
"A66..66",10,46,2023
"A66..66",12,47,2023
"A66..66",10,48,2023
"A66..66",11,49,2023
"A66..66",10,50,2023
"A66..66",18,51,2023
"A66..66",9,52,2023
"A67..67",12,1,2023
"A67..67",7,2,2023
"A67..67",10,3,2023
"A67..67",3,4,2023
"A67..67",5,5,2023
"A67..67",7,6,2023
"A67..67",6,7,2023
"A67..67",4,8,2023
"A67..67",12,9,2023
"A67..67",10,10,2023
"A67..67",6,11,2023
"A67..67",5,12,2023
"A67..67",6,13,2023
"A67..67",7,14,2023
"A67..67",4,15,2023
"A67..67",7,16,2023
"A67..67",6,17,2023
"A67..67",4,18,2023
"A67..67",7,19,2023
"A67..67",3,20,2023
"A67..67",10,21,2023
"A67..67",9,22,2023
"A67..67",10,23,2023
"A67..67",10,24,2023
"A67..67",14,25,2023
"A67..67",25,26,2023
"A67..67",16,27,2023
"A67..67",22,28,2023
"A67..67",22,29,2023
"A67..67",11,30,2023
"A67..67",23,31,2023
"A67..67",14,32,2023
"A67..67",9,33,2023
"A67..67",14,34,2023
"A67..67",15,35,2023
"A67..67",17,36,2023
"A67..67",10,37,2023
"A67..67",20,38,2023
"A67..67",12,39,2023
"A67..67",11,40,2023
"A67..67",25,41,2023
"A67..67",11,42,2023
"A67..67",13,43,2023
"A67..67",7,44,2023
"A67..67",12,45,2023
"A67..67",12,46,2023
"A67..67",5,47,2023
"A67..67",13,48,2023
"A67..67",11,49,2023
"A67..67",10,50,2023
"A67..67",11,51,2023
"A67..67",NA,52,2023
"A68..68",4,1,2023
"A68..68",17,2,2023
"A68..68",8,3,2023
"A68..68",8,4,2023
"A68..68",4,5,2023
"A68..68",6,6,2023
"A68..68",7,7,2023
"A68..68",7,8,2023
"A68..68",4,9,2023
"A68..68",7,10,2023
"A68..68",9,11,2023
"A68..68",6,12,2023
"A68..68",10,13,2023
"A68..68",2,14,2023
"A68..68",5,15,2023
"A68..68",4,16,2023
"A68..68",5,17,2023
"A68..68",5,18,2023
"A68..68",10,19,2023
"A68..68",14,20,2023
"A68..68",7,21,2023
"A68..68",9,22,2023
"A68..68",7,23,2023
"A68..68",20,24,2023
"A68..68",16,25,2023
"A68..68",13,26,2023
"A68..68",16,27,2023
"A68..68",21,28,2023
"A68..68",14,29,2023
"A68..68",15,30,2023
"A68..68",12,31,2023
"A68..68",12,32,2023
"A68..68",12,33,2023
"A68..68",13,34,2023
"A68..68",14,35,2023
"A68..68",7,36,2023
"A68..68",15,37,2023
"A68..68",19,38,2023
"A68..68",16,39,2023
"A68..68",15,40,2023
"A68..68",13,41,2023
"A68..68",12,42,2023
"A68..68",9,43,2023
"A68..68",14,44,2023
"A68..68",8,45,2023
"A68..68",14,46,2023
"A68..68",14,47,2023
"A68..68",10,48,2023
"A68..68",6,49,2023
"A68..68",9,50,2023
"A68..68",11,51,2023
"A68..68",5,52,2023
"A69..69",10,1,2023
"A69..69",9,2,2023
"A69..69",10,3,2023
"A69..69",5,4,2023
"A69..69",6,5,2023
"A69..69",6,6,2023
"A69..69",12,7,2023
"A69..69",8,8,2023
"A69..69",5,9,2023
"A69..69",4,10,2023
"A69..69",4,11,2023
"A69..69",9,12,2023
"A69..69",10,13,2023
"A69..69",4,14,2023
"A69..69",7,15,2023
"A69..69",7,16,2023
"A69..69",9,17,2023
"A69..69",3,18,2023
"A69..69",8,19,2023
"A69..69",10,20,2023
"A69..69",9,21,2023
"A69..69",5,22,2023
"A69..69",14,23,2023
"A69..69",10,24,2023
"A69..69",15,25,2023
"A69..69",18,26,2023
"A69..69",20,27,2023
"A69..69",8,28,2023
"A69..69",17,29,2023
"A69..69",15,30,2023
"A69..69",16,31,2023
"A69..69",10,32,2023
"A69..69",20,33,2023
"A69..69",21,34,2023
"A69..69",19,35,2023
"A69..69",21,36,2023
"A69..69",22,37,2023
"A69..69",12,38,2023
"A69..69",17,39,2023
"A69..69",8,40,2023
"A69..69",17,41,2023
"A69..69",14,42,2023
"A69..69",6,43,2023
"A69..69",9,44,2023
"A69..69",15,45,2023
"A69..69",8,46,2023
"A69..69",8,47,2023
"A69..69",13,48,2023
"A69..69",14,49,2023
"A69..69",12,50,2023
"A69..69",6,51,2023
"A69..69",2,52,2023
"A70..70",11,1,2023
"A70..70",10,2,2023
"A70..70",8,3,2023
"A70..70",11,4,2023
"A70..70",11,5,2023
"A70..70",6,6,2023
"A70..70",3,7,2023
"A70..70",2,8,2023
"A70..70",4,9,2023
"A70..70",8,10,2023
"A70..70",5,11,2023
"A70..70",8,12,2023
"A70..70",7,13,2023
"A70..70",3,14,2023
"A70..70",6,15,2023
"A70..70",5,16,2023
"A70..70",7,17,2023
"A70..70",9,18,2023
"A70..70",8,19,2023
"A70..70",6,20,2023
"A70..70",10,21,2023
"A70..70",7,22,2023
"A70..70",9,23,2023
"A70..70",10,24,2023
"A70..70",18,25,2023
"A70..70",14,26,2023
"A70..70",10,27,2023
"A70..70",19,28,2023
"A70..70",10,29,2023
"A70..70",16,30,2023
"A70..70",14,31,2023
"A70..70",10,32,2023
"A70..70",13,33,2023
"A70..70",16,34,2023
"A70..70",7,35,2023
"A70..70",22,36,2023
"A70..70",11,37,2023
"A70..70",17,38,2023
"A70..70",13,39,2023
"A70..70",12,40,2023
"A70..70",11,41,2023
"A70..70",17,42,2023
"A70..70",12,43,2023
"A70..70",9,44,2023
"A70..70",8,45,2023
"A70..70",13,46,2023
"A70..70",10,47,2023
"A70..70",11,48,2023
"A70..70",7,49,2023
"A70..70",16,50,2023
"A70..70",11,51,2023
"A70..70",5,52,2023
"A71..71",8,1,2023
"A71..71",2,2,2023
"A71..71",9,3,2023
"A71..71",8,4,2023
"A71..71",3,5,2023
"A71..71",3,6,2023
"A71..71",5,7,2023
"A71..71",NA,8,2023
"A71..71",8,9,2023
"A71..71",8,10,2023
"A71..71",7,11,2023
"A71..71",5,12,2023
"A71..71",4,13,2023
"A71..71",4,14,2023
"A71..71",4,15,2023
"A71..71",4,16,2023
"A71..71",4,17,2023
"A71..71",3,18,2023
"A71..71",11,19,2023
"A71..71",6,20,2023
"A71..71",8,21,2023
"A71..71",6,22,2023
"A71..71",13,23,2023
"A71..71",4,24,2023
"A71..71",20,25,2023
"A71..71",16,26,2023
"A71..71",15,27,2023
"A71..71",11,28,2023
"A71..71",14,29,2023
"A71..71",18,30,2023
"A71..71",12,31,2023
"A71..71",10,32,2023
"A71..71",10,33,2023
"A71..71",19,34,2023
"A71..71",18,35,2023
"A71..71",12,36,2023
"A71..71",8,37,2023
"A71..71",12,38,2023
"A71..71",13,39,2023
"A71..71",9,40,2023
"A71..71",17,41,2023
"A71..71",14,42,2023
"A71..71",12,43,2023
"A71..71",5,44,2023
"A71..71",16,45,2023
"A71..71",11,46,2023
"A71..71",7,47,2023
"A71..71",8,48,2023
"A71..71",11,49,2023
"A71..71",9,50,2023
"A71..71",4,51,2023
"A71..71",4,52,2023
"A72..72",3,1,2023
"A72..72",10,2,2023
"A72..72",7,3,2023
"A72..72",9,4,2023
"A72..72",6,5,2023
"A72..72",9,6,2023
"A72..72",6,7,2023
"A72..72",4,8,2023
"A72..72",5,9,2023
"A72..72",4,10,2023
"A72..72",4,11,2023
"A72..72",7,12,2023
"A72..72",7,13,2023
"A72..72",6,14,2023
"A72..72",4,15,2023
"A72..72",1,16,2023
"A72..72",2,17,2023
"A72..72",5,18,2023
"A72..72",7,19,2023
"A72..72",9,20,2023
"A72..72",5,21,2023
"A72..72",11,22,2023
"A72..72",7,23,2023
"A72..72",18,24,2023
"A72..72",15,25,2023
"A72..72",8,26,2023
"A72..72",17,27,2023
"A72..72",16,28,2023
"A72..72",14,29,2023
"A72..72",17,30,2023
"A72..72",18,31,2023
"A72..72",17,32,2023
"A72..72",12,33,2023
"A72..72",18,34,2023
"A72..72",12,35,2023
"A72..72",14,36,2023
"A72..72",14,37,2023
"A72..72",18,38,2023
"A72..72",15,39,2023
"A72..72",9,40,2023
"A72..72",6,41,2023
"A72..72",14,42,2023
"A72..72",9,43,2023
"A72..72",6,44,2023
"A72..72",20,45,2023
"A72..72",9,46,2023
"A72..72",9,47,2023
"A72..72",13,48,2023
"A72..72",12,49,2023
"A72..72",9,50,2023
"A72..72",9,51,2023
"A72..72",4,52,2023
"A73..73",7,1,2023
"A73..73",5,2,2023
"A73..73",8,3,2023
"A73..73",3,4,2023
"A73..73",6,5,2023
"A73..73",7,6,2023
"A73..73",3,7,2023
"A73..73",6,8,2023
"A73..73",2,9,2023
"A73..73",8,10,2023
"A73..73",11,11,2023
"A73..73",4,12,2023
"A73..73",3,13,2023
"A73..73",3,14,2023
"A73..73",1,15,2023
"A73..73",8,16,2023
"A73..73",6,17,2023
"A73..73",8,18,2023
"A73..73",5,19,2023
"A73..73",8,20,2023
"A73..73",9,21,2023
"A73..73",6,22,2023
"A73..73",10,23,2023
"A73..73",9,24,2023
"A73..73",9,25,2023
"A73..73",12,26,2023
"A73..73",20,27,2023
"A73..73",13,28,2023
"A73..73",16,29,2023
"A73..73",20,30,2023
"A73..73",11,31,2023
"A73..73",13,32,2023
"A73..73",14,33,2023
"A73..73",12,34,2023
"A73..73",8,35,2023
"A73..73",10,36,2023
"A73..73",9,37,2023
"A73..73",11,38,2023
"A73..73",7,39,2023
"A73..73",14,40,2023
"A73..73",10,41,2023
"A73..73",8,42,2023
"A73..73",14,43,2023
"A73..73",10,44,2023
"A73..73",7,45,2023
"A73..73",8,46,2023
"A73..73",6,47,2023
"A73..73",5,48,2023
"A73..73",16,49,2023
"A73..73",10,50,2023
"A73..73",6,51,2023
"A73..73",3,52,2023
"A74..74",4,1,2023
"A74..74",7,2,2023
"A74..74",7,3,2023
"A74..74",3,4,2023
"A74..74",5,5,2023
"A74..74",3,6,2023
"A74..74",4,7,2023
"A74..74",4,8,2023
"A74..74",1,9,2023
"A74..74",6,10,2023
"A74..74",12,11,2023
"A74..74",8,12,2023
"A74..74",7,13,2023
"A74..74",4,14,2023
"A74..74",4,15,2023
"A74..74",14,16,2023
"A74..74",3,17,2023
"A74..74",4,18,2023
"A74..74",1,19,2023
"A74..74",3,20,2023
"A74..74",2,21,2023
"A74..74",6,22,2023
"A74..74",4,23,2023
"A74..74",13,24,2023
"A74..74",15,25,2023
"A74..74",13,26,2023
"A74..74",12,27,2023
"A74..74",15,28,2023
"A74..74",5,29,2023
"A74..74",16,30,2023
"A74..74",11,31,2023
"A74..74",8,32,2023
"A74..74",18,33,2023
"A74..74",10,34,2023
"A74..74",10,35,2023
"A74..74",10,36,2023
"A74..74",6,37,2023
"A74..74",12,38,2023
"A74..74",20,39,2023
"A74..74",7,40,2023
"A74..74",11,41,2023
"A74..74",8,42,2023
"A74..74",10,43,2023
"A74..74",9,44,2023
"A74..74",8,45,2023
"A74..74",7,46,2023
"A74..74",8,47,2023
"A74..74",11,48,2023
"A74..74",7,49,2023
"A74..74",4,50,2023
"A74..74",6,51,2023
"A74..74",7,52,2023
"A75..75",6,1,2023
"A75..75",8,2,2023
"A75..75",6,3,2023
"A75..75",5,4,2023
"A75..75",6,5,2023
"A75..75",6,6,2023
"A75..75",5,7,2023
"A75..75",3,8,2023
"A75..75",3,9,2023
"A75..75",2,10,2023
"A75..75",5,11,2023
"A75..75",11,12,2023
"A75..75",3,13,2023
"A75..75",8,14,2023
"A75..75",4,15,2023
"A75..75",5,16,2023
"A75..75",8,17,2023
"A75..75",6,18,2023
"A75..75",3,19,2023
"A75..75",5,20,2023
"A75..75",6,21,2023
"A75..75",4,22,2023
"A75..75",6,23,2023
"A75..75",9,24,2023
"A75..75",4,25,2023
"A75..75",7,26,2023
"A75..75",14,27,2023
"A75..75",14,28,2023
"A75..75",9,29,2023
"A75..75",4,30,2023
"A75..75",18,31,2023
"A75..75",9,32,2023
"A75..75",7,33,2023
"A75..75",9,34,2023
"A75..75",11,35,2023
"A75..75",9,36,2023
"A75..75",12,37,2023
"A75..75",10,38,2023
"A75..75",7,39,2023
"A75..75",6,40,2023
"A75..75",11,41,2023
"A75..75",9,42,2023
"A75..75",7,43,2023
"A75..75",6,44,2023
"A75..75",3,45,2023
"A75..75",8,46,2023
"A75..75",7,47,2023
"A75..75",4,48,2023
"A75..75",6,49,2023
"A75..75",7,50,2023
"A75..75",4,51,2023
"A75..75",2,52,2023
"A76..76",2,1,2023
"A76..76",7,2,2023
"A76..76",4,3,2023
"A76..76",6,4,2023
"A76..76",5,5,2023
"A76..76",3,6,2023
"A76..76",4,7,2023
"A76..76",1,8,2023
"A76..76",5,9,2023
"A76..76",3,10,2023
"A76..76",6,11,2023
"A76..76",3,12,2023
"A76..76",3,13,2023
"A76..76",3,14,2023
"A76..76",4,15,2023
"A76..76",4,16,2023
"A76..76",5,17,2023
"A76..76",8,18,2023
"A76..76",3,19,2023
"A76..76",7,20,2023
"A76..76",6,21,2023
"A76..76",2,22,2023
"A76..76",7,23,2023
"A76..76",7,24,2023
"A76..76",6,25,2023
"A76..76",16,26,2023
"A76..76",12,27,2023
"A76..76",14,28,2023
"A76..76",7,29,2023
"A76..76",15,30,2023
"A76..76",8,31,2023
"A76..76",12,32,2023
"A76..76",6,33,2023
"A76..76",12,34,2023
"A76..76",12,35,2023
"A76..76",13,36,2023
"A76..76",10,37,2023
"A76..76",8,38,2023
"A76..76",12,39,2023
"A76..76",6,40,2023
"A76..76",7,41,2023
"A76..76",10,42,2023
"A76..76",2,43,2023
"A76..76",12,44,2023
"A76..76",9,45,2023
"A76..76",7,46,2023
"A76..76",9,47,2023
"A76..76",3,48,2023
"A76..76",5,49,2023
"A76..76",4,50,2023
"A76..76",9,51,2023
"A76..76",4,52,2023
"A77..77",5,1,2023
"A77..77",6,2,2023
"A77..77",4,3,2023
"A77..77",7,4,2023
"A77..77",2,5,2023
"A77..77",5,6,2023
"A77..77",2,7,2023
"A77..77",1,8,2023
"A77..77",4,9,2023
"A77..77",4,10,2023
"A77..77",1,11,2023
"A77..77",7,12,2023
"A77..77",2,13,2023
"A77..77",6,14,2023
"A77..77",4,15,2023
"A77..77",3,16,2023
"A77..77",1,17,2023
"A77..77",2,18,2023
"A77..77",4,19,2023
"A77..77",3,20,2023
"A77..77",3,21,2023
"A77..77",4,22,2023
"A77..77",6,23,2023
"A77..77",9,24,2023
"A77..77",9,25,2023
"A77..77",13,26,2023
"A77..77",8,27,2023
"A77..77",7,28,2023
"A77..77",8,29,2023
"A77..77",3,30,2023
"A77..77",9,31,2023
"A77..77",10,32,2023
"A77..77",8,33,2023
"A77..77",6,34,2023
"A77..77",8,35,2023
"A77..77",6,36,2023
"A77..77",7,37,2023
"A77..77",7,38,2023
"A77..77",5,39,2023
"A77..77",9,40,2023
"A77..77",7,41,2023
"A77..77",5,42,2023
"A77..77",6,43,2023
"A77..77",7,44,2023
"A77..77",6,45,2023
"A77..77",4,46,2023
"A77..77",9,47,2023
"A77..77",8,48,2023
"A77..77",8,49,2023
"A77..77",2,50,2023
"A77..77",5,51,2023
"A77..77",4,52,2023
"A78..78",8,1,2023
"A78..78",4,2,2023
"A78..78",4,3,2023
"A78..78",7,4,2023
"A78..78",5,5,2023
"A78..78",6,6,2023
"A78..78",5,7,2023
"A78..78",5,8,2023
"A78..78",8,9,2023
"A78..78",5,10,2023
"A78..78",5,11,2023
"A78..78",5,12,2023
"A78..78",4,13,2023
"A78..78",7,14,2023
"A78..78",4,15,2023
"A78..78",4,16,2023
"A78..78",2,17,2023
"A78..78",1,18,2023
"A78..78",8,19,2023
"A78..78",5,20,2023
"A78..78",4,21,2023
"A78..78",5,22,2023
"A78..78",6,23,2023
"A78..78",6,24,2023
"A78..78",11,25,2023
"A78..78",11,26,2023
"A78..78",14,27,2023
"A78..78",9,28,2023
"A78..78",8,29,2023
"A78..78",12,30,2023
"A78..78",9,31,2023
"A78..78",7,32,2023
"A78..78",9,33,2023
"A78..78",10,34,2023
"A78..78",5,35,2023
"A78..78",9,36,2023
"A78..78",8,37,2023
"A78..78",12,38,2023
"A78..78",10,39,2023
"A78..78",7,40,2023
"A78..78",6,41,2023
"A78..78",8,42,2023
"A78..78",7,43,2023
"A78..78",4,44,2023
"A78..78",5,45,2023
"A78..78",5,46,2023
"A78..78",2,47,2023
"A78..78",7,48,2023
"A78..78",2,49,2023
"A78..78",4,50,2023
"A78..78",2,51,2023
"A78..78",3,52,2023
"A79..79",5,1,2023
"A79..79",8,2,2023
"A79..79",8,3,2023
"A79..79",5,4,2023
"A79..79",3,5,2023
"A79..79",6,6,2023
"A79..79",2,7,2023
"A79..79",7,8,2023
"A79..79",6,9,2023
"A79..79",6,10,2023
"A79..79",2,11,2023
"A79..79",3,12,2023
"A79..79",3,13,2023
"A79..79",2,14,2023
"A79..79",3,15,2023
"A79..79",2,16,2023
"A79..79",1,17,2023
"A79..79",5,18,2023
"A79..79",7,19,2023
"A79..79",6,20,2023
"A79..79",6,21,2023
"A79..79",15,22,2023
"A79..79",5,23,2023
"A79..79",8,24,2023
"A79..79",8,25,2023
"A79..79",8,26,2023
"A79..79",10,27,2023
"A79..79",13,28,2023
"A79..79",9,29,2023
"A79..79",6,30,2023
"A79..79",9,31,2023
"A79..79",11,32,2023
"A79..79",6,33,2023
"A79..79",13,34,2023
"A79..79",12,35,2023
"A79..79",16,36,2023
"A79..79",11,37,2023
"A79..79",7,38,2023
"A79..79",9,39,2023
"A79..79",6,40,2023
"A79..79",4,41,2023
"A79..79",4,42,2023
"A79..79",11,43,2023
"A79..79",6,44,2023
"A79..79",9,45,2023
"A79..79",5,46,2023
"A79..79",3,47,2023
"A79..79",6,48,2023
"A79..79",2,49,2023
"A79..79",7,50,2023
"A79..79",8,51,2023
"A79..79",2,52,2023
"A80.",63,1,2023
"A80.",56,2,2023
"A80.",44,3,2023
"A80.",38,4,2023
"A80.",39,5,2023
"A80.",48,6,2023
"A80.",45,7,2023
"A80.",29,8,2023
"A80.",41,9,2023
"A80.",39,10,2023
"A80.",32,11,2023
"A80.",46,12,2023
"A80.",44,13,2023
"A80.",32,14,2023
"A80.",35,15,2023
"A80.",45,16,2023
"A80.",30,17,2023
"A80.",36,18,2023
"A80.",30,19,2023
"A80.",26,20,2023
"A80.",43,21,2023
"A80.",34,22,2023
"A80.",54,23,2023
"A80.",53,24,2023
"A80.",74,25,2023
"A80.",69,26,2023
"A80.",87,27,2023
"A80.",75,28,2023
"A80.",97,29,2023
"A80.",107,30,2023
"A80.",89,31,2023
"A80.",61,32,2023
"A80.",88,33,2023
"A80.",89,34,2023
"A80.",91,35,2023
"A80.",77,36,2023
"A80.",89,37,2023
"A80.",81,38,2023
"A80.",83,39,2023
"A80.",76,40,2023
"A80.",61,41,2023
"A80.",61,42,2023
"A80.",59,43,2023
"A80.",63,44,2023
"A80.",76,45,2023
"A80.",56,46,2023
"A80.",65,47,2023
"A80.",72,48,2023
"A80.",56,49,2023
"A80.",57,50,2023
"A80.",68,51,2023
"A80.",35,52,2023
"Unbekannt",NA,1,2023
"Unbekannt",NA,2,2023
"Unbekannt",1,3,2023
"Unbekannt",2,4,2023
"Unbekannt",NA,5,2023
"Unbekannt",NA,6,2023
"Unbekannt",2,7,2023
"Unbekannt",NA,8,2023
"Unbekannt",NA,9,2023
"Unbekannt",NA,10,2023
"Unbekannt",NA,11,2023
"Unbekannt",1,12,2023
"Unbekannt",NA,13,2023
"Unbekannt",NA,14,2023
"Unbekannt",2,15,2023
"Unbekannt",NA,16,2023
"Unbekannt",NA,17,2023
"Unbekannt",NA,18,2023
"Unbekannt",NA,19,2023
"Unbekannt",NA,20,2023
"Unbekannt",2,21,2023
"Unbekannt",NA,22,2023
"Unbekannt",NA,23,2023
"Unbekannt",NA,24,2023
"Unbekannt",1,25,2023
"Unbekannt",1,26,2023
"Unbekannt",NA,27,2023
"Unbekannt",1,28,2023
"Unbekannt",NA,29,2023
"Unbekannt",NA,30,2023
"Unbekannt",1,31,2023
"Unbekannt",NA,32,2023
"Unbekannt",NA,33,2023
"Unbekannt",1,34,2023
"Unbekannt",NA,35,2023
"Unbekannt",NA,36,2023
"Unbekannt",NA,37,2023
"Unbekannt",NA,38,2023
"Unbekannt",NA,39,2023
"Unbekannt",1,40,2023
"Unbekannt",NA,41,2023
"Unbekannt",1,42,2023
"Unbekannt",NA,43,2023
"Unbekannt",1,44,2023
"Unbekannt",NA,45,2023
"Unbekannt",NA,46,2023
"Unbekannt",NA,47,2023
"Unbekannt",NA,48,2023
"Unbekannt",NA,49,2023
"Unbekannt",NA,50,2023
"Unbekannt",1,51,2023
"Unbekannt",NA,52,2023
"A00..00",6,1,2022
"A00..00",10,2,2022
"A00..00",10,3,2022
"A00..00",13,4,2022
"A00..00",9,5,2022
"A00..00",9,6,2022
"A00..00",9,7,2022
"A00..00",6,8,2022
"A00..00",8,9,2022
"A00..00",2,10,2022
"A00..00",7,11,2022
"A00..00",8,12,2022
"A00..00",7,13,2022
"A00..00",3,14,2022
"A00..00",8,15,2022
"A00..00",9,16,2022
"A00..00",8,17,2022
"A00..00",10,18,2022
"A00..00",8,19,2022
"A00..00",11,20,2022
"A00..00",7,21,2022
"A00..00",12,22,2022
"A00..00",8,23,2022
"A00..00",6,24,2022
"A00..00",8,25,2022
"A00..00",22,26,2022
"A00..00",7,27,2022
"A00..00",11,28,2022
"A00..00",6,29,2022
"A00..00",7,30,2022
"A00..00",9,31,2022
"A00..00",4,32,2022
"A00..00",10,33,2022
"A00..00",8,34,2022
"A00..00",9,35,2022
"A00..00",7,36,2022
"A00..00",10,37,2022
"A00..00",8,38,2022
"A00..00",13,39,2022
"A00..00",10,40,2022
"A00..00",14,41,2022
"A00..00",8,42,2022
"A00..00",5,43,2022
"A00..00",14,44,2022
"A00..00",6,45,2022
"A00..00",9,46,2022
"A00..00",11,47,2022
"A00..00",7,48,2022
"A00..00",6,49,2022
"A00..00",10,50,2022
"A00..00",4,51,2022
"A00..00",2,52,2022
"A01..01",17,1,2022
"A01..01",16,2,2022
"A01..01",9,3,2022
"A01..01",17,4,2022
"A01..01",15,5,2022
"A01..01",9,6,2022
"A01..01",14,7,2022
"A01..01",21,8,2022
"A01..01",7,9,2022
"A01..01",14,10,2022
"A01..01",8,11,2022
"A01..01",12,12,2022
"A01..01",16,13,2022
"A01..01",8,14,2022
"A01..01",8,15,2022
"A01..01",7,16,2022
"A01..01",14,17,2022
"A01..01",13,18,2022
"A01..01",24,19,2022
"A01..01",16,20,2022
"A01..01",21,21,2022
"A01..01",20,22,2022
"A01..01",13,23,2022
"A01..01",20,24,2022
"A01..01",17,25,2022
"A01..01",31,26,2022
"A01..01",23,27,2022
"A01..01",25,28,2022
"A01..01",20,29,2022
"A01..01",20,30,2022
"A01..01",23,31,2022
"A01..01",20,32,2022
"A01..01",30,33,2022
"A01..01",22,34,2022
"A01..01",20,35,2022
"A01..01",26,36,2022
"A01..01",39,37,2022
"A01..01",24,38,2022
"A01..01",25,39,2022
"A01..01",16,40,2022
"A01..01",22,41,2022
"A01..01",19,42,2022
"A01..01",17,43,2022
"A01..01",10,44,2022
"A01..01",18,45,2022
"A01..01",15,46,2022
"A01..01",17,47,2022
"A01..01",9,48,2022
"A01..01",16,49,2022
"A01..01",9,50,2022
"A01..01",5,51,2022
"A01..01",5,52,2022
"A02..02",9,1,2022
"A02..02",11,2,2022
"A02..02",10,3,2022
"A02..02",11,4,2022
"A02..02",6,5,2022
"A02..02",10,6,2022
"A02..02",7,7,2022
"A02..02",11,8,2022
"A02..02",2,9,2022
"A02..02",6,10,2022
"A02..02",11,11,2022
"A02..02",7,12,2022
"A02..02",9,13,2022
"A02..02",12,14,2022
"A02..02",6,15,2022
"A02..02",6,16,2022
"A02..02",11,17,2022
"A02..02",13,18,2022
"A02..02",5,19,2022
"A02..02",12,20,2022
"A02..02",7,21,2022
"A02..02",10,22,2022
"A02..02",2,23,2022
"A02..02",11,24,2022
"A02..02",14,25,2022
"A02..02",9,26,2022
"A02..02",18,27,2022
"A02..02",10,28,2022
"A02..02",11,29,2022
"A02..02",9,30,2022
"A02..02",21,31,2022
"A02..02",15,32,2022
"A02..02",12,33,2022
"A02..02",14,34,2022
"A02..02",15,35,2022
"A02..02",13,36,2022
"A02..02",14,37,2022
"A02..02",10,38,2022
"A02..02",8,39,2022
"A02..02",10,40,2022
"A02..02",7,41,2022
"A02..02",11,42,2022
"A02..02",9,43,2022
"A02..02",6,44,2022
"A02..02",8,45,2022
"A02..02",9,46,2022
"A02..02",7,47,2022
"A02..02",8,48,2022
"A02..02",6,49,2022
"A02..02",6,50,2022
"A02..02",1,51,2022
"A02..02",1,52,2022
"A03..03",5,1,2022
"A03..03",11,2,2022
"A03..03",8,3,2022
"A03..03",6,4,2022
"A03..03",8,5,2022
"A03..03",8,6,2022
"A03..03",3,7,2022
"A03..03",10,8,2022
"A03..03",9,9,2022
"A03..03",4,10,2022
"A03..03",10,11,2022
"A03..03",3,12,2022
"A03..03",7,13,2022
"A03..03",4,14,2022
"A03..03",2,15,2022
"A03..03",7,16,2022
"A03..03",14,17,2022
"A03..03",10,18,2022
"A03..03",4,19,2022
"A03..03",12,20,2022
"A03..03",9,21,2022
"A03..03",10,22,2022
"A03..03",9,23,2022
"A03..03",8,24,2022
"A03..03",14,25,2022
"A03..03",19,26,2022
"A03..03",7,27,2022
"A03..03",9,28,2022
"A03..03",6,29,2022
"A03..03",12,30,2022
"A03..03",12,31,2022
"A03..03",15,32,2022
"A03..03",12,33,2022
"A03..03",8,34,2022
"A03..03",10,35,2022
"A03..03",9,36,2022
"A03..03",9,37,2022
"A03..03",11,38,2022
"A03..03",10,39,2022
"A03..03",4,40,2022
"A03..03",8,41,2022
"A03..03",6,42,2022
"A03..03",5,43,2022
"A03..03",8,44,2022
"A03..03",10,45,2022
"A03..03",6,46,2022
"A03..03",6,47,2022
"A03..03",3,48,2022
"A03..03",2,49,2022
"A03..03",4,50,2022
"A03..03",5,51,2022
"A03..03",1,52,2022
"A04..04",9,1,2022
"A04..04",5,2,2022
"A04..04",8,3,2022
"A04..04",6,4,2022
"A04..04",7,5,2022
"A04..04",11,6,2022
"A04..04",4,7,2022
"A04..04",5,8,2022
"A04..04",3,9,2022
"A04..04",8,10,2022
"A04..04",4,11,2022
"A04..04",5,12,2022
"A04..04",7,13,2022
"A04..04",9,14,2022
"A04..04",4,15,2022
"A04..04",3,16,2022
"A04..04",9,17,2022
"A04..04",5,18,2022
"A04..04",9,19,2022
"A04..04",9,20,2022
"A04..04",4,21,2022
"A04..04",8,22,2022
"A04..04",4,23,2022
"A04..04",12,24,2022
"A04..04",6,25,2022
"A04..04",12,26,2022
"A04..04",10,27,2022
"A04..04",9,28,2022
"A04..04",8,29,2022
"A04..04",14,30,2022
"A04..04",8,31,2022
"A04..04",7,32,2022
"A04..04",12,33,2022
"A04..04",14,34,2022
"A04..04",10,35,2022
"A04..04",9,36,2022
"A04..04",5,37,2022
"A04..04",5,38,2022
"A04..04",6,39,2022
"A04..04",9,40,2022
"A04..04",7,41,2022
"A04..04",3,42,2022
"A04..04",5,43,2022
"A04..04",3,44,2022
"A04..04",8,45,2022
"A04..04",7,46,2022
"A04..04",8,47,2022
"A04..04",1,48,2022
"A04..04",4,49,2022
"A04..04",7,50,2022
"A04..04",5,51,2022
"A04..04",2,52,2022
"A05..05",1,1,2022
"A05..05",11,2,2022
"A05..05",3,3,2022
"A05..05",8,4,2022
"A05..05",6,5,2022
"A05..05",6,6,2022
"A05..05",2,7,2022
"A05..05",4,8,2022
"A05..05",2,9,2022
"A05..05",5,10,2022
"A05..05",3,11,2022
"A05..05",4,12,2022
"A05..05",6,13,2022
"A05..05",11,14,2022
"A05..05",10,15,2022
"A05..05",3,16,2022
"A05..05",3,17,2022
"A05..05",6,18,2022
"A05..05",5,19,2022
"A05..05",8,20,2022
"A05..05",5,21,2022
"A05..05",8,22,2022
"A05..05",2,23,2022
"A05..05",11,24,2022
"A05..05",9,25,2022
"A05..05",10,26,2022
"A05..05",9,27,2022
"A05..05",10,28,2022
"A05..05",8,29,2022
"A05..05",17,30,2022
"A05..05",8,31,2022
"A05..05",14,32,2022
"A05..05",7,33,2022
"A05..05",8,34,2022
"A05..05",6,35,2022
"A05..05",9,36,2022
"A05..05",5,37,2022
"A05..05",11,38,2022
"A05..05",7,39,2022
"A05..05",3,40,2022
"A05..05",7,41,2022
"A05..05",4,42,2022
"A05..05",8,43,2022
"A05..05",2,44,2022
"A05..05",7,45,2022
"A05..05",6,46,2022
"A05..05",6,47,2022
"A05..05",8,48,2022
"A05..05",9,49,2022
"A05..05",7,50,2022
"A05..05",4,51,2022
"A05..05",1,52,2022
"A06..06",4,1,2022
"A06..06",9,2,2022
"A06..06",9,3,2022
"A06..06",3,4,2022
"A06..06",7,5,2022
"A06..06",4,6,2022
"A06..06",3,7,2022
"A06..06",3,8,2022
"A06..06",6,9,2022
"A06..06",NA,10,2022
"A06..06",2,11,2022
"A06..06",1,12,2022
"A06..06",8,13,2022
"A06..06",4,14,2022
"A06..06",4,15,2022
"A06..06",3,16,2022
"A06..06",7,17,2022
"A06..06",7,18,2022
"A06..06",6,19,2022
"A06..06",4,20,2022
"A06..06",3,21,2022
"A06..06",5,22,2022
"A06..06",1,23,2022
"A06..06",5,24,2022
"A06..06",6,25,2022
"A06..06",9,26,2022
"A06..06",5,27,2022
"A06..06",12,28,2022
"A06..06",8,29,2022
"A06..06",5,30,2022
"A06..06",7,31,2022
"A06..06",6,32,2022
"A06..06",8,33,2022
"A06..06",7,34,2022
"A06..06",11,35,2022
"A06..06",6,36,2022
"A06..06",4,37,2022
"A06..06",4,38,2022
"A06..06",5,39,2022
"A06..06",6,40,2022
"A06..06",6,41,2022
"A06..06",9,42,2022
"A06..06",3,43,2022
"A06..06",6,44,2022
"A06..06",9,45,2022
"A06..06",4,46,2022
"A06..06",6,47,2022
"A06..06",5,48,2022
"A06..06",3,49,2022
"A06..06",2,50,2022
"A06..06",NA,51,2022
"A06..06",3,52,2022
"A07..07",4,1,2022
"A07..07",6,2,2022
"A07..07",8,3,2022
"A07..07",2,4,2022
"A07..07",4,5,2022
"A07..07",2,6,2022
"A07..07",5,7,2022
"A07..07",8,8,2022
"A07..07",7,9,2022
"A07..07",2,10,2022
"A07..07",9,11,2022
"A07..07",3,12,2022
"A07..07",1,13,2022
"A07..07",7,14,2022
"A07..07",4,15,2022
"A07..07",NA,16,2022
"A07..07",7,17,2022
"A07..07",3,18,2022
"A07..07",5,19,2022
"A07..07",8,20,2022
"A07..07",2,21,2022
"A07..07",8,22,2022
"A07..07",7,23,2022
"A07..07",10,24,2022
"A07..07",12,25,2022
"A07..07",15,26,2022
"A07..07",10,27,2022
"A07..07",7,28,2022
"A07..07",8,29,2022
"A07..07",12,30,2022
"A07..07",10,31,2022
"A07..07",11,32,2022
"A07..07",11,33,2022
"A07..07",9,34,2022
"A07..07",6,35,2022
"A07..07",5,36,2022
"A07..07",9,37,2022
"A07..07",7,38,2022
"A07..07",7,39,2022
"A07..07",2,40,2022
"A07..07",5,41,2022
"A07..07",3,42,2022
"A07..07",9,43,2022
"A07..07",6,44,2022
"A07..07",9,45,2022
"A07..07",4,46,2022
"A07..07",3,47,2022
"A07..07",4,48,2022
"A07..07",3,49,2022
"A07..07",2,50,2022
"A07..07",6,51,2022
"A07..07",NA,52,2022
"A08..08",4,1,2022
"A08..08",8,2,2022
"A08..08",5,3,2022
"A08..08",5,4,2022
"A08..08",6,5,2022
"A08..08",3,6,2022
"A08..08",5,7,2022
"A08..08",2,8,2022
"A08..08",3,9,2022
"A08..08",2,10,2022
"A08..08",1,11,2022
"A08..08",3,12,2022
"A08..08",3,13,2022
"A08..08",5,14,2022
"A08..08",NA,15,2022
"A08..08",3,16,2022
"A08..08",2,17,2022
"A08..08",5,18,2022
"A08..08",5,19,2022
"A08..08",7,20,2022
"A08..08",3,21,2022
"A08..08",4,22,2022
"A08..08",10,23,2022
"A08..08",5,24,2022
"A08..08",12,25,2022
"A08..08",10,26,2022
"A08..08",13,27,2022
"A08..08",9,28,2022
"A08..08",10,29,2022
"A08..08",10,30,2022
"A08..08",8,31,2022
"A08..08",8,32,2022
"A08..08",10,33,2022
"A08..08",16,34,2022
"A08..08",9,35,2022
"A08..08",8,36,2022
"A08..08",12,37,2022
"A08..08",4,38,2022
"A08..08",3,39,2022
"A08..08",5,40,2022
"A08..08",4,41,2022
"A08..08",3,42,2022
"A08..08",2,43,2022
"A08..08",4,44,2022
"A08..08",11,45,2022
"A08..08",5,46,2022
"A08..08",6,47,2022
"A08..08",5,48,2022
"A08..08",3,49,2022
"A08..08",1,50,2022
"A08..08",4,51,2022
"A08..08",1,52,2022
"A09..09",5,1,2022
"A09..09",6,2,2022
"A09..09",3,3,2022
"A09..09",4,4,2022
"A09..09",2,5,2022
"A09..09",2,6,2022
"A09..09",5,7,2022
"A09..09",5,8,2022
"A09..09",2,9,2022
"A09..09",4,10,2022
"A09..09",1,11,2022
"A09..09",1,12,2022
"A09..09",4,13,2022
"A09..09",1,14,2022
"A09..09",8,15,2022
"A09..09",4,16,2022
"A09..09",5,17,2022
"A09..09",7,18,2022
"A09..09",7,19,2022
"A09..09",4,20,2022
"A09..09",4,21,2022
"A09..09",5,22,2022
"A09..09",4,23,2022
"A09..09",8,24,2022
"A09..09",7,25,2022
"A09..09",7,26,2022
"A09..09",8,27,2022
"A09..09",7,28,2022
"A09..09",10,29,2022
"A09..09",6,30,2022
"A09..09",11,31,2022
"A09..09",4,32,2022
"A09..09",5,33,2022
"A09..09",15,34,2022
"A09..09",4,35,2022
"A09..09",14,36,2022
"A09..09",11,37,2022
"A09..09",3,38,2022
"A09..09",6,39,2022
"A09..09",4,40,2022
"A09..09",5,41,2022
"A09..09",6,42,2022
"A09..09",3,43,2022
"A09..09",1,44,2022
"A09..09",7,45,2022
"A09..09",3,46,2022
"A09..09",1,47,2022
"A09..09",2,48,2022
"A09..09",1,49,2022
"A09..09",1,50,2022
"A09..09",1,51,2022
"A09..09",NA,52,2022
"A10..10",5,1,2022
"A10..10",8,2,2022
"A10..10",5,3,2022
"A10..10",5,4,2022
"A10..10",1,5,2022
"A10..10",4,6,2022
"A10..10",NA,7,2022
"A10..10",4,8,2022
"A10..10",5,9,2022
"A10..10",4,10,2022
"A10..10",4,11,2022
"A10..10",1,12,2022
"A10..10",NA,13,2022
"A10..10",3,14,2022
"A10..10",NA,15,2022
"A10..10",1,16,2022
"A10..10",4,17,2022
"A10..10",4,18,2022
"A10..10",2,19,2022
"A10..10",10,20,2022
"A10..10",8,21,2022
"A10..10",10,22,2022
"A10..10",2,23,2022
"A10..10",9,24,2022
"A10..10",8,25,2022
"A10..10",13,26,2022
"A10..10",8,27,2022
"A10..10",10,28,2022
"A10..10",6,29,2022
"A10..10",12,30,2022
"A10..10",10,31,2022
"A10..10",9,32,2022
"A10..10",10,33,2022
"A10..10",10,34,2022
"A10..10",10,35,2022
"A10..10",6,36,2022
"A10..10",8,37,2022
"A10..10",10,38,2022
"A10..10",1,39,2022
"A10..10",1,40,2022
"A10..10",6,41,2022
"A10..10",5,42,2022
"A10..10",3,43,2022
"A10..10",3,44,2022
"A10..10",7,45,2022
"A10..10",5,46,2022
"A10..10",5,47,2022
"A10..10",3,48,2022
"A10..10",5,49,2022
"A10..10",1,50,2022
"A10..10",4,51,2022
"A10..10",3,52,2022
"A11..11",4,1,2022
"A11..11",14,2,2022
"A11..11",2,3,2022
"A11..11",8,4,2022
"A11..11",4,5,2022
"A11..11",3,6,2022
"A11..11",5,7,2022
"A11..11",6,8,2022
"A11..11",3,9,2022
"A11..11",6,10,2022
"A11..11",3,11,2022
"A11..11",2,12,2022
"A11..11",NA,13,2022
"A11..11",5,14,2022
"A11..11",2,15,2022
"A11..11",3,16,2022
"A11..11",2,17,2022
"A11..11",4,18,2022
"A11..11",9,19,2022
"A11..11",7,20,2022
"A11..11",6,21,2022
"A11..11",8,22,2022
"A11..11",3,23,2022
"A11..11",11,24,2022
"A11..11",10,25,2022
"A11..11",6,26,2022
"A11..11",11,27,2022
"A11..11",9,28,2022
"A11..11",7,29,2022
"A11..11",12,30,2022
"A11..11",6,31,2022
"A11..11",11,32,2022
"A11..11",6,33,2022
"A11..11",11,34,2022
"A11..11",2,35,2022
"A11..11",7,36,2022
"A11..11",6,37,2022
"A11..11",4,38,2022
"A11..11",5,39,2022
"A11..11",3,40,2022
"A11..11",3,41,2022
"A11..11",9,42,2022
"A11..11",3,43,2022
"A11..11",4,44,2022
"A11..11",6,45,2022
"A11..11",4,46,2022
"A11..11",3,47,2022
"A11..11",7,48,2022
"A11..11",2,49,2022
"A11..11",7,50,2022
"A11..11",NA,51,2022
"A11..11",1,52,2022
"A12..12",4,1,2022
"A12..12",7,2,2022
"A12..12",7,3,2022
"A12..12",8,4,2022
"A12..12",5,5,2022
"A12..12",6,6,2022
"A12..12",9,7,2022
"A12..12",2,8,2022
"A12..12",3,9,2022
"A12..12",4,10,2022
"A12..12",3,11,2022
"A12..12",2,12,2022
"A12..12",6,13,2022
"A12..12",1,14,2022
"A12..12",5,15,2022
"A12..12",4,16,2022
"A12..12",6,17,2022
"A12..12",9,18,2022
"A12..12",4,19,2022
"A12..12",5,20,2022
"A12..12",5,21,2022
"A12..12",9,22,2022
"A12..12",5,23,2022
"A12..12",7,24,2022
"A12..12",8,25,2022
"A12..12",8,26,2022
"A12..12",11,27,2022
"A12..12",4,28,2022
"A12..12",9,29,2022
"A12..12",5,30,2022
"A12..12",6,31,2022
"A12..12",5,32,2022
"A12..12",5,33,2022
"A12..12",8,34,2022
"A12..12",2,35,2022
"A12..12",9,36,2022
"A12..12",7,37,2022
"A12..12",5,38,2022
"A12..12",7,39,2022
"A12..12",3,40,2022
"A12..12",5,41,2022
"A12..12",10,42,2022
"A12..12",7,43,2022
"A12..12",7,44,2022
"A12..12",3,45,2022
"A12..12",4,46,2022
"A12..12",3,47,2022
"A12..12",1,48,2022
"A12..12",4,49,2022
"A12..12",2,50,2022
"A12..12",1,51,2022
"A12..12",NA,52,2022
"A13..13",3,1,2022
"A13..13",13,2,2022
"A13..13",8,3,2022
"A13..13",2,4,2022
"A13..13",4,5,2022
"A13..13",3,6,2022
"A13..13",4,7,2022
"A13..13",6,8,2022
"A13..13",3,9,2022
"A13..13",3,10,2022
"A13..13",3,11,2022
"A13..13",7,12,2022
"A13..13",3,13,2022
"A13..13",2,14,2022
"A13..13",4,15,2022
"A13..13",4,16,2022
"A13..13",4,17,2022
"A13..13",6,18,2022
"A13..13",4,19,2022
"A13..13",4,20,2022
"A13..13",4,21,2022
"A13..13",8,22,2022
"A13..13",8,23,2022
"A13..13",6,24,2022
"A13..13",7,25,2022
"A13..13",16,26,2022
"A13..13",10,27,2022
"A13..13",1,28,2022
"A13..13",11,29,2022
"A13..13",4,30,2022
"A13..13",4,31,2022
"A13..13",4,32,2022
"A13..13",6,33,2022
"A13..13",12,34,2022
"A13..13",7,35,2022
"A13..13",10,36,2022
"A13..13",9,37,2022
"A13..13",12,38,2022
"A13..13",6,39,2022
"A13..13",4,40,2022
"A13..13",3,41,2022
"A13..13",6,42,2022
"A13..13",3,43,2022
"A13..13",6,44,2022
"A13..13",8,45,2022
"A13..13",8,46,2022
"A13..13",4,47,2022
"A13..13",NA,48,2022
"A13..13",2,49,2022
"A13..13",5,50,2022
"A13..13",NA,51,2022
"A13..13",NA,52,2022
"A14..14",2,1,2022
"A14..14",13,2,2022
"A14..14",11,3,2022
"A14..14",6,4,2022
"A14..14",6,5,2022
"A14..14",7,6,2022
"A14..14",5,7,2022
"A14..14",4,8,2022
"A14..14",3,9,2022
"A14..14",4,10,2022
"A14..14",7,11,2022
"A14..14",6,12,2022
"A14..14",4,13,2022
"A14..14",4,14,2022
"A14..14",8,15,2022
"A14..14",3,16,2022
"A14..14",2,17,2022
"A14..14",7,18,2022
"A14..14",7,19,2022
"A14..14",4,20,2022
"A14..14",6,21,2022
"A14..14",8,22,2022
"A14..14",3,23,2022
"A14..14",6,24,2022
"A14..14",14,25,2022
"A14..14",17,26,2022
"A14..14",18,27,2022
"A14..14",15,28,2022
"A14..14",6,29,2022
"A14..14",6,30,2022
"A14..14",9,31,2022
"A14..14",5,32,2022
"A14..14",4,33,2022
"A14..14",9,34,2022
"A14..14",8,35,2022
"A14..14",5,36,2022
"A14..14",14,37,2022
"A14..14",9,38,2022
"A14..14",11,39,2022
"A14..14",3,40,2022
"A14..14",4,41,2022
"A14..14",5,42,2022
"A14..14",8,43,2022
"A14..14",5,44,2022
"A14..14",5,45,2022
"A14..14",3,46,2022
"A14..14",4,47,2022
"A14..14",5,48,2022
"A14..14",6,49,2022
"A14..14",2,50,2022
"A14..14",5,51,2022
"A14..14",3,52,2022
"A15..15",8,1,2022
"A15..15",8,2,2022
"A15..15",8,3,2022
"A15..15",5,4,2022
"A15..15",7,5,2022
"A15..15",7,6,2022
"A15..15",6,7,2022
"A15..15",10,8,2022
"A15..15",6,9,2022
"A15..15",7,10,2022
"A15..15",2,11,2022
"A15..15",4,12,2022
"A15..15",3,13,2022
"A15..15",3,14,2022
"A15..15",4,15,2022
"A15..15",6,16,2022
"A15..15",6,17,2022
"A15..15",6,18,2022
"A15..15",7,19,2022
"A15..15",4,20,2022
"A15..15",6,21,2022
"A15..15",11,22,2022
"A15..15",6,23,2022
"A15..15",8,24,2022
"A15..15",20,25,2022
"A15..15",9,26,2022
"A15..15",13,27,2022
"A15..15",14,28,2022
"A15..15",13,29,2022
"A15..15",5,30,2022
"A15..15",12,31,2022
"A15..15",10,32,2022
"A15..15",7,33,2022
"A15..15",9,34,2022
"A15..15",12,35,2022
"A15..15",13,36,2022
"A15..15",11,37,2022
"A15..15",9,38,2022
"A15..15",8,39,2022
"A15..15",8,40,2022
"A15..15",9,41,2022
"A15..15",9,42,2022
"A15..15",7,43,2022
"A15..15",10,44,2022
"A15..15",12,45,2022
"A15..15",8,46,2022
"A15..15",4,47,2022
"A15..15",12,48,2022
"A15..15",4,49,2022
"A15..15",5,50,2022
"A15..15",1,51,2022
"A15..15",3,52,2022
"A16..16",3,1,2022
"A16..16",13,2,2022
"A16..16",10,3,2022
"A16..16",9,4,2022
"A16..16",8,5,2022
"A16..16",3,6,2022
"A16..16",6,7,2022
"A16..16",8,8,2022
"A16..16",8,9,2022
"A16..16",9,10,2022
"A16..16",6,11,2022
"A16..16",6,12,2022
"A16..16",12,13,2022
"A16..16",6,14,2022
"A16..16",11,15,2022
"A16..16",5,16,2022
"A16..16",9,17,2022
"A16..16",11,18,2022
"A16..16",8,19,2022
"A16..16",9,20,2022
"A16..16",3,21,2022
"A16..16",5,22,2022
"A16..16",6,23,2022
"A16..16",10,24,2022
"A16..16",16,25,2022
"A16..16",14,26,2022
"A16..16",14,27,2022
"A16..16",18,28,2022
"A16..16",14,29,2022
"A16..16",22,30,2022
"A16..16",16,31,2022
"A16..16",6,32,2022
"A16..16",13,33,2022
"A16..16",15,34,2022
"A16..16",17,35,2022
"A16..16",13,36,2022
"A16..16",25,37,2022
"A16..16",7,38,2022
"A16..16",9,39,2022
"A16..16",9,40,2022
"A16..16",13,41,2022
"A16..16",11,42,2022
"A16..16",12,43,2022
"A16..16",5,44,2022
"A16..16",11,45,2022
"A16..16",16,46,2022
"A16..16",5,47,2022
"A16..16",7,48,2022
"A16..16",6,49,2022
"A16..16",6,50,2022
"A16..16",5,51,2022
"A16..16",3,52,2022
"A17..17",16,1,2022
"A17..17",17,2,2022
"A17..17",6,3,2022
"A17..17",11,4,2022
"A17..17",9,5,2022
"A17..17",10,6,2022
"A17..17",12,7,2022
"A17..17",7,8,2022
"A17..17",5,9,2022
"A17..17",7,10,2022
"A17..17",7,11,2022
"A17..17",5,12,2022
"A17..17",6,13,2022
"A17..17",6,14,2022
"A17..17",7,15,2022
"A17..17",4,16,2022
"A17..17",9,17,2022
"A17..17",12,18,2022
"A17..17",8,19,2022
"A17..17",12,20,2022
"A17..17",10,21,2022
"A17..17",7,22,2022
"A17..17",10,23,2022
"A17..17",11,24,2022
"A17..17",28,25,2022
"A17..17",21,26,2022
"A17..17",15,27,2022
"A17..17",10,28,2022
"A17..17",17,29,2022
"A17..17",16,30,2022
"A17..17",20,31,2022
"A17..17",19,32,2022
"A17..17",24,33,2022
"A17..17",16,34,2022
"A17..17",9,35,2022
"A17..17",18,36,2022
"A17..17",19,37,2022
"A17..17",16,38,2022
"A17..17",7,39,2022
"A17..17",9,40,2022
"A17..17",7,41,2022
"A17..17",9,42,2022
"A17..17",9,43,2022
"A17..17",13,44,2022
"A17..17",13,45,2022
"A17..17",12,46,2022
"A17..17",8,47,2022
"A17..17",14,48,2022
"A17..17",6,49,2022
"A17..17",8,50,2022
"A17..17",5,51,2022
"A17..17",4,52,2022
"A18..18",12,1,2022
"A18..18",17,2,2022
"A18..18",12,3,2022
"A18..18",20,4,2022
"A18..18",18,5,2022
"A18..18",9,6,2022
"A18..18",8,7,2022
"A18..18",17,8,2022
"A18..18",8,9,2022
"A18..18",16,10,2022
"A18..18",12,11,2022
"A18..18",7,12,2022
"A18..18",5,13,2022
"A18..18",11,14,2022
"A18..18",12,15,2022
"A18..18",10,16,2022
"A18..18",18,17,2022
"A18..18",12,18,2022
"A18..18",13,19,2022
"A18..18",14,20,2022
"A18..18",12,21,2022
"A18..18",14,22,2022
"A18..18",16,23,2022
"A18..18",16,24,2022
"A18..18",10,25,2022
"A18..18",11,26,2022
"A18..18",18,27,2022
"A18..18",16,28,2022
"A18..18",20,29,2022
"A18..18",22,30,2022
"A18..18",24,31,2022
"A18..18",20,32,2022
"A18..18",26,33,2022
"A18..18",15,34,2022
"A18..18",19,35,2022
"A18..18",15,36,2022
"A18..18",22,37,2022
"A18..18",13,38,2022
"A18..18",17,39,2022
"A18..18",8,40,2022
"A18..18",15,41,2022
"A18..18",7,42,2022
"A18..18",11,43,2022
"A18..18",12,44,2022
"A18..18",13,45,2022
"A18..18",11,46,2022
"A18..18",9,47,2022
"A18..18",8,48,2022
"A18..18",9,49,2022
"A18..18",6,50,2022
"A18..18",4,51,2022
"A18..18",5,52,2022
"A19..19",13,1,2022
"A19..19",21,2,2022
"A19..19",15,3,2022
"A19..19",13,4,2022
"A19..19",11,5,2022
"A19..19",13,6,2022
"A19..19",12,7,2022
"A19..19",8,8,2022
"A19..19",6,9,2022
"A19..19",8,10,2022
"A19..19",14,11,2022
"A19..19",17,12,2022
"A19..19",9,13,2022
"A19..19",6,14,2022
"A19..19",8,15,2022
"A19..19",7,16,2022
"A19..19",17,17,2022
"A19..19",11,18,2022
"A19..19",10,19,2022
"A19..19",11,20,2022
"A19..19",13,21,2022
"A19..19",12,22,2022
"A19..19",16,23,2022
"A19..19",11,24,2022
"A19..19",22,25,2022
"A19..19",28,26,2022
"A19..19",22,27,2022
"A19..19",22,28,2022
"A19..19",13,29,2022
"A19..19",24,30,2022
"A19..19",20,31,2022
"A19..19",15,32,2022
"A19..19",18,33,2022
"A19..19",20,34,2022
"A19..19",20,35,2022
"A19..19",24,36,2022
"A19..19",21,37,2022
"A19..19",24,38,2022
"A19..19",16,39,2022
"A19..19",8,40,2022
"A19..19",17,41,2022
"A19..19",10,42,2022
"A19..19",9,43,2022
"A19..19",15,44,2022
"A19..19",12,45,2022
"A19..19",16,46,2022
"A19..19",12,47,2022
"A19..19",13,48,2022
"A19..19",15,49,2022
"A19..19",11,50,2022
"A19..19",6,51,2022
"A19..19",5,52,2022
"A20..20",14,1,2022
"A20..20",16,2,2022
"A20..20",11,3,2022
"A20..20",13,4,2022
"A20..20",12,5,2022
"A20..20",11,6,2022
"A20..20",10,7,2022
"A20..20",18,8,2022
"A20..20",5,9,2022
"A20..20",10,10,2022
"A20..20",13,11,2022
"A20..20",12,12,2022
"A20..20",13,13,2022
"A20..20",13,14,2022
"A20..20",9,15,2022
"A20..20",7,16,2022
"A20..20",16,17,2022
"A20..20",13,18,2022
"A20..20",9,19,2022
"A20..20",14,20,2022
"A20..20",18,21,2022
"A20..20",19,22,2022
"A20..20",14,23,2022
"A20..20",8,24,2022
"A20..20",20,25,2022
"A20..20",22,26,2022
"A20..20",24,27,2022
"A20..20",22,28,2022
"A20..20",17,29,2022
"A20..20",24,30,2022
"A20..20",29,31,2022
"A20..20",30,32,2022
"A20..20",22,33,2022
"A20..20",26,34,2022
"A20..20",22,35,2022
"A20..20",25,36,2022
"A20..20",21,37,2022
"A20..20",22,38,2022
"A20..20",20,39,2022
"A20..20",7,40,2022
"A20..20",16,41,2022
"A20..20",20,42,2022
"A20..20",11,43,2022
"A20..20",12,44,2022
"A20..20",18,45,2022
"A20..20",21,46,2022
"A20..20",12,47,2022
"A20..20",11,48,2022
"A20..20",8,49,2022
"A20..20",10,50,2022
"A20..20",13,51,2022
"A20..20",3,52,2022
"A21..21",14,1,2022
"A21..21",21,2,2022
"A21..21",17,3,2022
"A21..21",13,4,2022
"A21..21",14,5,2022
"A21..21",16,6,2022
"A21..21",15,7,2022
"A21..21",15,8,2022
"A21..21",10,9,2022
"A21..21",8,10,2022
"A21..21",6,11,2022
"A21..21",10,12,2022
"A21..21",13,13,2022
"A21..21",14,14,2022
"A21..21",4,15,2022
"A21..21",7,16,2022
"A21..21",12,17,2022
"A21..21",13,18,2022
"A21..21",11,19,2022
"A21..21",15,20,2022
"A21..21",16,21,2022
"A21..21",13,22,2022
"A21..21",8,23,2022
"A21..21",14,24,2022
"A21..21",11,25,2022
"A21..21",24,26,2022
"A21..21",26,27,2022
"A21..21",23,28,2022
"A21..21",17,29,2022
"A21..21",23,30,2022
"A21..21",17,31,2022
"A21..21",27,32,2022
"A21..21",23,33,2022
"A21..21",16,34,2022
"A21..21",19,35,2022
"A21..21",26,36,2022
"A21..21",28,37,2022
"A21..21",14,38,2022
"A21..21",15,39,2022
"A21..21",17,40,2022
"A21..21",17,41,2022
"A21..21",20,42,2022
"A21..21",17,43,2022
"A21..21",8,44,2022
"A21..21",19,45,2022
"A21..21",20,46,2022
"A21..21",12,47,2022
"A21..21",12,48,2022
"A21..21",12,49,2022
"A21..21",7,50,2022
"A21..21",6,51,2022
"A21..21",5,52,2022
"A22..22",16,1,2022
"A22..22",19,2,2022
"A22..22",15,3,2022
"A22..22",23,4,2022
"A22..22",10,5,2022
"A22..22",15,6,2022
"A22..22",12,7,2022
"A22..22",18,8,2022
"A22..22",10,9,2022
"A22..22",11,10,2022
"A22..22",7,11,2022
"A22..22",12,12,2022
"A22..22",15,13,2022
"A22..22",6,14,2022
"A22..22",11,15,2022
"A22..22",11,16,2022
"A22..22",21,17,2022
"A22..22",12,18,2022
"A22..22",18,19,2022
"A22..22",21,20,2022
"A22..22",19,21,2022
"A22..22",21,22,2022
"A22..22",18,23,2022
"A22..22",20,24,2022
"A22..22",27,25,2022
"A22..22",12,26,2022
"A22..22",23,27,2022
"A22..22",40,28,2022
"A22..22",17,29,2022
"A22..22",35,30,2022
"A22..22",27,31,2022
"A22..22",15,32,2022
"A22..22",24,33,2022
"A22..22",20,34,2022
"A22..22",20,35,2022
"A22..22",18,36,2022
"A22..22",25,37,2022
"A22..22",28,38,2022
"A22..22",18,39,2022
"A22..22",10,40,2022
"A22..22",19,41,2022
"A22..22",20,42,2022
"A22..22",15,43,2022
"A22..22",10,44,2022
"A22..22",15,45,2022
"A22..22",19,46,2022
"A22..22",15,47,2022
"A22..22",5,48,2022
"A22..22",16,49,2022
"A22..22",16,50,2022
"A22..22",8,51,2022
"A22..22",4,52,2022
"A23..23",15,1,2022
"A23..23",12,2,2022
"A23..23",12,3,2022
"A23..23",11,4,2022
"A23..23",6,5,2022
"A23..23",10,6,2022
"A23..23",7,7,2022
"A23..23",15,8,2022
"A23..23",11,9,2022
"A23..23",17,10,2022
"A23..23",9,11,2022
"A23..23",11,12,2022
"A23..23",7,13,2022
"A23..23",4,14,2022
"A23..23",14,15,2022
"A23..23",14,16,2022
"A23..23",19,17,2022
"A23..23",17,18,2022
"A23..23",10,19,2022
"A23..23",15,20,2022
"A23..23",14,21,2022
"A23..23",15,22,2022
"A23..23",12,23,2022
"A23..23",23,24,2022
"A23..23",18,25,2022
"A23..23",23,26,2022
"A23..23",26,27,2022
"A23..23",31,28,2022
"A23..23",22,29,2022
"A23..23",23,30,2022
"A23..23",29,31,2022
"A23..23",22,32,2022
"A23..23",23,33,2022
"A23..23",19,34,2022
"A23..23",27,35,2022
"A23..23",19,36,2022
"A23..23",24,37,2022
"A23..23",14,38,2022
"A23..23",21,39,2022
"A23..23",10,40,2022
"A23..23",20,41,2022
"A23..23",13,42,2022
"A23..23",15,43,2022
"A23..23",15,44,2022
"A23..23",27,45,2022
"A23..23",19,46,2022
"A23..23",17,47,2022
"A23..23",14,48,2022
"A23..23",15,49,2022
"A23..23",11,50,2022
"A23..23",6,51,2022
"A23..23",6,52,2022
"A24..24",22,1,2022
"A24..24",23,2,2022
"A24..24",13,3,2022
"A24..24",12,4,2022
"A24..24",7,5,2022
"A24..24",11,6,2022
"A24..24",11,7,2022
"A24..24",20,8,2022
"A24..24",10,9,2022
"A24..24",10,10,2022
"A24..24",9,11,2022
"A24..24",8,12,2022
"A24..24",12,13,2022
"A24..24",7,14,2022
"A24..24",7,15,2022
"A24..24",8,16,2022
"A24..24",17,17,2022
"A24..24",16,18,2022
"A24..24",14,19,2022
"A24..24",11,20,2022
"A24..24",16,21,2022
"A24..24",8,22,2022
"A24..24",19,23,2022
"A24..24",24,24,2022
"A24..24",22,25,2022
"A24..24",22,26,2022
"A24..24",18,27,2022
"A24..24",25,28,2022
"A24..24",21,29,2022
"A24..24",31,30,2022
"A24..24",33,31,2022
"A24..24",24,32,2022
"A24..24",22,33,2022
"A24..24",15,34,2022
"A24..24",26,35,2022
"A24..24",21,36,2022
"A24..24",23,37,2022
"A24..24",25,38,2022
"A24..24",21,39,2022
"A24..24",9,40,2022
"A24..24",23,41,2022
"A24..24",18,42,2022
"A24..24",14,43,2022
"A24..24",12,44,2022
"A24..24",14,45,2022
"A24..24",14,46,2022
"A24..24",8,47,2022
"A24..24",13,48,2022
"A24..24",10,49,2022
"A24..24",11,50,2022
"A24..24",5,51,2022
"A24..24",4,52,2022
"A25..25",14,1,2022
"A25..25",16,2,2022
"A25..25",11,3,2022
"A25..25",12,4,2022
"A25..25",12,5,2022
"A25..25",10,6,2022
"A25..25",14,7,2022
"A25..25",10,8,2022
"A25..25",6,9,2022
"A25..25",8,10,2022
"A25..25",10,11,2022
"A25..25",8,12,2022
"A25..25",8,13,2022
"A25..25",7,14,2022
"A25..25",13,15,2022
"A25..25",10,16,2022
"A25..25",20,17,2022
"A25..25",15,18,2022
"A25..25",12,19,2022
"A25..25",18,20,2022
"A25..25",11,21,2022
"A25..25",22,22,2022
"A25..25",18,23,2022
"A25..25",25,24,2022
"A25..25",21,25,2022
"A25..25",25,26,2022
"A25..25",27,27,2022
"A25..25",25,28,2022
"A25..25",20,29,2022
"A25..25",23,30,2022
"A25..25",19,31,2022
"A25..25",22,32,2022
"A25..25",22,33,2022
"A25..25",26,34,2022
"A25..25",22,35,2022
"A25..25",30,36,2022
"A25..25",28,37,2022
"A25..25",17,38,2022
"A25..25",28,39,2022
"A25..25",12,40,2022
"A25..25",11,41,2022
"A25..25",18,42,2022
"A25..25",19,43,2022
"A25..25",8,44,2022
"A25..25",16,45,2022
"A25..25",13,46,2022
"A25..25",16,47,2022
"A25..25",13,48,2022
"A25..25",6,49,2022
"A25..25",16,50,2022
"A25..25",10,51,2022
"A25..25",5,52,2022
"A26..26",11,1,2022
"A26..26",21,2,2022
"A26..26",17,3,2022
"A26..26",10,4,2022
"A26..26",9,5,2022
"A26..26",12,6,2022
"A26..26",9,7,2022
"A26..26",12,8,2022
"A26..26",17,9,2022
"A26..26",8,10,2022
"A26..26",13,11,2022
"A26..26",5,12,2022
"A26..26",12,13,2022
"A26..26",15,14,2022
"A26..26",8,15,2022
"A26..26",14,16,2022
"A26..26",21,17,2022
"A26..26",14,18,2022
"A26..26",22,19,2022
"A26..26",17,20,2022
"A26..26",6,21,2022
"A26..26",14,22,2022
"A26..26",17,23,2022
"A26..26",14,24,2022
"A26..26",22,25,2022
"A26..26",13,26,2022
"A26..26",25,27,2022
"A26..26",26,28,2022
"A26..26",33,29,2022
"A26..26",32,30,2022
"A26..26",28,31,2022
"A26..26",29,32,2022
"A26..26",21,33,2022
"A26..26",24,34,2022
"A26..26",11,35,2022
"A26..26",27,36,2022
"A26..26",21,37,2022
"A26..26",19,38,2022
"A26..26",23,39,2022
"A26..26",13,40,2022
"A26..26",16,41,2022
"A26..26",15,42,2022
"A26..26",22,43,2022
"A26..26",7,44,2022
"A26..26",16,45,2022
"A26..26",12,46,2022
"A26..26",13,47,2022
"A26..26",17,48,2022
"A26..26",17,49,2022
"A26..26",14,50,2022
"A26..26",12,51,2022
"A26..26",7,52,2022
"A27..27",12,1,2022
"A27..27",21,2,2022
"A27..27",10,3,2022
"A27..27",11,4,2022
"A27..27",9,5,2022
"A27..27",13,6,2022
"A27..27",8,7,2022
"A27..27",15,8,2022
"A27..27",10,9,2022
"A27..27",12,10,2022
"A27..27",6,11,2022
"A27..27",3,12,2022
"A27..27",11,13,2022
"A27..27",13,14,2022
"A27..27",10,15,2022
"A27..27",7,16,2022
"A27..27",19,17,2022
"A27..27",11,18,2022
"A27..27",12,19,2022
"A27..27",7,20,2022
"A27..27",7,21,2022
"A27..27",17,22,2022
"A27..27",16,23,2022
"A27..27",21,24,2022
"A27..27",18,25,2022
"A27..27",17,26,2022
"A27..27",15,27,2022
"A27..27",31,28,2022
"A27..27",25,29,2022
"A27..27",27,30,2022
"A27..27",26,31,2022
"A27..27",31,32,2022
"A27..27",16,33,2022
"A27..27",17,34,2022
"A27..27",16,35,2022
"A27..27",18,36,2022
"A27..27",17,37,2022
"A27..27",19,38,2022
"A27..27",22,39,2022
"A27..27",13,40,2022
"A27..27",11,41,2022
"A27..27",20,42,2022
"A27..27",12,43,2022
"A27..27",8,44,2022
"A27..27",20,45,2022
"A27..27",21,46,2022
"A27..27",12,47,2022
"A27..27",12,48,2022
"A27..27",16,49,2022
"A27..27",9,50,2022
"A27..27",9,51,2022
"A27..27",8,52,2022
"A28..28",10,1,2022
"A28..28",21,2,2022
"A28..28",20,3,2022
"A28..28",6,4,2022
"A28..28",7,5,2022
"A28..28",8,6,2022
"A28..28",12,7,2022
"A28..28",9,8,2022
"A28..28",4,9,2022
"A28..28",8,10,2022
"A28..28",5,11,2022
"A28..28",8,12,2022
"A28..28",11,13,2022
"A28..28",9,14,2022
"A28..28",12,15,2022
"A28..28",12,16,2022
"A28..28",20,17,2022
"A28..28",12,18,2022
"A28..28",16,19,2022
"A28..28",9,20,2022
"A28..28",5,21,2022
"A28..28",22,22,2022
"A28..28",17,23,2022
"A28..28",17,24,2022
"A28..28",22,25,2022
"A28..28",21,26,2022
"A28..28",18,27,2022
"A28..28",31,28,2022
"A28..28",25,29,2022
"A28..28",36,30,2022
"A28..28",28,31,2022
"A28..28",20,32,2022
"A28..28",18,33,2022
"A28..28",24,34,2022
"A28..28",19,35,2022
"A28..28",23,36,2022
"A28..28",21,37,2022
"A28..28",16,38,2022
"A28..28",16,39,2022
"A28..28",15,40,2022
"A28..28",19,41,2022
"A28..28",22,42,2022
"A28..28",18,43,2022
"A28..28",7,44,2022
"A28..28",17,45,2022
"A28..28",10,46,2022
"A28..28",12,47,2022
"A28..28",13,48,2022
"A28..28",12,49,2022
"A28..28",9,50,2022
"A28..28",6,51,2022
"A28..28",4,52,2022
"A29..29",13,1,2022
"A29..29",18,2,2022
"A29..29",18,3,2022
"A29..29",5,4,2022
"A29..29",16,5,2022
"A29..29",7,6,2022
"A29..29",14,7,2022
"A29..29",13,8,2022
"A29..29",6,9,2022
"A29..29",5,10,2022
"A29..29",16,11,2022
"A29..29",11,12,2022
"A29..29",11,13,2022
"A29..29",8,14,2022
"A29..29",6,15,2022
"A29..29",8,16,2022
"A29..29",15,17,2022
"A29..29",19,18,2022
"A29..29",17,19,2022
"A29..29",16,20,2022
"A29..29",23,21,2022
"A29..29",19,22,2022
"A29..29",16,23,2022
"A29..29",12,24,2022
"A29..29",22,25,2022
"A29..29",19,26,2022
"A29..29",24,27,2022
"A29..29",24,28,2022
"A29..29",14,29,2022
"A29..29",29,30,2022
"A29..29",26,31,2022
"A29..29",18,32,2022
"A29..29",26,33,2022
"A29..29",23,34,2022
"A29..29",26,35,2022
"A29..29",24,36,2022
"A29..29",23,37,2022
"A29..29",30,38,2022
"A29..29",18,39,2022
"A29..29",10,40,2022
"A29..29",29,41,2022
"A29..29",16,42,2022
"A29..29",22,43,2022
"A29..29",13,44,2022
"A29..29",12,45,2022
"A29..29",16,46,2022
"A29..29",16,47,2022
"A29..29",14,48,2022
"A29..29",11,49,2022
"A29..29",11,50,2022
"A29..29",6,51,2022
"A29..29",4,52,2022
"A30..30",19,1,2022
"A30..30",16,2,2022
"A30..30",16,3,2022
"A30..30",13,4,2022
"A30..30",13,5,2022
"A30..30",8,6,2022
"A30..30",16,7,2022
"A30..30",17,8,2022
"A30..30",13,9,2022
"A30..30",8,10,2022
"A30..30",10,11,2022
"A30..30",9,12,2022
"A30..30",11,13,2022
"A30..30",7,14,2022
"A30..30",13,15,2022
"A30..30",7,16,2022
"A30..30",14,17,2022
"A30..30",18,18,2022
"A30..30",12,19,2022
"A30..30",15,20,2022
"A30..30",13,21,2022
"A30..30",23,22,2022
"A30..30",16,23,2022
"A30..30",20,24,2022
"A30..30",15,25,2022
"A30..30",23,26,2022
"A30..30",23,27,2022
"A30..30",22,28,2022
"A30..30",18,29,2022
"A30..30",23,30,2022
"A30..30",25,31,2022
"A30..30",36,32,2022
"A30..30",32,33,2022
"A30..30",19,34,2022
"A30..30",17,35,2022
"A30..30",20,36,2022
"A30..30",18,37,2022
"A30..30",21,38,2022
"A30..30",14,39,2022
"A30..30",25,40,2022
"A30..30",24,41,2022
"A30..30",15,42,2022
"A30..30",13,43,2022
"A30..30",13,44,2022
"A30..30",13,45,2022
"A30..30",13,46,2022
"A30..30",13,47,2022
"A30..30",15,48,2022
"A30..30",7,49,2022
"A30..30",15,50,2022
"A30..30",11,51,2022
"A30..30",6,52,2022
"A31..31",11,1,2022
"A31..31",19,2,2022
"A31..31",21,3,2022
"A31..31",12,4,2022
"A31..31",4,5,2022
"A31..31",6,6,2022
"A31..31",8,7,2022
"A31..31",17,8,2022
"A31..31",7,9,2022
"A31..31",14,10,2022
"A31..31",12,11,2022
"A31..31",10,12,2022
"A31..31",7,13,2022
"A31..31",5,14,2022
"A31..31",9,15,2022
"A31..31",7,16,2022
"A31..31",11,17,2022
"A31..31",18,18,2022
"A31..31",21,19,2022
"A31..31",20,20,2022
"A31..31",13,21,2022
"A31..31",22,22,2022
"A31..31",13,23,2022
"A31..31",14,24,2022
"A31..31",17,25,2022
"A31..31",17,26,2022
"A31..31",22,27,2022
"A31..31",16,28,2022
"A31..31",17,29,2022
"A31..31",25,30,2022
"A31..31",26,31,2022
"A31..31",17,32,2022
"A31..31",18,33,2022
"A31..31",24,34,2022
"A31..31",17,35,2022
"A31..31",22,36,2022
"A31..31",26,37,2022
"A31..31",25,38,2022
"A31..31",13,39,2022
"A31..31",8,40,2022
"A31..31",22,41,2022
"A31..31",10,42,2022
"A31..31",17,43,2022
"A31..31",16,44,2022
"A31..31",16,45,2022
"A31..31",14,46,2022
"A31..31",16,47,2022
"A31..31",12,48,2022
"A31..31",14,49,2022
"A31..31",5,50,2022
"A31..31",8,51,2022
"A31..31",4,52,2022
"A32..32",10,1,2022
"A32..32",26,2,2022
"A32..32",26,3,2022
"A32..32",12,4,2022
"A32..32",12,5,2022
"A32..32",14,6,2022
"A32..32",13,7,2022
"A32..32",14,8,2022
"A32..32",10,9,2022
"A32..32",8,10,2022
"A32..32",6,11,2022
"A32..32",8,12,2022
"A32..32",7,13,2022
"A32..32",10,14,2022
"A32..32",10,15,2022
"A32..32",9,16,2022
"A32..32",16,17,2022
"A32..32",20,18,2022
"A32..32",9,19,2022
"A32..32",14,20,2022
"A32..32",21,21,2022
"A32..32",17,22,2022
"A32..32",15,23,2022
"A32..32",23,24,2022
"A32..32",14,25,2022
"A32..32",32,26,2022
"A32..32",27,27,2022
"A32..32",28,28,2022
"A32..32",20,29,2022
"A32..32",27,30,2022
"A32..32",29,31,2022
"A32..32",17,32,2022
"A32..32",22,33,2022
"A32..32",30,34,2022
"A32..32",21,35,2022
"A32..32",33,36,2022
"A32..32",21,37,2022
"A32..32",27,38,2022
"A32..32",23,39,2022
"A32..32",13,40,2022
"A32..32",19,41,2022
"A32..32",9,42,2022
"A32..32",17,43,2022
"A32..32",11,44,2022
"A32..32",8,45,2022
"A32..32",19,46,2022
"A32..32",19,47,2022
"A32..32",16,48,2022
"A32..32",9,49,2022
"A32..32",11,50,2022
"A32..32",8,51,2022
"A32..32",6,52,2022
"A33..33",14,1,2022
"A33..33",20,2,2022
"A33..33",11,3,2022
"A33..33",19,4,2022
"A33..33",11,5,2022
"A33..33",9,6,2022
"A33..33",12,7,2022
"A33..33",9,8,2022
"A33..33",13,9,2022
"A33..33",7,10,2022
"A33..33",8,11,2022
"A33..33",13,12,2022
"A33..33",10,13,2022
"A33..33",9,14,2022
"A33..33",7,15,2022
"A33..33",13,16,2022
"A33..33",13,17,2022
"A33..33",15,18,2022
"A33..33",13,19,2022
"A33..33",4,20,2022
"A33..33",8,21,2022
"A33..33",16,22,2022
"A33..33",13,23,2022
"A33..33",19,24,2022
"A33..33",17,25,2022
"A33..33",28,26,2022
"A33..33",18,27,2022
"A33..33",37,28,2022
"A33..33",16,29,2022
"A33..33",32,30,2022
"A33..33",25,31,2022
"A33..33",23,32,2022
"A33..33",25,33,2022
"A33..33",18,34,2022
"A33..33",23,35,2022
"A33..33",17,36,2022
"A33..33",16,37,2022
"A33..33",23,38,2022
"A33..33",24,39,2022
"A33..33",8,40,2022
"A33..33",18,41,2022
"A33..33",15,42,2022
"A33..33",5,43,2022
"A33..33",18,44,2022
"A33..33",17,45,2022
"A33..33",15,46,2022
"A33..33",12,47,2022
"A33..33",15,48,2022
"A33..33",12,49,2022
"A33..33",18,50,2022
"A33..33",9,51,2022
"A33..33",9,52,2022
"A34..34",10,1,2022
"A34..34",21,2,2022
"A34..34",9,3,2022
"A34..34",9,4,2022
"A34..34",5,5,2022
"A34..34",15,6,2022
"A34..34",10,7,2022
"A34..34",15,8,2022
"A34..34",15,9,2022
"A34..34",14,10,2022
"A34..34",10,11,2022
"A34..34",11,12,2022
"A34..34",7,13,2022
"A34..34",8,14,2022
"A34..34",14,15,2022
"A34..34",5,16,2022
"A34..34",14,17,2022
"A34..34",6,18,2022
"A34..34",11,19,2022
"A34..34",13,20,2022
"A34..34",14,21,2022
"A34..34",23,22,2022
"A34..34",11,23,2022
"A34..34",19,24,2022
"A34..34",17,25,2022
"A34..34",22,26,2022
"A34..34",20,27,2022
"A34..34",17,28,2022
"A34..34",22,29,2022
"A34..34",25,30,2022
"A34..34",21,31,2022
"A34..34",28,32,2022
"A34..34",23,33,2022
"A34..34",21,34,2022
"A34..34",26,35,2022
"A34..34",23,36,2022
"A34..34",19,37,2022
"A34..34",10,38,2022
"A34..34",11,39,2022
"A34..34",10,40,2022
"A34..34",10,41,2022
"A34..34",26,42,2022
"A34..34",15,43,2022
"A34..34",7,44,2022
"A34..34",14,45,2022
"A34..34",15,46,2022
"A34..34",11,47,2022
"A34..34",12,48,2022
"A34..34",9,49,2022
"A34..34",10,50,2022
"A34..34",9,51,2022
"A34..34",5,52,2022
"A35..35",10,1,2022
"A35..35",17,2,2022
"A35..35",14,3,2022
"A35..35",15,4,2022
"A35..35",10,5,2022
"A35..35",8,6,2022
"A35..35",14,7,2022
"A35..35",6,8,2022
"A35..35",9,9,2022
"A35..35",8,10,2022
"A35..35",10,11,2022
"A35..35",5,12,2022
"A35..35",12,13,2022
"A35..35",9,14,2022
"A35..35",8,15,2022
"A35..35",6,16,2022
"A35..35",16,17,2022
"A35..35",15,18,2022
"A35..35",5,19,2022
"A35..35",12,20,2022
"A35..35",10,21,2022
"A35..35",21,22,2022
"A35..35",12,23,2022
"A35..35",15,24,2022
"A35..35",14,25,2022
"A35..35",26,26,2022
"A35..35",20,27,2022
"A35..35",22,28,2022
"A35..35",15,29,2022
"A35..35",29,30,2022
"A35..35",24,31,2022
"A35..35",17,32,2022
"A35..35",24,33,2022
"A35..35",25,34,2022
"A35..35",30,35,2022
"A35..35",17,36,2022
"A35..35",29,37,2022
"A35..35",18,38,2022
"A35..35",15,39,2022
"A35..35",10,40,2022
"A35..35",21,41,2022
"A35..35",16,42,2022
"A35..35",16,43,2022
"A35..35",8,44,2022
"A35..35",11,45,2022
"A35..35",26,46,2022
"A35..35",16,47,2022
"A35..35",11,48,2022
"A35..35",12,49,2022
"A35..35",9,50,2022
"A35..35",3,51,2022
"A35..35",7,52,2022
"A36..36",9,1,2022
"A36..36",15,2,2022
"A36..36",8,3,2022
"A36..36",10,4,2022
"A36..36",15,5,2022
"A36..36",8,6,2022
"A36..36",14,7,2022
"A36..36",8,8,2022
"A36..36",8,9,2022
"A36..36",5,10,2022
"A36..36",7,11,2022
"A36..36",3,12,2022
"A36..36",14,13,2022
"A36..36",5,14,2022
"A36..36",9,15,2022
"A36..36",11,16,2022
"A36..36",18,17,2022
"A36..36",9,18,2022
"A36..36",9,19,2022
"A36..36",10,20,2022
"A36..36",11,21,2022
"A36..36",19,22,2022
"A36..36",17,23,2022
"A36..36",18,24,2022
"A36..36",17,25,2022
"A36..36",13,26,2022
"A36..36",16,27,2022
"A36..36",18,28,2022
"A36..36",24,29,2022
"A36..36",33,30,2022
"A36..36",22,31,2022
"A36..36",15,32,2022
"A36..36",18,33,2022
"A36..36",20,34,2022
"A36..36",12,35,2022
"A36..36",16,36,2022
"A36..36",17,37,2022
"A36..36",19,38,2022
"A36..36",15,39,2022
"A36..36",13,40,2022
"A36..36",12,41,2022
"A36..36",14,42,2022
"A36..36",16,43,2022
"A36..36",13,44,2022
"A36..36",16,45,2022
"A36..36",10,46,2022
"A36..36",13,47,2022
"A36..36",15,48,2022
"A36..36",9,49,2022
"A36..36",15,50,2022
"A36..36",6,51,2022
"A36..36",3,52,2022
"A37..37",5,1,2022
"A37..37",9,2,2022
"A37..37",12,3,2022
"A37..37",5,4,2022
"A37..37",11,5,2022
"A37..37",10,6,2022
"A37..37",12,7,2022
"A37..37",10,8,2022
"A37..37",6,9,2022
"A37..37",8,10,2022
"A37..37",7,11,2022
"A37..37",7,12,2022
"A37..37",8,13,2022
"A37..37",7,14,2022
"A37..37",10,15,2022
"A37..37",8,16,2022
"A37..37",15,17,2022
"A37..37",17,18,2022
"A37..37",8,19,2022
"A37..37",13,20,2022
"A37..37",10,21,2022
"A37..37",15,22,2022
"A37..37",8,23,2022
"A37..37",15,24,2022
"A37..37",21,25,2022
"A37..37",18,26,2022
"A37..37",27,27,2022
"A37..37",18,28,2022
"A37..37",17,29,2022
"A37..37",12,30,2022
"A37..37",28,31,2022
"A37..37",17,32,2022
"A37..37",13,33,2022
"A37..37",12,34,2022
"A37..37",16,35,2022
"A37..37",14,36,2022
"A37..37",11,37,2022
"A37..37",17,38,2022
"A37..37",14,39,2022
"A37..37",11,40,2022
"A37..37",18,41,2022
"A37..37",6,42,2022
"A37..37",8,43,2022
"A37..37",10,44,2022
"A37..37",21,45,2022
"A37..37",13,46,2022
"A37..37",16,47,2022
"A37..37",11,48,2022
"A37..37",10,49,2022
"A37..37",10,50,2022
"A37..37",9,51,2022
"A37..37",3,52,2022
"A38..38",6,1,2022
"A38..38",16,2,2022
"A38..38",9,3,2022
"A38..38",13,4,2022
"A38..38",15,5,2022
"A38..38",9,6,2022
"A38..38",8,7,2022
"A38..38",11,8,2022
"A38..38",3,9,2022
"A38..38",10,10,2022
"A38..38",7,11,2022
"A38..38",6,12,2022
"A38..38",9,13,2022
"A38..38",5,14,2022
"A38..38",7,15,2022
"A38..38",6,16,2022
"A38..38",8,17,2022
"A38..38",14,18,2022
"A38..38",12,19,2022
"A38..38",9,20,2022
"A38..38",10,21,2022
"A38..38",17,22,2022
"A38..38",10,23,2022
"A38..38",12,24,2022
"A38..38",19,25,2022
"A38..38",17,26,2022
"A38..38",19,27,2022
"A38..38",22,28,2022
"A38..38",22,29,2022
"A38..38",17,30,2022
"A38..38",16,31,2022
"A38..38",21,32,2022
"A38..38",18,33,2022
"A38..38",28,34,2022
"A38..38",17,35,2022
"A38..38",23,36,2022
"A38..38",14,37,2022
"A38..38",19,38,2022
"A38..38",15,39,2022
"A38..38",18,40,2022
"A38..38",12,41,2022
"A38..38",16,42,2022
"A38..38",15,43,2022
"A38..38",10,44,2022
"A38..38",12,45,2022
"A38..38",5,46,2022
"A38..38",12,47,2022
"A38..38",12,48,2022
"A38..38",13,49,2022
"A38..38",6,50,2022
"A38..38",6,51,2022
"A38..38",6,52,2022
"A39..39",8,1,2022
"A39..39",8,2,2022
"A39..39",12,3,2022
"A39..39",8,4,2022
"A39..39",7,5,2022
"A39..39",9,6,2022
"A39..39",8,7,2022
"A39..39",14,8,2022
"A39..39",13,9,2022
"A39..39",8,10,2022
"A39..39",4,11,2022
"A39..39",10,12,2022
"A39..39",8,13,2022
"A39..39",15,14,2022
"A39..39",9,15,2022
"A39..39",7,16,2022
"A39..39",5,17,2022
"A39..39",8,18,2022
"A39..39",9,19,2022
"A39..39",10,20,2022
"A39..39",13,21,2022
"A39..39",21,22,2022
"A39..39",11,23,2022
"A39..39",13,24,2022
"A39..39",20,25,2022
"A39..39",12,26,2022
"A39..39",14,27,2022
"A39..39",23,28,2022
"A39..39",15,29,2022
"A39..39",23,30,2022
"A39..39",22,31,2022
"A39..39",19,32,2022
"A39..39",17,33,2022
"A39..39",20,34,2022
"A39..39",19,35,2022
"A39..39",13,36,2022
"A39..39",22,37,2022
"A39..39",18,38,2022
"A39..39",14,39,2022
"A39..39",6,40,2022
"A39..39",10,41,2022
"A39..39",11,42,2022
"A39..39",12,43,2022
"A39..39",10,44,2022
"A39..39",18,45,2022
"A39..39",20,46,2022
"A39..39",16,47,2022
"A39..39",9,48,2022
"A39..39",7,49,2022
"A39..39",17,50,2022
"A39..39",7,51,2022
"A39..39",4,52,2022
"A40..40",10,1,2022
"A40..40",18,2,2022
"A40..40",5,3,2022
"A40..40",6,4,2022
"A40..40",7,5,2022
"A40..40",8,6,2022
"A40..40",16,7,2022
"A40..40",7,8,2022
"A40..40",15,9,2022
"A40..40",8,10,2022
"A40..40",7,11,2022
"A40..40",8,12,2022
"A40..40",5,13,2022
"A40..40",5,14,2022
"A40..40",10,15,2022
"A40..40",4,16,2022
"A40..40",11,17,2022
"A40..40",9,18,2022
"A40..40",9,19,2022
"A40..40",8,20,2022
"A40..40",9,21,2022
"A40..40",8,22,2022
"A40..40",17,23,2022
"A40..40",13,24,2022
"A40..40",24,25,2022
"A40..40",26,26,2022
"A40..40",19,27,2022
"A40..40",31,28,2022
"A40..40",22,29,2022
"A40..40",25,30,2022
"A40..40",19,31,2022
"A40..40",18,32,2022
"A40..40",19,33,2022
"A40..40",21,34,2022
"A40..40",20,35,2022
"A40..40",20,36,2022
"A40..40",19,37,2022
"A40..40",11,38,2022
"A40..40",9,39,2022
"A40..40",7,40,2022
"A40..40",6,41,2022
"A40..40",12,42,2022
"A40..40",14,43,2022
"A40..40",8,44,2022
"A40..40",11,45,2022
"A40..40",12,46,2022
"A40..40",10,47,2022
"A40..40",13,48,2022
"A40..40",6,49,2022
"A40..40",7,50,2022
"A40..40",7,51,2022
"A40..40",7,52,2022
"A41..41",5,1,2022
"A41..41",19,2,2022
"A41..41",18,3,2022
"A41..41",8,4,2022
"A41..41",10,5,2022
"A41..41",11,6,2022
"A41..41",13,7,2022
"A41..41",6,8,2022
"A41..41",9,9,2022
"A41..41",10,10,2022
"A41..41",12,11,2022
"A41..41",6,12,2022
"A41..41",6,13,2022
"A41..41",4,14,2022
"A41..41",5,15,2022
"A41..41",6,16,2022
"A41..41",11,17,2022
"A41..41",16,18,2022
"A41..41",9,19,2022
"A41..41",13,20,2022
"A41..41",14,21,2022
"A41..41",12,22,2022
"A41..41",16,23,2022
"A41..41",12,24,2022
"A41..41",17,25,2022
"A41..41",18,26,2022
"A41..41",26,27,2022
"A41..41",17,28,2022
"A41..41",18,29,2022
"A41..41",27,30,2022
"A41..41",21,31,2022
"A41..41",16,32,2022
"A41..41",20,33,2022
"A41..41",23,34,2022
"A41..41",27,35,2022
"A41..41",16,36,2022
"A41..41",17,37,2022
"A41..41",17,38,2022
"A41..41",11,39,2022
"A41..41",7,40,2022
"A41..41",14,41,2022
"A41..41",3,42,2022
"A41..41",10,43,2022
"A41..41",13,44,2022
"A41..41",9,45,2022
"A41..41",10,46,2022
"A41..41",8,47,2022
"A41..41",17,48,2022
"A41..41",6,49,2022
"A41..41",11,50,2022
"A41..41",9,51,2022
"A41..41",2,52,2022
"A42..42",14,1,2022
"A42..42",20,2,2022
"A42..42",11,3,2022
"A42..42",6,4,2022
"A42..42",9,5,2022
"A42..42",13,6,2022
"A42..42",10,7,2022
"A42..42",5,8,2022
"A42..42",15,9,2022
"A42..42",5,10,2022
"A42..42",6,11,2022
"A42..42",3,12,2022
"A42..42",3,13,2022
"A42..42",12,14,2022
"A42..42",6,15,2022
"A42..42",6,16,2022
"A42..42",8,17,2022
"A42..42",17,18,2022
"A42..42",7,19,2022
"A42..42",10,20,2022
"A42..42",5,21,2022
"A42..42",14,22,2022
"A42..42",9,23,2022
"A42..42",13,24,2022
"A42..42",19,25,2022
"A42..42",14,26,2022
"A42..42",20,27,2022
"A42..42",13,28,2022
"A42..42",15,29,2022
"A42..42",20,30,2022
"A42..42",18,31,2022
"A42..42",19,32,2022
"A42..42",21,33,2022
"A42..42",22,34,2022
"A42..42",26,35,2022
"A42..42",20,36,2022
"A42..42",10,37,2022
"A42..42",11,38,2022
"A42..42",14,39,2022
"A42..42",10,40,2022
"A42..42",11,41,2022
"A42..42",21,42,2022
"A42..42",16,43,2022
"A42..42",14,44,2022
"A42..42",16,45,2022
"A42..42",14,46,2022
"A42..42",12,47,2022
"A42..42",11,48,2022
"A42..42",13,49,2022
"A42..42",8,50,2022
"A42..42",7,51,2022
"A42..42",3,52,2022
"A43..43",9,1,2022
"A43..43",16,2,2022
"A43..43",9,3,2022
"A43..43",6,4,2022
"A43..43",9,5,2022
"A43..43",5,6,2022
"A43..43",6,7,2022
"A43..43",6,8,2022
"A43..43",11,9,2022
"A43..43",8,10,2022
"A43..43",4,11,2022
"A43..43",13,12,2022
"A43..43",6,13,2022
"A43..43",9,14,2022
"A43..43",10,15,2022
"A43..43",4,16,2022
"A43..43",10,17,2022
"A43..43",6,18,2022
"A43..43",8,19,2022
"A43..43",10,20,2022
"A43..43",13,21,2022
"A43..43",9,22,2022
"A43..43",16,23,2022
"A43..43",11,24,2022
"A43..43",19,25,2022
"A43..43",16,26,2022
"A43..43",15,27,2022
"A43..43",17,28,2022
"A43..43",8,29,2022
"A43..43",21,30,2022
"A43..43",24,31,2022
"A43..43",15,32,2022
"A43..43",15,33,2022
"A43..43",19,34,2022
"A43..43",12,35,2022
"A43..43",27,36,2022
"A43..43",16,37,2022
"A43..43",23,38,2022
"A43..43",19,39,2022
"A43..43",12,40,2022
"A43..43",10,41,2022
"A43..43",12,42,2022
"A43..43",8,43,2022
"A43..43",12,44,2022
"A43..43",11,45,2022
"A43..43",7,46,2022
"A43..43",7,47,2022
"A43..43",17,48,2022
"A43..43",7,49,2022
"A43..43",9,50,2022
"A43..43",4,51,2022
"A43..43",3,52,2022
"A44..44",11,1,2022
"A44..44",11,2,2022
"A44..44",10,3,2022
"A44..44",9,4,2022
"A44..44",7,5,2022
"A44..44",10,6,2022
"A44..44",6,7,2022
"A44..44",5,8,2022
"A44..44",9,9,2022
"A44..44",6,10,2022
"A44..44",11,11,2022
"A44..44",8,12,2022
"A44..44",7,13,2022
"A44..44",5,14,2022
"A44..44",7,15,2022
"A44..44",4,16,2022
"A44..44",10,17,2022
"A44..44",9,18,2022
"A44..44",10,19,2022
"A44..44",7,20,2022
"A44..44",6,21,2022
"A44..44",15,22,2022
"A44..44",6,23,2022
"A44..44",15,24,2022
"A44..44",23,25,2022
"A44..44",17,26,2022
"A44..44",10,27,2022
"A44..44",18,28,2022
"A44..44",17,29,2022
"A44..44",24,30,2022
"A44..44",19,31,2022
"A44..44",21,32,2022
"A44..44",10,33,2022
"A44..44",14,34,2022
"A44..44",12,35,2022
"A44..44",23,36,2022
"A44..44",12,37,2022
"A44..44",23,38,2022
"A44..44",12,39,2022
"A44..44",10,40,2022
"A44..44",18,41,2022
"A44..44",7,42,2022
"A44..44",14,43,2022
"A44..44",12,44,2022
"A44..44",18,45,2022
"A44..44",15,46,2022
"A44..44",6,47,2022
"A44..44",10,48,2022
"A44..44",12,49,2022
"A44..44",9,50,2022
"A44..44",5,51,2022
"A44..44",3,52,2022
"A45..45",8,1,2022
"A45..45",18,2,2022
"A45..45",9,3,2022
"A45..45",7,4,2022
"A45..45",4,5,2022
"A45..45",14,6,2022
"A45..45",15,7,2022
"A45..45",11,8,2022
"A45..45",16,9,2022
"A45..45",6,10,2022
"A45..45",5,11,2022
"A45..45",7,12,2022
"A45..45",12,13,2022
"A45..45",2,14,2022
"A45..45",4,15,2022
"A45..45",3,16,2022
"A45..45",9,17,2022
"A45..45",4,18,2022
"A45..45",10,19,2022
"A45..45",9,20,2022
"A45..45",9,21,2022
"A45..45",9,22,2022
"A45..45",9,23,2022
"A45..45",18,24,2022
"A45..45",10,25,2022
"A45..45",23,26,2022
"A45..45",11,27,2022
"A45..45",20,28,2022
"A45..45",12,29,2022
"A45..45",13,30,2022
"A45..45",33,31,2022
"A45..45",18,32,2022
"A45..45",11,33,2022
"A45..45",18,34,2022
"A45..45",19,35,2022
"A45..45",17,36,2022
"A45..45",19,37,2022
"A45..45",11,38,2022
"A45..45",12,39,2022
"A45..45",9,40,2022
"A45..45",10,41,2022
"A45..45",8,42,2022
"A45..45",12,43,2022
"A45..45",6,44,2022
"A45..45",15,45,2022
"A45..45",14,46,2022
"A45..45",12,47,2022
"A45..45",9,48,2022
"A45..45",6,49,2022
"A45..45",7,50,2022
"A45..45",7,51,2022
"A45..45",6,52,2022
"A46..46",8,1,2022
"A46..46",11,2,2022
"A46..46",14,3,2022
"A46..46",13,4,2022
"A46..46",8,5,2022
"A46..46",6,6,2022
"A46..46",11,7,2022
"A46..46",13,8,2022
"A46..46",8,9,2022
"A46..46",5,10,2022
"A46..46",7,11,2022
"A46..46",5,12,2022
"A46..46",10,13,2022
"A46..46",5,14,2022
"A46..46",3,15,2022
"A46..46",3,16,2022
"A46..46",7,17,2022
"A46..46",13,18,2022
"A46..46",11,19,2022
"A46..46",7,20,2022
"A46..46",11,21,2022
"A46..46",9,22,2022
"A46..46",6,23,2022
"A46..46",15,24,2022
"A46..46",18,25,2022
"A46..46",20,26,2022
"A46..46",21,27,2022
"A46..46",17,28,2022
"A46..46",17,29,2022
"A46..46",19,30,2022
"A46..46",13,31,2022
"A46..46",27,32,2022
"A46..46",18,33,2022
"A46..46",15,34,2022
"A46..46",22,35,2022
"A46..46",22,36,2022
"A46..46",13,37,2022
"A46..46",10,38,2022
"A46..46",14,39,2022
"A46..46",5,40,2022
"A46..46",10,41,2022
"A46..46",10,42,2022
"A46..46",16,43,2022
"A46..46",9,44,2022
"A46..46",9,45,2022
"A46..46",8,46,2022
"A46..46",13,47,2022
"A46..46",6,48,2022
"A46..46",11,49,2022
"A46..46",7,50,2022
"A46..46",5,51,2022
"A46..46",4,52,2022
"A47..47",9,1,2022
"A47..47",10,2,2022
"A47..47",14,3,2022
"A47..47",12,4,2022
"A47..47",9,5,2022
"A47..47",9,6,2022
"A47..47",8,7,2022
"A47..47",7,8,2022
"A47..47",13,9,2022
"A47..47",10,10,2022
"A47..47",4,11,2022
"A47..47",9,12,2022
"A47..47",3,13,2022
"A47..47",1,14,2022
"A47..47",10,15,2022
"A47..47",8,16,2022
"A47..47",10,17,2022
"A47..47",9,18,2022
"A47..47",11,19,2022
"A47..47",10,20,2022
"A47..47",11,21,2022
"A47..47",9,22,2022
"A47..47",13,23,2022
"A47..47",14,24,2022
"A47..47",11,25,2022
"A47..47",18,26,2022
"A47..47",17,27,2022
"A47..47",16,28,2022
"A47..47",16,29,2022
"A47..47",24,30,2022
"A47..47",20,31,2022
"A47..47",14,32,2022
"A47..47",15,33,2022
"A47..47",15,34,2022
"A47..47",18,35,2022
"A47..47",14,36,2022
"A47..47",20,37,2022
"A47..47",11,38,2022
"A47..47",10,39,2022
"A47..47",9,40,2022
"A47..47",13,41,2022
"A47..47",16,42,2022
"A47..47",13,43,2022
"A47..47",11,44,2022
"A47..47",12,45,2022
"A47..47",10,46,2022
"A47..47",7,47,2022
"A47..47",9,48,2022
"A47..47",9,49,2022
"A47..47",10,50,2022
"A47..47",8,51,2022
"A47..47",1,52,2022
"A48..48",13,1,2022
"A48..48",12,2,2022
"A48..48",8,3,2022
"A48..48",12,4,2022
"A48..48",13,5,2022
"A48..48",8,6,2022
"A48..48",6,7,2022
"A48..48",11,8,2022
"A48..48",12,9,2022
"A48..48",7,10,2022
"A48..48",5,11,2022
"A48..48",8,12,2022
"A48..48",11,13,2022
"A48..48",10,14,2022
"A48..48",7,15,2022
"A48..48",4,16,2022
"A48..48",9,17,2022
"A48..48",16,18,2022
"A48..48",15,19,2022
"A48..48",10,20,2022
"A48..48",12,21,2022
"A48..48",14,22,2022
"A48..48",13,23,2022
"A48..48",17,24,2022
"A48..48",10,25,2022
"A48..48",14,26,2022
"A48..48",19,27,2022
"A48..48",19,28,2022
"A48..48",14,29,2022
"A48..48",19,30,2022
"A48..48",18,31,2022
"A48..48",26,32,2022
"A48..48",18,33,2022
"A48..48",12,34,2022
"A48..48",20,35,2022
"A48..48",14,36,2022
"A48..48",19,37,2022
"A48..48",13,38,2022
"A48..48",12,39,2022
"A48..48",13,40,2022
"A48..48",13,41,2022
"A48..48",13,42,2022
"A48..48",12,43,2022
"A48..48",10,44,2022
"A48..48",11,45,2022
"A48..48",12,46,2022
"A48..48",13,47,2022
"A48..48",12,48,2022
"A48..48",10,49,2022
"A48..48",10,50,2022
"A48..48",7,51,2022
"A48..48",6,52,2022
"A49..49",17,1,2022
"A49..49",15,2,2022
"A49..49",13,3,2022
"A49..49",9,4,2022
"A49..49",11,5,2022
"A49..49",2,6,2022
"A49..49",10,7,2022
"A49..49",9,8,2022
"A49..49",11,9,2022
"A49..49",8,10,2022
"A49..49",8,11,2022
"A49..49",8,12,2022
"A49..49",2,13,2022
"A49..49",7,14,2022
"A49..49",5,15,2022
"A49..49",3,16,2022
"A49..49",11,17,2022
"A49..49",11,18,2022
"A49..49",16,19,2022
"A49..49",14,20,2022
"A49..49",9,21,2022
"A49..49",13,22,2022
"A49..49",18,23,2022
"A49..49",14,24,2022
"A49..49",23,25,2022
"A49..49",20,26,2022
"A49..49",11,27,2022
"A49..49",17,28,2022
"A49..49",18,29,2022
"A49..49",19,30,2022
"A49..49",18,31,2022
"A49..49",23,32,2022
"A49..49",17,33,2022
"A49..49",15,34,2022
"A49..49",19,35,2022
"A49..49",17,36,2022
"A49..49",15,37,2022
"A49..49",23,38,2022
"A49..49",14,39,2022
"A49..49",4,40,2022
"A49..49",13,41,2022
"A49..49",6,42,2022
"A49..49",11,43,2022
"A49..49",8,44,2022
"A49..49",8,45,2022
"A49..49",10,46,2022
"A49..49",8,47,2022
"A49..49",10,48,2022
"A49..49",10,49,2022
"A49..49",8,50,2022
"A49..49",7,51,2022
"A49..49",1,52,2022
"A50..50",9,1,2022
"A50..50",13,2,2022
"A50..50",7,3,2022
"A50..50",14,4,2022
"A50..50",9,5,2022
"A50..50",10,6,2022
"A50..50",13,7,2022
"A50..50",10,8,2022
"A50..50",10,9,2022
"A50..50",12,10,2022
"A50..50",12,11,2022
"A50..50",4,12,2022
"A50..50",9,13,2022
"A50..50",11,14,2022
"A50..50",8,15,2022
"A50..50",11,16,2022
"A50..50",15,17,2022
"A50..50",11,18,2022
"A50..50",13,19,2022
"A50..50",12,20,2022
"A50..50",13,21,2022
"A50..50",11,22,2022
"A50..50",17,23,2022
"A50..50",13,24,2022
"A50..50",11,25,2022
"A50..50",23,26,2022
"A50..50",17,27,2022
"A50..50",31,28,2022
"A50..50",19,29,2022
"A50..50",20,30,2022
"A50..50",22,31,2022
"A50..50",22,32,2022
"A50..50",19,33,2022
"A50..50",18,34,2022
"A50..50",19,35,2022
"A50..50",27,36,2022
"A50..50",23,37,2022
"A50..50",17,38,2022
"A50..50",14,39,2022
"A50..50",11,40,2022
"A50..50",20,41,2022
"A50..50",13,42,2022
"A50..50",6,43,2022
"A50..50",10,44,2022
"A50..50",10,45,2022
"A50..50",16,46,2022
"A50..50",9,47,2022
"A50..50",9,48,2022
"A50..50",9,49,2022
"A50..50",8,50,2022
"A50..50",7,51,2022
"A50..50",5,52,2022
"A51..51",16,1,2022
"A51..51",14,2,2022
"A51..51",13,3,2022
"A51..51",13,4,2022
"A51..51",12,5,2022
"A51..51",8,6,2022
"A51..51",13,7,2022
"A51..51",8,8,2022
"A51..51",8,9,2022
"A51..51",8,10,2022
"A51..51",9,11,2022
"A51..51",16,12,2022
"A51..51",11,13,2022
"A51..51",8,14,2022
"A51..51",5,15,2022
"A51..51",8,16,2022
"A51..51",13,17,2022
"A51..51",18,18,2022
"A51..51",9,19,2022
"A51..51",8,20,2022
"A51..51",10,21,2022
"A51..51",15,22,2022
"A51..51",14,23,2022
"A51..51",16,24,2022
"A51..51",22,25,2022
"A51..51",26,26,2022
"A51..51",25,27,2022
"A51..51",20,28,2022
"A51..51",27,29,2022
"A51..51",29,30,2022
"A51..51",29,31,2022
"A51..51",20,32,2022
"A51..51",13,33,2022
"A51..51",25,34,2022
"A51..51",23,35,2022
"A51..51",19,36,2022
"A51..51",20,37,2022
"A51..51",18,38,2022
"A51..51",14,39,2022
"A51..51",14,40,2022
"A51..51",18,41,2022
"A51..51",13,42,2022
"A51..51",13,43,2022
"A51..51",18,44,2022
"A51..51",20,45,2022
"A51..51",14,46,2022
"A51..51",10,47,2022
"A51..51",14,48,2022
"A51..51",16,49,2022
"A51..51",15,50,2022
"A51..51",7,51,2022
"A51..51",6,52,2022
"A52..52",15,1,2022
"A52..52",17,2,2022
"A52..52",18,3,2022
"A52..52",10,4,2022
"A52..52",14,5,2022
"A52..52",21,6,2022
"A52..52",12,7,2022
"A52..52",15,8,2022
"A52..52",12,9,2022
"A52..52",13,10,2022
"A52..52",14,11,2022
"A52..52",8,12,2022
"A52..52",11,13,2022
"A52..52",7,14,2022
"A52..52",3,15,2022
"A52..52",8,16,2022
"A52..52",13,17,2022
"A52..52",11,18,2022
"A52..52",16,19,2022
"A52..52",11,20,2022
"A52..52",16,21,2022
"A52..52",14,22,2022
"A52..52",23,23,2022
"A52..52",18,24,2022
"A52..52",24,25,2022
"A52..52",21,26,2022
"A52..52",18,27,2022
"A52..52",24,28,2022
"A52..52",19,29,2022
"A52..52",26,30,2022
"A52..52",26,31,2022
"A52..52",26,32,2022
"A52..52",20,33,2022
"A52..52",18,34,2022
"A52..52",18,35,2022
"A52..52",21,36,2022
"A52..52",20,37,2022
"A52..52",12,38,2022
"A52..52",14,39,2022
"A52..52",15,40,2022
"A52..52",15,41,2022
"A52..52",10,42,2022
"A52..52",8,43,2022
"A52..52",13,44,2022
"A52..52",16,45,2022
"A52..52",13,46,2022
"A52..52",13,47,2022
"A52..52",18,48,2022
"A52..52",11,49,2022
"A52..52",20,50,2022
"A52..52",8,51,2022
"A52..52",4,52,2022
"A53..53",13,1,2022
"A53..53",24,2,2022
"A53..53",17,3,2022
"A53..53",14,4,2022
"A53..53",21,5,2022
"A53..53",14,6,2022
"A53..53",13,7,2022
"A53..53",14,8,2022
"A53..53",12,9,2022
"A53..53",8,10,2022
"A53..53",5,11,2022
"A53..53",10,12,2022
"A53..53",16,13,2022
"A53..53",12,14,2022
"A53..53",7,15,2022
"A53..53",5,16,2022
"A53..53",14,17,2022
"A53..53",9,18,2022
"A53..53",9,19,2022
"A53..53",17,20,2022
"A53..53",14,21,2022
"A53..53",12,22,2022
"A53..53",17,23,2022
"A53..53",17,24,2022
"A53..53",23,25,2022
"A53..53",22,26,2022
"A53..53",27,27,2022
"A53..53",20,28,2022
"A53..53",19,29,2022
"A53..53",36,30,2022
"A53..53",25,31,2022
"A53..53",25,32,2022
"A53..53",20,33,2022
"A53..53",30,34,2022
"A53..53",25,35,2022
"A53..53",26,36,2022
"A53..53",21,37,2022
"A53..53",27,38,2022
"A53..53",16,39,2022
"A53..53",15,40,2022
"A53..53",15,41,2022
"A53..53",19,42,2022
"A53..53",15,43,2022
"A53..53",16,44,2022
"A53..53",12,45,2022
"A53..53",17,46,2022
"A53..53",15,47,2022
"A53..53",20,48,2022
"A53..53",18,49,2022
"A53..53",5,50,2022
"A53..53",9,51,2022
"A53..53",5,52,2022
"A54..54",16,1,2022
"A54..54",26,2,2022
"A54..54",12,3,2022
"A54..54",11,4,2022
"A54..54",11,5,2022
"A54..54",11,6,2022
"A54..54",19,7,2022
"A54..54",11,8,2022
"A54..54",9,9,2022
"A54..54",16,10,2022
"A54..54",12,11,2022
"A54..54",14,12,2022
"A54..54",14,13,2022
"A54..54",15,14,2022
"A54..54",13,15,2022
"A54..54",11,16,2022
"A54..54",15,17,2022
"A54..54",20,18,2022
"A54..54",19,19,2022
"A54..54",23,20,2022
"A54..54",13,21,2022
"A54..54",19,22,2022
"A54..54",18,23,2022
"A54..54",28,24,2022
"A54..54",32,25,2022
"A54..54",30,26,2022
"A54..54",44,27,2022
"A54..54",37,28,2022
"A54..54",20,29,2022
"A54..54",35,30,2022
"A54..54",33,31,2022
"A54..54",29,32,2022
"A54..54",22,33,2022
"A54..54",27,34,2022
"A54..54",23,35,2022
"A54..54",24,36,2022
"A54..54",14,37,2022
"A54..54",18,38,2022
"A54..54",21,39,2022
"A54..54",17,40,2022
"A54..54",13,41,2022
"A54..54",11,42,2022
"A54..54",14,43,2022
"A54..54",10,44,2022
"A54..54",13,45,2022
"A54..54",25,46,2022
"A54..54",15,47,2022
"A54..54",17,48,2022
"A54..54",16,49,2022
"A54..54",11,50,2022
"A54..54",17,51,2022
"A54..54",10,52,2022
"A55..55",21,1,2022
"A55..55",28,2,2022
"A55..55",18,3,2022
"A55..55",20,4,2022
"A55..55",11,5,2022
"A55..55",17,6,2022
"A55..55",17,7,2022
"A55..55",18,8,2022
"A55..55",10,9,2022
"A55..55",10,10,2022
"A55..55",12,11,2022
"A55..55",8,12,2022
"A55..55",8,13,2022
"A55..55",12,14,2022
"A55..55",10,15,2022
"A55..55",9,16,2022
"A55..55",9,17,2022
"A55..55",11,18,2022
"A55..55",16,19,2022
"A55..55",24,20,2022
"A55..55",8,21,2022
"A55..55",16,22,2022
"A55..55",19,23,2022
"A55..55",18,24,2022
"A55..55",24,25,2022
"A55..55",26,26,2022
"A55..55",37,27,2022
"A55..55",31,28,2022
"A55..55",22,29,2022
"A55..55",38,30,2022
"A55..55",35,31,2022
"A55..55",31,32,2022
"A55..55",25,33,2022
"A55..55",31,34,2022
"A55..55",24,35,2022
"A55..55",33,36,2022
"A55..55",23,37,2022
"A55..55",22,38,2022
"A55..55",17,39,2022
"A55..55",16,40,2022
"A55..55",24,41,2022
"A55..55",16,42,2022
"A55..55",17,43,2022
"A55..55",13,44,2022
"A55..55",18,45,2022
"A55..55",21,46,2022
"A55..55",11,47,2022
"A55..55",18,48,2022
"A55..55",22,49,2022
"A55..55",14,50,2022
"A55..55",15,51,2022
"A55..55",8,52,2022
"A56..56",16,1,2022
"A56..56",24,2,2022
"A56..56",13,3,2022
"A56..56",15,4,2022
"A56..56",8,5,2022
"A56..56",14,6,2022
"A56..56",6,7,2022
"A56..56",13,8,2022
"A56..56",16,9,2022
"A56..56",13,10,2022
"A56..56",11,11,2022
"A56..56",19,12,2022
"A56..56",8,13,2022
"A56..56",14,14,2022
"A56..56",5,15,2022
"A56..56",16,16,2022
"A56..56",16,17,2022
"A56..56",15,18,2022
"A56..56",9,19,2022
"A56..56",21,20,2022
"A56..56",12,21,2022
"A56..56",23,22,2022
"A56..56",15,23,2022
"A56..56",19,24,2022
"A56..56",21,25,2022
"A56..56",32,26,2022
"A56..56",25,27,2022
"A56..56",29,28,2022
"A56..56",18,29,2022
"A56..56",34,30,2022
"A56..56",25,31,2022
"A56..56",31,32,2022
"A56..56",31,33,2022
"A56..56",24,34,2022
"A56..56",29,35,2022
"A56..56",29,36,2022
"A56..56",21,37,2022
"A56..56",26,38,2022
"A56..56",14,39,2022
"A56..56",9,40,2022
"A56..56",20,41,2022
"A56..56",19,42,2022
"A56..56",13,43,2022
"A56..56",17,44,2022
"A56..56",29,45,2022
"A56..56",24,46,2022
"A56..56",16,47,2022
"A56..56",11,48,2022
"A56..56",11,49,2022
"A56..56",15,50,2022
"A56..56",13,51,2022
"A56..56",7,52,2022
"A57..57",11,1,2022
"A57..57",29,2,2022
"A57..57",15,3,2022
"A57..57",11,4,2022
"A57..57",12,5,2022
"A57..57",12,6,2022
"A57..57",22,7,2022
"A57..57",10,8,2022
"A57..57",12,9,2022
"A57..57",8,10,2022
"A57..57",12,11,2022
"A57..57",10,12,2022
"A57..57",15,13,2022
"A57..57",11,14,2022
"A57..57",14,15,2022
"A57..57",14,16,2022
"A57..57",17,17,2022
"A57..57",21,18,2022
"A57..57",10,19,2022
"A57..57",14,20,2022
"A57..57",10,21,2022
"A57..57",10,22,2022
"A57..57",16,23,2022
"A57..57",19,24,2022
"A57..57",30,25,2022
"A57..57",24,26,2022
"A57..57",32,27,2022
"A57..57",40,28,2022
"A57..57",29,29,2022
"A57..57",39,30,2022
"A57..57",29,31,2022
"A57..57",16,32,2022
"A57..57",23,33,2022
"A57..57",21,34,2022
"A57..57",28,35,2022
"A57..57",26,36,2022
"A57..57",30,37,2022
"A57..57",20,38,2022
"A57..57",20,39,2022
"A57..57",14,40,2022
"A57..57",20,41,2022
"A57..57",10,42,2022
"A57..57",16,43,2022
"A57..57",13,44,2022
"A57..57",20,45,2022
"A57..57",24,46,2022
"A57..57",19,47,2022
"A57..57",15,48,2022
"A57..57",19,49,2022
"A57..57",10,50,2022
"A57..57",6,51,2022
"A57..57",6,52,2022
"A58..58",23,1,2022
"A58..58",22,2,2022
"A58..58",14,3,2022
"A58..58",13,4,2022
"A58..58",12,5,2022
"A58..58",13,6,2022
"A58..58",15,7,2022
"A58..58",15,8,2022
"A58..58",11,9,2022
"A58..58",10,10,2022
"A58..58",16,11,2022
"A58..58",22,12,2022
"A58..58",11,13,2022
"A58..58",9,14,2022
"A58..58",12,15,2022
"A58..58",10,16,2022
"A58..58",19,17,2022
"A58..58",9,18,2022
"A58..58",11,19,2022
"A58..58",12,20,2022
"A58..58",14,21,2022
"A58..58",20,22,2022
"A58..58",15,23,2022
"A58..58",24,24,2022
"A58..58",27,25,2022
"A58..58",23,26,2022
"A58..58",19,27,2022
"A58..58",28,28,2022
"A58..58",27,29,2022
"A58..58",21,30,2022
"A58..58",30,31,2022
"A58..58",23,32,2022
"A58..58",21,33,2022
"A58..58",25,34,2022
"A58..58",23,35,2022
"A58..58",21,36,2022
"A58..58",24,37,2022
"A58..58",36,38,2022
"A58..58",17,39,2022
"A58..58",22,40,2022
"A58..58",22,41,2022
"A58..58",22,42,2022
"A58..58",25,43,2022
"A58..58",17,44,2022
"A58..58",19,45,2022
"A58..58",17,46,2022
"A58..58",15,47,2022
"A58..58",15,48,2022
"A58..58",14,49,2022
"A58..58",18,50,2022
"A58..58",11,51,2022
"A58..58",12,52,2022
"A59..59",22,1,2022
"A59..59",25,2,2022
"A59..59",11,3,2022
"A59..59",8,4,2022
"A59..59",19,5,2022
"A59..59",7,6,2022
"A59..59",18,7,2022
"A59..59",13,8,2022
"A59..59",14,9,2022
"A59..59",11,10,2022
"A59..59",13,11,2022
"A59..59",4,12,2022
"A59..59",8,13,2022
"A59..59",18,14,2022
"A59..59",11,15,2022
"A59..59",16,16,2022
"A59..59",11,17,2022
"A59..59",9,18,2022
"A59..59",15,19,2022
"A59..59",17,20,2022
"A59..59",17,21,2022
"A59..59",16,22,2022
"A59..59",13,23,2022
"A59..59",16,24,2022
"A59..59",23,25,2022
"A59..59",36,26,2022
"A59..59",18,27,2022
"A59..59",24,28,2022
"A59..59",22,29,2022
"A59..59",28,30,2022
"A59..59",34,31,2022
"A59..59",28,32,2022
"A59..59",22,33,2022
"A59..59",23,34,2022
"A59..59",21,35,2022
"A59..59",27,36,2022
"A59..59",25,37,2022
"A59..59",16,38,2022
"A59..59",23,39,2022
"A59..59",12,40,2022
"A59..59",16,41,2022
"A59..59",20,42,2022
"A59..59",20,43,2022
"A59..59",10,44,2022
"A59..59",18,45,2022
"A59..59",19,46,2022
"A59..59",12,47,2022
"A59..59",9,48,2022
"A59..59",9,49,2022
"A59..59",22,50,2022
"A59..59",7,51,2022
"A59..59",4,52,2022
"A60..60",15,1,2022
"A60..60",21,2,2022
"A60..60",18,3,2022
"A60..60",19,4,2022
"A60..60",18,5,2022
"A60..60",11,6,2022
"A60..60",9,7,2022
"A60..60",15,8,2022
"A60..60",8,9,2022
"A60..60",11,10,2022
"A60..60",7,11,2022
"A60..60",9,12,2022
"A60..60",5,13,2022
"A60..60",14,14,2022
"A60..60",12,15,2022
"A60..60",5,16,2022
"A60..60",13,17,2022
"A60..60",18,18,2022
"A60..60",11,19,2022
"A60..60",17,20,2022
"A60..60",22,21,2022
"A60..60",18,22,2022
"A60..60",24,23,2022
"A60..60",23,24,2022
"A60..60",34,25,2022
"A60..60",37,26,2022
"A60..60",29,27,2022
"A60..60",25,28,2022
"A60..60",18,29,2022
"A60..60",30,30,2022
"A60..60",18,31,2022
"A60..60",27,32,2022
"A60..60",21,33,2022
"A60..60",29,34,2022
"A60..60",26,35,2022
"A60..60",27,36,2022
"A60..60",24,37,2022
"A60..60",19,38,2022
"A60..60",15,39,2022
"A60..60",9,40,2022
"A60..60",21,41,2022
"A60..60",18,42,2022
"A60..60",21,43,2022
"A60..60",12,44,2022
"A60..60",26,45,2022
"A60..60",17,46,2022
"A60..60",14,47,2022
"A60..60",13,48,2022
"A60..60",16,49,2022
"A60..60",14,50,2022
"A60..60",13,51,2022
"A60..60",11,52,2022
"A61..61",12,1,2022
"A61..61",21,2,2022
"A61..61",8,3,2022
"A61..61",11,4,2022
"A61..61",14,5,2022
"A61..61",8,6,2022
"A61..61",13,7,2022
"A61..61",10,8,2022
"A61..61",11,9,2022
"A61..61",15,10,2022
"A61..61",9,11,2022
"A61..61",10,12,2022
"A61..61",14,13,2022
"A61..61",8,14,2022
"A61..61",7,15,2022
"A61..61",13,16,2022
"A61..61",12,17,2022
"A61..61",13,18,2022
"A61..61",14,19,2022
"A61..61",12,20,2022
"A61..61",8,21,2022
"A61..61",22,22,2022
"A61..61",12,23,2022
"A61..61",21,24,2022
"A61..61",25,25,2022
"A61..61",23,26,2022
"A61..61",33,27,2022
"A61..61",25,28,2022
"A61..61",16,29,2022
"A61..61",33,30,2022
"A61..61",24,31,2022
"A61..61",31,32,2022
"A61..61",27,33,2022
"A61..61",32,34,2022
"A61..61",20,35,2022
"A61..61",21,36,2022
"A61..61",19,37,2022
"A61..61",25,38,2022
"A61..61",17,39,2022
"A61..61",16,40,2022
"A61..61",14,41,2022
"A61..61",15,42,2022
"A61..61",16,43,2022
"A61..61",12,44,2022
"A61..61",19,45,2022
"A61..61",18,46,2022
"A61..61",19,47,2022
"A61..61",14,48,2022
"A61..61",16,49,2022
"A61..61",6,50,2022
"A61..61",6,51,2022
"A61..61",7,52,2022
"A62..62",12,1,2022
"A62..62",15,2,2022
"A62..62",20,3,2022
"A62..62",10,4,2022
"A62..62",4,5,2022
"A62..62",6,6,2022
"A62..62",16,7,2022
"A62..62",14,8,2022
"A62..62",8,9,2022
"A62..62",11,10,2022
"A62..62",14,11,2022
"A62..62",15,12,2022
"A62..62",8,13,2022
"A62..62",10,14,2022
"A62..62",6,15,2022
"A62..62",6,16,2022
"A62..62",8,17,2022
"A62..62",10,18,2022
"A62..62",19,19,2022
"A62..62",15,20,2022
"A62..62",12,21,2022
"A62..62",14,22,2022
"A62..62",13,23,2022
"A62..62",18,24,2022
"A62..62",22,25,2022
"A62..62",24,26,2022
"A62..62",24,27,2022
"A62..62",33,28,2022
"A62..62",21,29,2022
"A62..62",23,30,2022
"A62..62",33,31,2022
"A62..62",31,32,2022
"A62..62",22,33,2022
"A62..62",18,34,2022
"A62..62",33,35,2022
"A62..62",23,36,2022
"A62..62",23,37,2022
"A62..62",23,38,2022
"A62..62",12,39,2022
"A62..62",18,40,2022
"A62..62",24,41,2022
"A62..62",18,42,2022
"A62..62",15,43,2022
"A62..62",14,44,2022
"A62..62",19,45,2022
"A62..62",12,46,2022
"A62..62",12,47,2022
"A62..62",14,48,2022
"A62..62",17,49,2022
"A62..62",16,50,2022
"A62..62",10,51,2022
"A62..62",3,52,2022
"A63..63",11,1,2022
"A63..63",24,2,2022
"A63..63",10,3,2022
"A63..63",13,4,2022
"A63..63",8,5,2022
"A63..63",8,6,2022
"A63..63",13,7,2022
"A63..63",6,8,2022
"A63..63",5,9,2022
"A63..63",8,10,2022
"A63..63",16,11,2022
"A63..63",13,12,2022
"A63..63",11,13,2022
"A63..63",7,14,2022
"A63..63",9,15,2022
"A63..63",7,16,2022
"A63..63",14,17,2022
"A63..63",7,18,2022
"A63..63",15,19,2022
"A63..63",12,20,2022
"A63..63",13,21,2022
"A63..63",13,22,2022
"A63..63",14,23,2022
"A63..63",16,24,2022
"A63..63",24,25,2022
"A63..63",25,26,2022
"A63..63",23,27,2022
"A63..63",25,28,2022
"A63..63",19,29,2022
"A63..63",25,30,2022
"A63..63",27,31,2022
"A63..63",20,32,2022
"A63..63",19,33,2022
"A63..63",20,34,2022
"A63..63",19,35,2022
"A63..63",18,36,2022
"A63..63",13,37,2022
"A63..63",23,38,2022
"A63..63",18,39,2022
"A63..63",13,40,2022
"A63..63",16,41,2022
"A63..63",17,42,2022
"A63..63",16,43,2022
"A63..63",13,44,2022
"A63..63",20,45,2022
"A63..63",8,46,2022
"A63..63",15,47,2022
"A63..63",9,48,2022
"A63..63",11,49,2022
"A63..63",9,50,2022
"A63..63",12,51,2022
"A63..63",8,52,2022
"A64..64",13,1,2022
"A64..64",19,2,2022
"A64..64",13,3,2022
"A64..64",5,4,2022
"A64..64",6,5,2022
"A64..64",8,6,2022
"A64..64",12,7,2022
"A64..64",2,8,2022
"A64..64",11,9,2022
"A64..64",4,10,2022
"A64..64",8,11,2022
"A64..64",5,12,2022
"A64..64",8,13,2022
"A64..64",11,14,2022
"A64..64",5,15,2022
"A64..64",5,16,2022
"A64..64",5,17,2022
"A64..64",9,18,2022
"A64..64",11,19,2022
"A64..64",13,20,2022
"A64..64",12,21,2022
"A64..64",22,22,2022
"A64..64",16,23,2022
"A64..64",21,24,2022
"A64..64",22,25,2022
"A64..64",17,26,2022
"A64..64",18,27,2022
"A64..64",23,28,2022
"A64..64",20,29,2022
"A64..64",17,30,2022
"A64..64",18,31,2022
"A64..64",21,32,2022
"A64..64",23,33,2022
"A64..64",15,34,2022
"A64..64",18,35,2022
"A64..64",16,36,2022
"A64..64",17,37,2022
"A64..64",19,38,2022
"A64..64",24,39,2022
"A64..64",9,40,2022
"A64..64",14,41,2022
"A64..64",12,42,2022
"A64..64",14,43,2022
"A64..64",13,44,2022
"A64..64",5,45,2022
"A64..64",18,46,2022
"A64..64",8,47,2022
"A64..64",17,48,2022
"A64..64",15,49,2022
"A64..64",15,50,2022
"A64..64",8,51,2022
"A64..64",6,52,2022
"A65..65",15,1,2022
"A65..65",14,2,2022
"A65..65",11,3,2022
"A65..65",8,4,2022
"A65..65",7,5,2022
"A65..65",13,6,2022
"A65..65",9,7,2022
"A65..65",9,8,2022
"A65..65",10,9,2022
"A65..65",5,10,2022
"A65..65",8,11,2022
"A65..65",11,12,2022
"A65..65",9,13,2022
"A65..65",11,14,2022
"A65..65",10,15,2022
"A65..65",10,16,2022
"A65..65",10,17,2022
"A65..65",7,18,2022
"A65..65",8,19,2022
"A65..65",10,20,2022
"A65..65",10,21,2022
"A65..65",15,22,2022
"A65..65",5,23,2022
"A65..65",17,24,2022
"A65..65",16,25,2022
"A65..65",24,26,2022
"A65..65",21,27,2022
"A65..65",21,28,2022
"A65..65",16,29,2022
"A65..65",22,30,2022
"A65..65",15,31,2022
"A65..65",17,32,2022
"A65..65",20,33,2022
"A65..65",12,34,2022
"A65..65",20,35,2022
"A65..65",13,36,2022
"A65..65",12,37,2022
"A65..65",12,38,2022
"A65..65",16,39,2022
"A65..65",7,40,2022
"A65..65",16,41,2022
"A65..65",10,42,2022
"A65..65",13,43,2022
"A65..65",10,44,2022
"A65..65",7,45,2022
"A65..65",6,46,2022
"A65..65",11,47,2022
"A65..65",15,48,2022
"A65..65",11,49,2022
"A65..65",7,50,2022
"A65..65",6,51,2022
"A65..65",7,52,2022
"A66..66",7,1,2022
"A66..66",14,2,2022
"A66..66",14,3,2022
"A66..66",13,4,2022
"A66..66",7,5,2022
"A66..66",9,6,2022
"A66..66",15,7,2022
"A66..66",5,8,2022
"A66..66",13,9,2022
"A66..66",7,10,2022
"A66..66",15,11,2022
"A66..66",9,12,2022
"A66..66",9,13,2022
"A66..66",8,14,2022
"A66..66",9,15,2022
"A66..66",4,16,2022
"A66..66",5,17,2022
"A66..66",5,18,2022
"A66..66",8,19,2022
"A66..66",17,20,2022
"A66..66",9,21,2022
"A66..66",14,22,2022
"A66..66",11,23,2022
"A66..66",15,24,2022
"A66..66",20,25,2022
"A66..66",13,26,2022
"A66..66",14,27,2022
"A66..66",16,28,2022
"A66..66",16,29,2022
"A66..66",13,30,2022
"A66..66",25,31,2022
"A66..66",12,32,2022
"A66..66",20,33,2022
"A66..66",13,34,2022
"A66..66",17,35,2022
"A66..66",19,36,2022
"A66..66",17,37,2022
"A66..66",15,38,2022
"A66..66",10,39,2022
"A66..66",6,40,2022
"A66..66",17,41,2022
"A66..66",24,42,2022
"A66..66",13,43,2022
"A66..66",9,44,2022
"A66..66",9,45,2022
"A66..66",11,46,2022
"A66..66",7,47,2022
"A66..66",10,48,2022
"A66..66",11,49,2022
"A66..66",16,50,2022
"A66..66",5,51,2022
"A66..66",10,52,2022
"A67..67",9,1,2022
"A67..67",13,2,2022
"A67..67",9,3,2022
"A67..67",6,4,2022
"A67..67",9,5,2022
"A67..67",6,6,2022
"A67..67",8,7,2022
"A67..67",9,8,2022
"A67..67",7,9,2022
"A67..67",6,10,2022
"A67..67",2,11,2022
"A67..67",12,12,2022
"A67..67",8,13,2022
"A67..67",9,14,2022
"A67..67",15,15,2022
"A67..67",9,16,2022
"A67..67",10,17,2022
"A67..67",8,18,2022
"A67..67",19,19,2022
"A67..67",6,20,2022
"A67..67",7,21,2022
"A67..67",11,22,2022
"A67..67",13,23,2022
"A67..67",11,24,2022
"A67..67",19,25,2022
"A67..67",18,26,2022
"A67..67",15,27,2022
"A67..67",17,28,2022
"A67..67",16,29,2022
"A67..67",14,30,2022
"A67..67",17,31,2022
"A67..67",21,32,2022
"A67..67",16,33,2022
"A67..67",18,34,2022
"A67..67",17,35,2022
"A67..67",25,36,2022
"A67..67",8,37,2022
"A67..67",18,38,2022
"A67..67",16,39,2022
"A67..67",8,40,2022
"A67..67",13,41,2022
"A67..67",11,42,2022
"A67..67",11,43,2022
"A67..67",4,44,2022
"A67..67",8,45,2022
"A67..67",11,46,2022
"A67..67",8,47,2022
"A67..67",8,48,2022
"A67..67",8,49,2022
"A67..67",12,50,2022
"A67..67",4,51,2022
"A67..67",5,52,2022
"A68..68",13,1,2022
"A68..68",10,2,2022
"A68..68",14,3,2022
"A68..68",9,4,2022
"A68..68",10,5,2022
"A68..68",5,6,2022
"A68..68",6,7,2022
"A68..68",5,8,2022
"A68..68",4,9,2022
"A68..68",5,10,2022
"A68..68",9,11,2022
"A68..68",9,12,2022
"A68..68",5,13,2022
"A68..68",6,14,2022
"A68..68",6,15,2022
"A68..68",11,16,2022
"A68..68",9,17,2022
"A68..68",5,18,2022
"A68..68",10,19,2022
"A68..68",5,20,2022
"A68..68",12,21,2022
"A68..68",13,22,2022
"A68..68",9,23,2022
"A68..68",17,24,2022
"A68..68",11,25,2022
"A68..68",21,26,2022
"A68..68",15,27,2022
"A68..68",20,28,2022
"A68..68",18,29,2022
"A68..68",25,30,2022
"A68..68",10,31,2022
"A68..68",17,32,2022
"A68..68",14,33,2022
"A68..68",20,34,2022
"A68..68",15,35,2022
"A68..68",14,36,2022
"A68..68",14,37,2022
"A68..68",7,38,2022
"A68..68",14,39,2022
"A68..68",13,40,2022
"A68..68",12,41,2022
"A68..68",16,42,2022
"A68..68",11,43,2022
"A68..68",14,44,2022
"A68..68",8,45,2022
"A68..68",13,46,2022
"A68..68",8,47,2022
"A68..68",12,48,2022
"A68..68",10,49,2022
"A68..68",12,50,2022
"A68..68",7,51,2022
"A68..68",5,52,2022
"A69..69",7,1,2022
"A69..69",12,2,2022
"A69..69",14,3,2022
"A69..69",8,4,2022
"A69..69",6,5,2022
"A69..69",8,6,2022
"A69..69",11,7,2022
"A69..69",5,8,2022
"A69..69",7,9,2022
"A69..69",5,10,2022
"A69..69",8,11,2022
"A69..69",8,12,2022
"A69..69",8,13,2022
"A69..69",8,14,2022
"A69..69",8,15,2022
"A69..69",7,16,2022
"A69..69",10,17,2022
"A69..69",7,18,2022
"A69..69",13,19,2022
"A69..69",7,20,2022
"A69..69",9,21,2022
"A69..69",14,22,2022
"A69..69",5,23,2022
"A69..69",13,24,2022
"A69..69",21,25,2022
"A69..69",12,26,2022
"A69..69",17,27,2022
"A69..69",15,28,2022
"A69..69",23,29,2022
"A69..69",18,30,2022
"A69..69",18,31,2022
"A69..69",30,32,2022
"A69..69",6,33,2022
"A69..69",12,34,2022
"A69..69",14,35,2022
"A69..69",18,36,2022
"A69..69",14,37,2022
"A69..69",10,38,2022
"A69..69",20,39,2022
"A69..69",12,40,2022
"A69..69",12,41,2022
"A69..69",8,42,2022
"A69..69",10,43,2022
"A69..69",5,44,2022
"A69..69",14,45,2022
"A69..69",7,46,2022
"A69..69",6,47,2022
"A69..69",14,48,2022
"A69..69",8,49,2022
"A69..69",9,50,2022
"A69..69",5,51,2022
"A69..69",9,52,2022
"A70..70",7,1,2022
"A70..70",16,2,2022
"A70..70",14,3,2022
"A70..70",4,4,2022
"A70..70",5,5,2022
"A70..70",5,6,2022
"A70..70",12,7,2022
"A70..70",2,8,2022
"A70..70",4,9,2022
"A70..70",8,10,2022
"A70..70",7,11,2022
"A70..70",3,12,2022
"A70..70",7,13,2022
"A70..70",7,14,2022
"A70..70",6,15,2022
"A70..70",5,16,2022
"A70..70",13,17,2022
"A70..70",13,18,2022
"A70..70",3,19,2022
"A70..70",5,20,2022
"A70..70",6,21,2022
"A70..70",10,22,2022
"A70..70",10,23,2022
"A70..70",14,24,2022
"A70..70",13,25,2022
"A70..70",12,26,2022
"A70..70",11,27,2022
"A70..70",17,28,2022
"A70..70",9,29,2022
"A70..70",17,30,2022
"A70..70",13,31,2022
"A70..70",15,32,2022
"A70..70",15,33,2022
"A70..70",10,34,2022
"A70..70",16,35,2022
"A70..70",14,36,2022
"A70..70",20,37,2022
"A70..70",11,38,2022
"A70..70",11,39,2022
"A70..70",12,40,2022
"A70..70",11,41,2022
"A70..70",10,42,2022
"A70..70",8,43,2022
"A70..70",5,44,2022
"A70..70",9,45,2022
"A70..70",16,46,2022
"A70..70",7,47,2022
"A70..70",11,48,2022
"A70..70",6,49,2022
"A70..70",6,50,2022
"A70..70",7,51,2022
"A70..70",4,52,2022
"A71..71",6,1,2022
"A71..71",8,2,2022
"A71..71",9,3,2022
"A71..71",9,4,2022
"A71..71",7,5,2022
"A71..71",6,6,2022
"A71..71",5,7,2022
"A71..71",10,8,2022
"A71..71",7,9,2022
"A71..71",9,10,2022
"A71..71",2,11,2022
"A71..71",10,12,2022
"A71..71",6,13,2022
"A71..71",6,14,2022
"A71..71",4,15,2022
"A71..71",4,16,2022
"A71..71",8,17,2022
"A71..71",9,18,2022
"A71..71",8,19,2022
"A71..71",5,20,2022
"A71..71",8,21,2022
"A71..71",12,22,2022
"A71..71",11,23,2022
"A71..71",11,24,2022
"A71..71",13,25,2022
"A71..71",17,26,2022
"A71..71",12,27,2022
"A71..71",18,28,2022
"A71..71",8,29,2022
"A71..71",19,30,2022
"A71..71",14,31,2022
"A71..71",14,32,2022
"A71..71",13,33,2022
"A71..71",15,34,2022
"A71..71",9,35,2022
"A71..71",15,36,2022
"A71..71",16,37,2022
"A71..71",15,38,2022
"A71..71",15,39,2022
"A71..71",15,40,2022
"A71..71",13,41,2022
"A71..71",12,42,2022
"A71..71",10,43,2022
"A71..71",10,44,2022
"A71..71",6,45,2022
"A71..71",8,46,2022
"A71..71",8,47,2022
"A71..71",10,48,2022
"A71..71",10,49,2022
"A71..71",6,50,2022
"A71..71",5,51,2022
"A71..71",7,52,2022
"A72..72",10,1,2022
"A72..72",12,2,2022
"A72..72",6,3,2022
"A72..72",12,4,2022
"A72..72",6,5,2022
"A72..72",12,6,2022
"A72..72",2,7,2022
"A72..72",6,8,2022
"A72..72",11,9,2022
"A72..72",3,10,2022
"A72..72",5,11,2022
"A72..72",10,12,2022
"A72..72",7,13,2022
"A72..72",4,14,2022
"A72..72",6,15,2022
"A72..72",5,16,2022
"A72..72",6,17,2022
"A72..72",5,18,2022
"A72..72",7,19,2022
"A72..72",16,20,2022
"A72..72",10,21,2022
"A72..72",13,22,2022
"A72..72",7,23,2022
"A72..72",14,24,2022
"A72..72",9,25,2022
"A72..72",13,26,2022
"A72..72",19,27,2022
"A72..72",14,28,2022
"A72..72",16,29,2022
"A72..72",14,30,2022
"A72..72",19,31,2022
"A72..72",21,32,2022
"A72..72",15,33,2022
"A72..72",11,34,2022
"A72..72",14,35,2022
"A72..72",11,36,2022
"A72..72",12,37,2022
"A72..72",7,38,2022
"A72..72",5,39,2022
"A72..72",3,40,2022
"A72..72",9,41,2022
"A72..72",8,42,2022
"A72..72",13,43,2022
"A72..72",6,44,2022
"A72..72",8,45,2022
"A72..72",8,46,2022
"A72..72",11,47,2022
"A72..72",12,48,2022
"A72..72",13,49,2022
"A72..72",6,50,2022
"A72..72",10,51,2022
"A72..72",3,52,2022
"A73..73",10,1,2022
"A73..73",8,2,2022
"A73..73",5,3,2022
"A73..73",9,4,2022
"A73..73",5,5,2022
"A73..73",4,6,2022
"A73..73",6,7,2022
"A73..73",3,8,2022
"A73..73",4,9,2022
"A73..73",7,10,2022
"A73..73",8,11,2022
"A73..73",6,12,2022
"A73..73",4,13,2022
"A73..73",5,14,2022
"A73..73",1,15,2022
"A73..73",10,16,2022
"A73..73",9,17,2022
"A73..73",9,18,2022
"A73..73",11,19,2022
"A73..73",4,20,2022
"A73..73",7,21,2022
"A73..73",11,22,2022
"A73..73",6,23,2022
"A73..73",6,24,2022
"A73..73",17,25,2022
"A73..73",13,26,2022
"A73..73",19,27,2022
"A73..73",16,28,2022
"A73..73",12,29,2022
"A73..73",12,30,2022
"A73..73",13,31,2022
"A73..73",14,32,2022
"A73..73",15,33,2022
"A73..73",12,34,2022
"A73..73",14,35,2022
"A73..73",12,36,2022
"A73..73",11,37,2022
"A73..73",9,38,2022
"A73..73",6,39,2022
"A73..73",14,40,2022
"A73..73",7,41,2022
"A73..73",12,42,2022
"A73..73",8,43,2022
"A73..73",8,44,2022
"A73..73",12,45,2022
"A73..73",13,46,2022
"A73..73",14,47,2022
"A73..73",11,48,2022
"A73..73",11,49,2022
"A73..73",8,50,2022
"A73..73",8,51,2022
"A73..73",2,52,2022
"A74..74",14,1,2022
"A74..74",8,2,2022
"A74..74",3,3,2022
"A74..74",6,4,2022
"A74..74",4,5,2022
"A74..74",6,6,2022
"A74..74",8,7,2022
"A74..74",6,8,2022
"A74..74",6,9,2022
"A74..74",7,10,2022
"A74..74",6,11,2022
"A74..74",5,12,2022
"A74..74",7,13,2022
"A74..74",3,14,2022
"A74..74",4,15,2022
"A74..74",4,16,2022
"A74..74",8,17,2022
"A74..74",6,18,2022
"A74..74",9,19,2022
"A74..74",8,20,2022
"A74..74",1,21,2022
"A74..74",9,22,2022
"A74..74",8,23,2022
"A74..74",16,24,2022
"A74..74",4,25,2022
"A74..74",8,26,2022
"A74..74",4,27,2022
"A74..74",10,28,2022
"A74..74",26,29,2022
"A74..74",16,30,2022
"A74..74",12,31,2022
"A74..74",11,32,2022
"A74..74",9,33,2022
"A74..74",8,34,2022
"A74..74",13,35,2022
"A74..74",7,36,2022
"A74..74",14,37,2022
"A74..74",15,38,2022
"A74..74",12,39,2022
"A74..74",5,40,2022
"A74..74",7,41,2022
"A74..74",13,42,2022
"A74..74",11,43,2022
"A74..74",9,44,2022
"A74..74",8,45,2022
"A74..74",6,46,2022
"A74..74",2,47,2022
"A74..74",15,48,2022
"A74..74",8,49,2022
"A74..74",11,50,2022
"A74..74",6,51,2022
"A74..74",6,52,2022
"A75..75",12,1,2022
"A75..75",8,2,2022
"A75..75",6,3,2022
"A75..75",7,4,2022
"A75..75",5,5,2022
"A75..75",3,6,2022
"A75..75",6,7,2022
"A75..75",3,8,2022
"A75..75",4,9,2022
"A75..75",5,10,2022
"A75..75",5,11,2022
"A75..75",7,12,2022
"A75..75",7,13,2022
"A75..75",7,14,2022
"A75..75",3,15,2022
"A75..75",6,16,2022
"A75..75",8,17,2022
"A75..75",NA,18,2022
"A75..75",3,19,2022
"A75..75",11,20,2022
"A75..75",10,21,2022
"A75..75",12,22,2022
"A75..75",6,23,2022
"A75..75",11,24,2022
"A75..75",11,25,2022
"A75..75",10,26,2022
"A75..75",14,27,2022
"A75..75",11,28,2022
"A75..75",11,29,2022
"A75..75",14,30,2022
"A75..75",12,31,2022
"A75..75",12,32,2022
"A75..75",8,33,2022
"A75..75",9,34,2022
"A75..75",11,35,2022
"A75..75",17,36,2022
"A75..75",8,37,2022
"A75..75",11,38,2022
"A75..75",9,39,2022
"A75..75",7,40,2022
"A75..75",8,41,2022
"A75..75",12,42,2022
"A75..75",5,43,2022
"A75..75",6,44,2022
"A75..75",3,45,2022
"A75..75",7,46,2022
"A75..75",7,47,2022
"A75..75",9,48,2022
"A75..75",6,49,2022
"A75..75",5,50,2022
"A75..75",7,51,2022
"A75..75",4,52,2022
"A76..76",7,1,2022
"A76..76",4,2,2022
"A76..76",6,3,2022
"A76..76",2,4,2022
"A76..76",8,5,2022
"A76..76",5,6,2022
"A76..76",NA,7,2022
"A76..76",6,8,2022
"A76..76",4,9,2022
"A76..76",2,10,2022
"A76..76",3,11,2022
"A76..76",2,12,2022
"A76..76",2,13,2022
"A76..76",5,14,2022
"A76..76",6,15,2022
"A76..76",5,16,2022
"A76..76",6,17,2022
"A76..76",4,18,2022
"A76..76",3,19,2022
"A76..76",4,20,2022
"A76..76",5,21,2022
"A76..76",4,22,2022
"A76..76",5,23,2022
"A76..76",4,24,2022
"A76..76",9,25,2022
"A76..76",4,26,2022
"A76..76",13,27,2022
"A76..76",7,28,2022
"A76..76",3,29,2022
"A76..76",8,30,2022
"A76..76",7,31,2022
"A76..76",6,32,2022
"A76..76",8,33,2022
"A76..76",7,34,2022
"A76..76",7,35,2022
"A76..76",8,36,2022
"A76..76",9,37,2022
"A76..76",7,38,2022
"A76..76",8,39,2022
"A76..76",6,40,2022
"A76..76",3,41,2022
"A76..76",5,42,2022
"A76..76",5,43,2022
"A76..76",4,44,2022
"A76..76",6,45,2022
"A76..76",8,46,2022
"A76..76",6,47,2022
"A76..76",4,48,2022
"A76..76",9,49,2022
"A76..76",1,50,2022
"A76..76",4,51,2022
"A76..76",2,52,2022
"A77..77",7,1,2022
"A77..77",7,2,2022
"A77..77",10,3,2022
"A77..77",8,4,2022
"A77..77",6,5,2022
"A77..77",6,6,2022
"A77..77",6,7,2022
"A77..77",7,8,2022
"A77..77",10,9,2022
"A77..77",3,10,2022
"A77..77",10,11,2022
"A77..77",8,12,2022
"A77..77",4,13,2022
"A77..77",6,14,2022
"A77..77",6,15,2022
"A77..77",7,16,2022
"A77..77",8,17,2022
"A77..77",6,18,2022
"A77..77",5,19,2022
"A77..77",2,20,2022
"A77..77",3,21,2022
"A77..77",5,22,2022
"A77..77",8,23,2022
"A77..77",9,24,2022
"A77..77",9,25,2022
"A77..77",11,26,2022
"A77..77",6,27,2022
"A77..77",13,28,2022
"A77..77",9,29,2022
"A77..77",11,30,2022
"A77..77",5,31,2022
"A77..77",9,32,2022
"A77..77",4,33,2022
"A77..77",14,34,2022
"A77..77",12,35,2022
"A77..77",7,36,2022
"A77..77",8,37,2022
"A77..77",9,38,2022
"A77..77",6,39,2022
"A77..77",5,40,2022
"A77..77",4,41,2022
"A77..77",6,42,2022
"A77..77",2,43,2022
"A77..77",6,44,2022
"A77..77",5,45,2022
"A77..77",10,46,2022
"A77..77",8,47,2022
"A77..77",7,48,2022
"A77..77",7,49,2022
"A77..77",4,50,2022
"A77..77",NA,51,2022
"A77..77",5,52,2022
"A78..78",8,1,2022
"A78..78",15,2,2022
"A78..78",6,3,2022
"A78..78",7,4,2022
"A78..78",6,5,2022
"A78..78",3,6,2022
"A78..78",8,7,2022
"A78..78",6,8,2022
"A78..78",5,9,2022
"A78..78",2,10,2022
"A78..78",3,11,2022
"A78..78",5,12,2022
"A78..78",1,13,2022
"A78..78",8,14,2022
"A78..78",1,15,2022
"A78..78",3,16,2022
"A78..78",8,17,2022
"A78..78",10,18,2022
"A78..78",5,19,2022
"A78..78",9,20,2022
"A78..78",7,21,2022
"A78..78",11,22,2022
"A78..78",5,23,2022
"A78..78",4,24,2022
"A78..78",14,25,2022
"A78..78",11,26,2022
"A78..78",8,27,2022
"A78..78",13,28,2022
"A78..78",19,29,2022
"A78..78",11,30,2022
"A78..78",13,31,2022
"A78..78",8,32,2022
"A78..78",10,33,2022
"A78..78",14,34,2022
"A78..78",8,35,2022
"A78..78",9,36,2022
"A78..78",11,37,2022
"A78..78",9,38,2022
"A78..78",7,39,2022
"A78..78",8,40,2022
"A78..78",2,41,2022
"A78..78",7,42,2022
"A78..78",3,43,2022
"A78..78",5,44,2022
"A78..78",7,45,2022
"A78..78",6,46,2022
"A78..78",8,47,2022
"A78..78",7,48,2022
"A78..78",8,49,2022
"A78..78",5,50,2022
"A78..78",4,51,2022
"A78..78",4,52,2022
"A79..79",9,1,2022
"A79..79",12,2,2022
"A79..79",4,3,2022
"A79..79",5,4,2022
"A79..79",5,5,2022
"A79..79",5,6,2022
"A79..79",6,7,2022
"A79..79",5,8,2022
"A79..79",9,9,2022
"A79..79",3,10,2022
"A79..79",5,11,2022
"A79..79",8,12,2022
"A79..79",5,13,2022
"A79..79",6,14,2022
"A79..79",5,15,2022
"A79..79",7,16,2022
"A79..79",8,17,2022
"A79..79",6,18,2022
"A79..79",5,19,2022
"A79..79",7,20,2022
"A79..79",6,21,2022
"A79..79",8,22,2022
"A79..79",6,23,2022
"A79..79",11,24,2022
"A79..79",10,25,2022
"A79..79",9,26,2022
"A79..79",11,27,2022
"A79..79",11,28,2022
"A79..79",8,29,2022
"A79..79",5,30,2022
"A79..79",10,31,2022
"A79..79",11,32,2022
"A79..79",9,33,2022
"A79..79",9,34,2022
"A79..79",7,35,2022
"A79..79",6,36,2022
"A79..79",10,37,2022
"A79..79",8,38,2022
"A79..79",8,39,2022
"A79..79",4,40,2022
"A79..79",8,41,2022
"A79..79",11,42,2022
"A79..79",5,43,2022
"A79..79",8,44,2022
"A79..79",5,45,2022
"A79..79",4,46,2022
"A79..79",7,47,2022
"A79..79",9,48,2022
"A79..79",6,49,2022
"A79..79",10,50,2022
"A79..79",6,51,2022
"A79..79",5,52,2022
"A80.",93,1,2022
"A80.",67,2,2022
"A80.",48,3,2022
"A80.",47,4,2022
"A80.",60,5,2022
"A80.",47,6,2022
"A80.",49,7,2022
"A80.",54,8,2022
"A80.",52,9,2022
"A80.",47,10,2022
"A80.",56,11,2022
"A80.",39,12,2022
"A80.",50,13,2022
"A80.",43,14,2022
"A80.",37,15,2022
"A80.",31,16,2022
"A80.",58,17,2022
"A80.",45,18,2022
"A80.",51,19,2022
"A80.",57,20,2022
"A80.",52,21,2022
"A80.",67,22,2022
"A80.",80,23,2022
"A80.",76,24,2022
"A80.",74,25,2022
"A80.",92,26,2022
"A80.",84,27,2022
"A80.",83,28,2022
"A80.",108,29,2022
"A80.",111,30,2022
"A80.",105,31,2022
"A80.",99,32,2022
"A80.",95,33,2022
"A80.",75,34,2022
"A80.",86,35,2022
"A80.",69,36,2022
"A80.",77,37,2022
"A80.",51,38,2022
"A80.",56,39,2022
"A80.",59,40,2022
"A80.",69,41,2022
"A80.",65,42,2022
"A80.",68,43,2022
"A80.",45,44,2022
"A80.",57,45,2022
"A80.",62,46,2022
"A80.",51,47,2022
"A80.",53,48,2022
"A80.",64,49,2022
"A80.",66,50,2022
"A80.",49,51,2022
"A80.",35,52,2022
"Unbekannt",NA,1,2022
"Unbekannt",3,2,2022
"Unbekannt",1,3,2022
"Unbekannt",NA,4,2022
"Unbekannt",NA,5,2022
"Unbekannt",NA,6,2022
"Unbekannt",NA,7,2022
"Unbekannt",NA,8,2022
"Unbekannt",1,9,2022
"Unbekannt",1,10,2022
"Unbekannt",NA,11,2022
"Unbekannt",NA,12,2022
"Unbekannt",1,13,2022
"Unbekannt",NA,14,2022
"Unbekannt",NA,15,2022
"Unbekannt",NA,16,2022
"Unbekannt",NA,17,2022
"Unbekannt",NA,18,2022
"Unbekannt",1,19,2022
"Unbekannt",1,20,2022
"Unbekannt",2,21,2022
"Unbekannt",NA,22,2022
"Unbekannt",1,23,2022
"Unbekannt",1,24,2022
"Unbekannt",1,25,2022
"Unbekannt",NA,26,2022
"Unbekannt",NA,27,2022
"Unbekannt",1,28,2022
"Unbekannt",NA,29,2022
"Unbekannt",1,30,2022
"Unbekannt",NA,31,2022
"Unbekannt",2,32,2022
"Unbekannt",3,33,2022
"Unbekannt",3,34,2022
"Unbekannt",1,35,2022
"Unbekannt",1,36,2022
"Unbekannt",1,37,2022
"Unbekannt",1,38,2022
"Unbekannt",2,39,2022
"Unbekannt",NA,40,2022
"Unbekannt",NA,41,2022
"Unbekannt",NA,42,2022
"Unbekannt",1,43,2022
"Unbekannt",1,44,2022
"Unbekannt",1,45,2022
"Unbekannt",1,46,2022
"Unbekannt",NA,47,2022
"Unbekannt",NA,48,2022
"Unbekannt",NA,49,2022
"Unbekannt",1,50,2022
"Unbekannt",2,51,2022
"Unbekannt",NA,52,2022
