"stratum","value","week","year"
"Baden.WÃ.rttemberg",46,1,2025
"Baden.WÃ.rttemberg",99,2,2025
"Baden.WÃ.rttemberg",135,3,2025
"Baden.WÃ.rttemberg",89,4,2025
"Baden.WÃ.rttemberg",97,5,2025
"Baden.WÃ.rttemberg",84,6,2025
"Baden.WÃ.rttemberg",73,7,2025
"Baden.WÃ.rttemberg",67,8,2025
"Baden.WÃ.rttemberg",72,9,2025
"Baden.WÃ.rttemberg",76,10,2025
"Baden.WÃ.rttemberg",89,11,2025
"Baden.WÃ.rttemberg",108,12,2025
"Baden.WÃ.rttemberg",77,13,2025
"Baden.WÃ.rttemberg",96,14,2025
"Baden.WÃ.rttemberg",105,15,2025
"Baden.WÃ.rttemberg",53,16,2025
"Bayern",82,1,2025
"Bayern",141,2,2025
"Bayern",163,3,2025
"Bayern",109,4,2025
"Bayern",103,5,2025
"Bayern",90,6,2025
"Bayern",97,7,2025
"Bayern",60,8,2025
"Bayern",94,9,2025
"Bayern",99,10,2025
"Bayern",91,11,2025
"Bayern",105,12,2025
"Bayern",132,13,2025
"Bayern",124,14,2025
"Bayern",115,15,2025
"Bayern",68,16,2025
"Berlin",21,1,2025
"Berlin",51,2,2025
"Berlin",38,3,2025
"Berlin",25,4,2025
"Berlin",34,5,2025
"Berlin",22,6,2025
"Berlin",29,7,2025
"Berlin",25,8,2025
"Berlin",32,9,2025
"Berlin",23,10,2025
"Berlin",30,11,2025
"Berlin",32,12,2025
"Berlin",48,13,2025
"Berlin",41,14,2025
"Berlin",41,15,2025
"Berlin",22,16,2025
"Brandenburg",12,1,2025
"Brandenburg",48,2,2025
"Brandenburg",43,3,2025
"Brandenburg",12,4,2025
"Brandenburg",23,5,2025
"Brandenburg",20,6,2025
"Brandenburg",19,7,2025
"Brandenburg",22,8,2025
"Brandenburg",22,9,2025
"Brandenburg",28,10,2025
"Brandenburg",25,11,2025
"Brandenburg",15,12,2025
"Brandenburg",27,13,2025
"Brandenburg",24,14,2025
"Brandenburg",27,15,2025
"Brandenburg",16,16,2025
"Bremen",1,1,2025
"Bremen",14,2,2025
"Bremen",10,3,2025
"Bremen",10,4,2025
"Bremen",3,5,2025
"Bremen",3,6,2025
"Bremen",9,7,2025
"Bremen",4,8,2025
"Bremen",5,9,2025
"Bremen",6,10,2025
"Bremen",7,11,2025
"Bremen",11,12,2025
"Bremen",3,13,2025
"Bremen",11,14,2025
"Bremen",6,15,2025
"Bremen",1,16,2025
"Hamburg",12,1,2025
"Hamburg",41,2,2025
"Hamburg",33,3,2025
"Hamburg",19,4,2025
"Hamburg",15,5,2025
"Hamburg",16,6,2025
"Hamburg",22,7,2025
"Hamburg",19,8,2025
"Hamburg",15,9,2025
"Hamburg",24,10,2025
"Hamburg",20,11,2025
"Hamburg",21,12,2025
"Hamburg",25,13,2025
"Hamburg",16,14,2025
"Hamburg",22,15,2025
"Hamburg",9,16,2025
"Hessen",27,1,2025
"Hessen",74,2,2025
"Hessen",75,3,2025
"Hessen",71,4,2025
"Hessen",58,5,2025
"Hessen",63,6,2025
"Hessen",50,7,2025
"Hessen",68,8,2025
"Hessen",58,9,2025
"Hessen",44,10,2025
"Hessen",45,11,2025
"Hessen",60,12,2025
"Hessen",66,13,2025
"Hessen",59,14,2025
"Hessen",54,15,2025
"Hessen",33,16,2025
"Mecklenburg.Vorpommern",24,1,2025
"Mecklenburg.Vorpommern",32,2,2025
"Mecklenburg.Vorpommern",26,3,2025
"Mecklenburg.Vorpommern",15,4,2025
"Mecklenburg.Vorpommern",25,5,2025
"Mecklenburg.Vorpommern",16,6,2025
"Mecklenburg.Vorpommern",12,7,2025
"Mecklenburg.Vorpommern",29,8,2025
"Mecklenburg.Vorpommern",17,9,2025
"Mecklenburg.Vorpommern",19,10,2025
"Mecklenburg.Vorpommern",9,11,2025
"Mecklenburg.Vorpommern",22,12,2025
"Mecklenburg.Vorpommern",13,13,2025
"Mecklenburg.Vorpommern",22,14,2025
"Mecklenburg.Vorpommern",26,15,2025
"Mecklenburg.Vorpommern",14,16,2025
"Niedersachsen",49,1,2025
"Niedersachsen",118,2,2025
"Niedersachsen",93,3,2025
"Niedersachsen",70,4,2025
"Niedersachsen",59,5,2025
"Niedersachsen",66,6,2025
"Niedersachsen",64,7,2025
"Niedersachsen",64,8,2025
"Niedersachsen",56,9,2025
"Niedersachsen",72,10,2025
"Niedersachsen",59,11,2025
"Niedersachsen",63,12,2025
"Niedersachsen",81,13,2025
"Niedersachsen",67,14,2025
"Niedersachsen",59,15,2025
"Niedersachsen",27,16,2025
"Nordrhein.Westfalen",118,1,2025
"Nordrhein.Westfalen",338,2,2025
"Nordrhein.Westfalen",259,3,2025
"Nordrhein.Westfalen",201,4,2025
"Nordrhein.Westfalen",189,5,2025
"Nordrhein.Westfalen",196,6,2025
"Nordrhein.Westfalen",186,7,2025
"Nordrhein.Westfalen",177,8,2025
"Nordrhein.Westfalen",149,9,2025
"Nordrhein.Westfalen",165,10,2025
"Nordrhein.Westfalen",207,11,2025
"Nordrhein.Westfalen",206,12,2025
"Nordrhein.Westfalen",210,13,2025
"Nordrhein.Westfalen",259,14,2025
"Nordrhein.Westfalen",237,15,2025
"Nordrhein.Westfalen",109,16,2025
"Rheinland.Pfalz",32,1,2025
"Rheinland.Pfalz",98,2,2025
"Rheinland.Pfalz",63,3,2025
"Rheinland.Pfalz",49,4,2025
"Rheinland.Pfalz",47,5,2025
"Rheinland.Pfalz",38,6,2025
"Rheinland.Pfalz",51,7,2025
"Rheinland.Pfalz",45,8,2025
"Rheinland.Pfalz",40,9,2025
"Rheinland.Pfalz",34,10,2025
"Rheinland.Pfalz",61,11,2025
"Rheinland.Pfalz",42,12,2025
"Rheinland.Pfalz",48,13,2025
"Rheinland.Pfalz",44,14,2025
"Rheinland.Pfalz",52,15,2025
"Rheinland.Pfalz",23,16,2025
"Saarland",11,1,2025
"Saarland",24,2,2025
"Saarland",14,3,2025
"Saarland",19,4,2025
"Saarland",13,5,2025
"Saarland",12,6,2025
"Saarland",16,7,2025
"Saarland",9,8,2025
"Saarland",5,9,2025
"Saarland",9,10,2025
"Saarland",12,11,2025
"Saarland",8,12,2025
"Saarland",17,13,2025
"Saarland",12,14,2025
"Saarland",19,15,2025
"Saarland",5,16,2025
"Sachsen",24,1,2025
"Sachsen",77,2,2025
"Sachsen",67,3,2025
"Sachsen",38,4,2025
"Sachsen",61,5,2025
"Sachsen",28,6,2025
"Sachsen",61,7,2025
"Sachsen",37,8,2025
"Sachsen",57,9,2025
"Sachsen",61,10,2025
"Sachsen",58,11,2025
"Sachsen",56,12,2025
"Sachsen",56,13,2025
"Sachsen",36,14,2025
"Sachsen",57,15,2025
"Sachsen",18,16,2025
"Sachsen.Anhalt",11,1,2025
"Sachsen.Anhalt",20,2,2025
"Sachsen.Anhalt",39,3,2025
"Sachsen.Anhalt",31,4,2025
"Sachsen.Anhalt",22,5,2025
"Sachsen.Anhalt",17,6,2025
"Sachsen.Anhalt",23,7,2025
"Sachsen.Anhalt",23,8,2025
"Sachsen.Anhalt",24,9,2025
"Sachsen.Anhalt",28,10,2025
"Sachsen.Anhalt",27,11,2025
"Sachsen.Anhalt",29,12,2025
"Sachsen.Anhalt",17,13,2025
"Sachsen.Anhalt",29,14,2025
"Sachsen.Anhalt",25,15,2025
"Sachsen.Anhalt",7,16,2025
"Schleswig.Holstein",16,1,2025
"Schleswig.Holstein",60,2,2025
"Schleswig.Holstein",58,3,2025
"Schleswig.Holstein",44,4,2025
"Schleswig.Holstein",32,5,2025
"Schleswig.Holstein",30,6,2025
"Schleswig.Holstein",27,7,2025
"Schleswig.Holstein",19,8,2025
"Schleswig.Holstein",21,9,2025
"Schleswig.Holstein",33,10,2025
"Schleswig.Holstein",29,11,2025
"Schleswig.Holstein",41,12,2025
"Schleswig.Holstein",33,13,2025
"Schleswig.Holstein",29,14,2025
"Schleswig.Holstein",24,15,2025
"Schleswig.Holstein",22,16,2025
"ThÃ.ringen",14,1,2025
"ThÃ.ringen",34,2,2025
"ThÃ.ringen",26,3,2025
"ThÃ.ringen",28,4,2025
"ThÃ.ringen",25,5,2025
"ThÃ.ringen",19,6,2025
"ThÃ.ringen",16,7,2025
"ThÃ.ringen",29,8,2025
"ThÃ.ringen",25,9,2025
"ThÃ.ringen",19,10,2025
"ThÃ.ringen",22,11,2025
"ThÃ.ringen",23,12,2025
"ThÃ.ringen",14,13,2025
"ThÃ.ringen",21,14,2025
"ThÃ.ringen",17,15,2025
"ThÃ.ringen",10,16,2025
"Baden.WÃ.rttemberg",69,1,2024
"Baden.WÃ.rttemberg",123,2,2024
"Baden.WÃ.rttemberg",104,3,2024
"Baden.WÃ.rttemberg",97,4,2024
"Baden.WÃ.rttemberg",76,5,2024
"Baden.WÃ.rttemberg",58,6,2024
"Baden.WÃ.rttemberg",66,7,2024
"Baden.WÃ.rttemberg",67,8,2024
"Baden.WÃ.rttemberg",82,9,2024
"Baden.WÃ.rttemberg",82,10,2024
"Baden.WÃ.rttemberg",76,11,2024
"Baden.WÃ.rttemberg",87,12,2024
"Baden.WÃ.rttemberg",87,13,2024
"Baden.WÃ.rttemberg",74,14,2024
"Baden.WÃ.rttemberg",109,15,2024
"Baden.WÃ.rttemberg",132,16,2024
"Baden.WÃ.rttemberg",130,17,2024
"Baden.WÃ.rttemberg",104,18,2024
"Baden.WÃ.rttemberg",130,19,2024
"Baden.WÃ.rttemberg",97,20,2024
"Baden.WÃ.rttemberg",107,21,2024
"Baden.WÃ.rttemberg",112,22,2024
"Baden.WÃ.rttemberg",188,23,2024
"Baden.WÃ.rttemberg",217,24,2024
"Baden.WÃ.rttemberg",209,25,2024
"Baden.WÃ.rttemberg",210,26,2024
"Baden.WÃ.rttemberg",207,27,2024
"Baden.WÃ.rttemberg",158,28,2024
"Baden.WÃ.rttemberg",193,29,2024
"Baden.WÃ.rttemberg",195,30,2024
"Baden.WÃ.rttemberg",178,31,2024
"Baden.WÃ.rttemberg",174,32,2024
"Baden.WÃ.rttemberg",175,33,2024
"Baden.WÃ.rttemberg",182,34,2024
"Baden.WÃ.rttemberg",182,35,2024
"Baden.WÃ.rttemberg",173,36,2024
"Baden.WÃ.rttemberg",175,37,2024
"Baden.WÃ.rttemberg",175,38,2024
"Baden.WÃ.rttemberg",196,39,2024
"Baden.WÃ.rttemberg",111,40,2024
"Baden.WÃ.rttemberg",125,41,2024
"Baden.WÃ.rttemberg",157,42,2024
"Baden.WÃ.rttemberg",129,43,2024
"Baden.WÃ.rttemberg",101,44,2024
"Baden.WÃ.rttemberg",158,45,2024
"Baden.WÃ.rttemberg",118,46,2024
"Baden.WÃ.rttemberg",139,47,2024
"Baden.WÃ.rttemberg",127,48,2024
"Baden.WÃ.rttemberg",135,49,2024
"Baden.WÃ.rttemberg",88,50,2024
"Baden.WÃ.rttemberg",82,51,2024
"Baden.WÃ.rttemberg",38,52,2024
"Bayern",63,1,2024
"Bayern",190,2,2024
"Bayern",122,3,2024
"Bayern",103,4,2024
"Bayern",110,5,2024
"Bayern",83,6,2024
"Bayern",80,7,2024
"Bayern",100,8,2024
"Bayern",102,9,2024
"Bayern",105,10,2024
"Bayern",110,11,2024
"Bayern",104,12,2024
"Bayern",96,13,2024
"Bayern",86,14,2024
"Bayern",137,15,2024
"Bayern",129,16,2024
"Bayern",138,17,2024
"Bayern",111,18,2024
"Bayern",124,19,2024
"Bayern",162,20,2024
"Bayern",134,21,2024
"Bayern",134,22,2024
"Bayern",213,23,2024
"Bayern",269,24,2024
"Bayern",225,25,2024
"Bayern",286,26,2024
"Bayern",278,27,2024
"Bayern",248,28,2024
"Bayern",218,29,2024
"Bayern",257,30,2024
"Bayern",282,31,2024
"Bayern",247,32,2024
"Bayern",209,33,2024
"Bayern",219,34,2024
"Bayern",212,35,2024
"Bayern",200,36,2024
"Bayern",221,37,2024
"Bayern",185,38,2024
"Bayern",197,39,2024
"Bayern",170,40,2024
"Bayern",194,41,2024
"Bayern",200,42,2024
"Bayern",142,43,2024
"Bayern",142,44,2024
"Bayern",152,45,2024
"Bayern",163,46,2024
"Bayern",155,47,2024
"Bayern",142,48,2024
"Bayern",125,49,2024
"Bayern",133,50,2024
"Bayern",138,51,2024
"Bayern",59,52,2024
"Berlin",22,1,2024
"Berlin",42,2,2024
"Berlin",26,3,2024
"Berlin",29,4,2024
"Berlin",32,5,2024
"Berlin",36,6,2024
"Berlin",31,7,2024
"Berlin",37,8,2024
"Berlin",34,9,2024
"Berlin",22,10,2024
"Berlin",32,11,2024
"Berlin",41,12,2024
"Berlin",28,13,2024
"Berlin",31,14,2024
"Berlin",38,15,2024
"Berlin",33,16,2024
"Berlin",41,17,2024
"Berlin",22,18,2024
"Berlin",34,19,2024
"Berlin",37,20,2024
"Berlin",30,21,2024
"Berlin",36,22,2024
"Berlin",35,23,2024
"Berlin",54,24,2024
"Berlin",48,25,2024
"Berlin",45,26,2024
"Berlin",33,27,2024
"Berlin",30,28,2024
"Berlin",34,29,2024
"Berlin",43,30,2024
"Berlin",36,31,2024
"Berlin",38,32,2024
"Berlin",50,33,2024
"Berlin",48,34,2024
"Berlin",37,35,2024
"Berlin",58,36,2024
"Berlin",63,37,2024
"Berlin",40,38,2024
"Berlin",54,39,2024
"Berlin",37,40,2024
"Berlin",42,41,2024
"Berlin",44,42,2024
"Berlin",39,43,2024
"Berlin",41,44,2024
"Berlin",37,45,2024
"Berlin",29,46,2024
"Berlin",17,47,2024
"Berlin",51,48,2024
"Berlin",24,49,2024
"Berlin",45,50,2024
"Berlin",38,51,2024
"Berlin",20,52,2024
"Brandenburg",20,1,2024
"Brandenburg",31,2,2024
"Brandenburg",38,3,2024
"Brandenburg",23,4,2024
"Brandenburg",25,5,2024
"Brandenburg",22,6,2024
"Brandenburg",20,7,2024
"Brandenburg",22,8,2024
"Brandenburg",26,9,2024
"Brandenburg",38,10,2024
"Brandenburg",22,11,2024
"Brandenburg",25,12,2024
"Brandenburg",27,13,2024
"Brandenburg",18,14,2024
"Brandenburg",25,15,2024
"Brandenburg",31,16,2024
"Brandenburg",21,17,2024
"Brandenburg",25,18,2024
"Brandenburg",20,19,2024
"Brandenburg",31,20,2024
"Brandenburg",27,21,2024
"Brandenburg",40,22,2024
"Brandenburg",25,23,2024
"Brandenburg",29,24,2024
"Brandenburg",41,25,2024
"Brandenburg",50,26,2024
"Brandenburg",47,27,2024
"Brandenburg",51,28,2024
"Brandenburg",47,29,2024
"Brandenburg",43,30,2024
"Brandenburg",37,31,2024
"Brandenburg",36,32,2024
"Brandenburg",47,33,2024
"Brandenburg",47,34,2024
"Brandenburg",42,35,2024
"Brandenburg",55,36,2024
"Brandenburg",53,37,2024
"Brandenburg",46,38,2024
"Brandenburg",38,39,2024
"Brandenburg",33,40,2024
"Brandenburg",51,41,2024
"Brandenburg",35,42,2024
"Brandenburg",25,43,2024
"Brandenburg",20,44,2024
"Brandenburg",20,45,2024
"Brandenburg",32,46,2024
"Brandenburg",14,47,2024
"Brandenburg",34,48,2024
"Brandenburg",19,49,2024
"Brandenburg",28,50,2024
"Brandenburg",29,51,2024
"Brandenburg",13,52,2024
"Bremen",3,1,2024
"Bremen",5,2,2024
"Bremen",3,3,2024
"Bremen",4,4,2024
"Bremen",3,5,2024
"Bremen",7,6,2024
"Bremen",2,7,2024
"Bremen",1,8,2024
"Bremen",6,9,2024
"Bremen",9,10,2024
"Bremen",7,11,2024
"Bremen",6,12,2024
"Bremen",5,13,2024
"Bremen",1,14,2024
"Bremen",10,15,2024
"Bremen",4,16,2024
"Bremen",8,17,2024
"Bremen",2,18,2024
"Bremen",4,19,2024
"Bremen",8,20,2024
"Bremen",6,21,2024
"Bremen",11,22,2024
"Bremen",4,23,2024
"Bremen",5,24,2024
"Bremen",11,25,2024
"Bremen",5,26,2024
"Bremen",6,27,2024
"Bremen",6,28,2024
"Bremen",11,29,2024
"Bremen",10,30,2024
"Bremen",16,31,2024
"Bremen",17,32,2024
"Bremen",16,33,2024
"Bremen",7,34,2024
"Bremen",5,35,2024
"Bremen",5,36,2024
"Bremen",9,37,2024
"Bremen",1,38,2024
"Bremen",8,39,2024
"Bremen",6,40,2024
"Bremen",8,41,2024
"Bremen",9,42,2024
"Bremen",7,43,2024
"Bremen",3,44,2024
"Bremen",9,45,2024
"Bremen",4,46,2024
"Bremen",7,47,2024
"Bremen",9,48,2024
"Bremen",9,49,2024
"Bremen",9,50,2024
"Bremen",7,51,2024
"Bremen",7,52,2024
"Hamburg",21,1,2024
"Hamburg",29,2,2024
"Hamburg",16,3,2024
"Hamburg",15,4,2024
"Hamburg",22,5,2024
"Hamburg",21,6,2024
"Hamburg",16,7,2024
"Hamburg",12,8,2024
"Hamburg",25,9,2024
"Hamburg",11,10,2024
"Hamburg",17,11,2024
"Hamburg",13,12,2024
"Hamburg",10,13,2024
"Hamburg",20,14,2024
"Hamburg",23,15,2024
"Hamburg",24,16,2024
"Hamburg",22,17,2024
"Hamburg",16,18,2024
"Hamburg",18,19,2024
"Hamburg",23,20,2024
"Hamburg",12,21,2024
"Hamburg",35,22,2024
"Hamburg",36,23,2024
"Hamburg",31,24,2024
"Hamburg",29,25,2024
"Hamburg",31,26,2024
"Hamburg",24,27,2024
"Hamburg",28,28,2024
"Hamburg",29,29,2024
"Hamburg",31,30,2024
"Hamburg",36,31,2024
"Hamburg",31,32,2024
"Hamburg",30,33,2024
"Hamburg",26,34,2024
"Hamburg",40,35,2024
"Hamburg",48,36,2024
"Hamburg",44,37,2024
"Hamburg",38,38,2024
"Hamburg",32,39,2024
"Hamburg",24,40,2024
"Hamburg",29,41,2024
"Hamburg",39,42,2024
"Hamburg",17,43,2024
"Hamburg",22,44,2024
"Hamburg",31,45,2024
"Hamburg",25,46,2024
"Hamburg",31,47,2024
"Hamburg",27,48,2024
"Hamburg",20,49,2024
"Hamburg",36,50,2024
"Hamburg",18,51,2024
"Hamburg",9,52,2024
"Hessen",54,1,2024
"Hessen",57,2,2024
"Hessen",62,3,2024
"Hessen",62,4,2024
"Hessen",65,5,2024
"Hessen",49,6,2024
"Hessen",35,7,2024
"Hessen",60,8,2024
"Hessen",51,9,2024
"Hessen",59,10,2024
"Hessen",55,11,2024
"Hessen",74,12,2024
"Hessen",64,13,2024
"Hessen",47,14,2024
"Hessen",56,15,2024
"Hessen",92,16,2024
"Hessen",69,17,2024
"Hessen",70,18,2024
"Hessen",74,19,2024
"Hessen",98,20,2024
"Hessen",70,21,2024
"Hessen",67,22,2024
"Hessen",92,23,2024
"Hessen",110,24,2024
"Hessen",93,25,2024
"Hessen",130,26,2024
"Hessen",129,27,2024
"Hessen",127,28,2024
"Hessen",113,29,2024
"Hessen",116,30,2024
"Hessen",109,31,2024
"Hessen",131,32,2024
"Hessen",96,33,2024
"Hessen",135,34,2024
"Hessen",146,35,2024
"Hessen",117,36,2024
"Hessen",130,37,2024
"Hessen",99,38,2024
"Hessen",94,39,2024
"Hessen",84,40,2024
"Hessen",98,41,2024
"Hessen",97,42,2024
"Hessen",79,43,2024
"Hessen",80,44,2024
"Hessen",85,45,2024
"Hessen",86,46,2024
"Hessen",73,47,2024
"Hessen",78,48,2024
"Hessen",73,49,2024
"Hessen",76,50,2024
"Hessen",74,51,2024
"Hessen",26,52,2024
"Mecklenburg.Vorpommern",13,1,2024
"Mecklenburg.Vorpommern",23,2,2024
"Mecklenburg.Vorpommern",18,3,2024
"Mecklenburg.Vorpommern",19,4,2024
"Mecklenburg.Vorpommern",12,5,2024
"Mecklenburg.Vorpommern",27,6,2024
"Mecklenburg.Vorpommern",14,7,2024
"Mecklenburg.Vorpommern",29,8,2024
"Mecklenburg.Vorpommern",17,9,2024
"Mecklenburg.Vorpommern",12,10,2024
"Mecklenburg.Vorpommern",19,11,2024
"Mecklenburg.Vorpommern",23,12,2024
"Mecklenburg.Vorpommern",20,13,2024
"Mecklenburg.Vorpommern",14,14,2024
"Mecklenburg.Vorpommern",19,15,2024
"Mecklenburg.Vorpommern",20,16,2024
"Mecklenburg.Vorpommern",12,17,2024
"Mecklenburg.Vorpommern",18,18,2024
"Mecklenburg.Vorpommern",10,19,2024
"Mecklenburg.Vorpommern",26,20,2024
"Mecklenburg.Vorpommern",20,21,2024
"Mecklenburg.Vorpommern",39,22,2024
"Mecklenburg.Vorpommern",32,23,2024
"Mecklenburg.Vorpommern",35,24,2024
"Mecklenburg.Vorpommern",40,25,2024
"Mecklenburg.Vorpommern",34,26,2024
"Mecklenburg.Vorpommern",49,27,2024
"Mecklenburg.Vorpommern",59,28,2024
"Mecklenburg.Vorpommern",32,29,2024
"Mecklenburg.Vorpommern",33,30,2024
"Mecklenburg.Vorpommern",35,31,2024
"Mecklenburg.Vorpommern",33,32,2024
"Mecklenburg.Vorpommern",33,33,2024
"Mecklenburg.Vorpommern",42,34,2024
"Mecklenburg.Vorpommern",38,35,2024
"Mecklenburg.Vorpommern",38,36,2024
"Mecklenburg.Vorpommern",39,37,2024
"Mecklenburg.Vorpommern",41,38,2024
"Mecklenburg.Vorpommern",39,39,2024
"Mecklenburg.Vorpommern",28,40,2024
"Mecklenburg.Vorpommern",45,41,2024
"Mecklenburg.Vorpommern",56,42,2024
"Mecklenburg.Vorpommern",26,43,2024
"Mecklenburg.Vorpommern",25,44,2024
"Mecklenburg.Vorpommern",41,45,2024
"Mecklenburg.Vorpommern",33,46,2024
"Mecklenburg.Vorpommern",25,47,2024
"Mecklenburg.Vorpommern",32,48,2024
"Mecklenburg.Vorpommern",39,49,2024
"Mecklenburg.Vorpommern",21,50,2024
"Mecklenburg.Vorpommern",18,51,2024
"Mecklenburg.Vorpommern",12,52,2024
"Niedersachsen",58,1,2024
"Niedersachsen",106,2,2024
"Niedersachsen",71,3,2024
"Niedersachsen",68,4,2024
"Niedersachsen",69,5,2024
"Niedersachsen",61,6,2024
"Niedersachsen",55,7,2024
"Niedersachsen",74,8,2024
"Niedersachsen",85,9,2024
"Niedersachsen",79,10,2024
"Niedersachsen",97,11,2024
"Niedersachsen",65,12,2024
"Niedersachsen",50,13,2024
"Niedersachsen",69,14,2024
"Niedersachsen",88,15,2024
"Niedersachsen",78,16,2024
"Niedersachsen",79,17,2024
"Niedersachsen",82,18,2024
"Niedersachsen",64,19,2024
"Niedersachsen",89,20,2024
"Niedersachsen",87,21,2024
"Niedersachsen",160,22,2024
"Niedersachsen",140,23,2024
"Niedersachsen",134,24,2024
"Niedersachsen",157,25,2024
"Niedersachsen",119,26,2024
"Niedersachsen",131,27,2024
"Niedersachsen",136,28,2024
"Niedersachsen",131,29,2024
"Niedersachsen",138,30,2024
"Niedersachsen",121,31,2024
"Niedersachsen",193,32,2024
"Niedersachsen",193,33,2024
"Niedersachsen",162,34,2024
"Niedersachsen",142,35,2024
"Niedersachsen",147,36,2024
"Niedersachsen",149,37,2024
"Niedersachsen",130,38,2024
"Niedersachsen",107,39,2024
"Niedersachsen",95,40,2024
"Niedersachsen",103,41,2024
"Niedersachsen",109,42,2024
"Niedersachsen",142,43,2024
"Niedersachsen",119,44,2024
"Niedersachsen",115,45,2024
"Niedersachsen",89,46,2024
"Niedersachsen",82,47,2024
"Niedersachsen",85,48,2024
"Niedersachsen",66,49,2024
"Niedersachsen",79,50,2024
"Niedersachsen",88,51,2024
"Niedersachsen",21,52,2024
"Nordrhein.Westfalen",234,1,2024
"Nordrhein.Westfalen",307,2,2024
"Nordrhein.Westfalen",191,3,2024
"Nordrhein.Westfalen",167,4,2024
"Nordrhein.Westfalen",159,5,2024
"Nordrhein.Westfalen",158,6,2024
"Nordrhein.Westfalen",154,7,2024
"Nordrhein.Westfalen",163,8,2024
"Nordrhein.Westfalen",161,9,2024
"Nordrhein.Westfalen",168,10,2024
"Nordrhein.Westfalen",163,11,2024
"Nordrhein.Westfalen",205,12,2024
"Nordrhein.Westfalen",182,13,2024
"Nordrhein.Westfalen",156,14,2024
"Nordrhein.Westfalen",213,15,2024
"Nordrhein.Westfalen",210,16,2024
"Nordrhein.Westfalen",243,17,2024
"Nordrhein.Westfalen",177,18,2024
"Nordrhein.Westfalen",272,19,2024
"Nordrhein.Westfalen",258,20,2024
"Nordrhein.Westfalen",252,21,2024
"Nordrhein.Westfalen",302,22,2024
"Nordrhein.Westfalen",365,23,2024
"Nordrhein.Westfalen",338,24,2024
"Nordrhein.Westfalen",338,25,2024
"Nordrhein.Westfalen",377,26,2024
"Nordrhein.Westfalen",388,27,2024
"Nordrhein.Westfalen",336,28,2024
"Nordrhein.Westfalen",302,29,2024
"Nordrhein.Westfalen",334,30,2024
"Nordrhein.Westfalen",335,31,2024
"Nordrhein.Westfalen",359,32,2024
"Nordrhein.Westfalen",332,33,2024
"Nordrhein.Westfalen",407,34,2024
"Nordrhein.Westfalen",380,35,2024
"Nordrhein.Westfalen",357,36,2024
"Nordrhein.Westfalen",373,37,2024
"Nordrhein.Westfalen",306,38,2024
"Nordrhein.Westfalen",311,39,2024
"Nordrhein.Westfalen",259,40,2024
"Nordrhein.Westfalen",320,41,2024
"Nordrhein.Westfalen",258,42,2024
"Nordrhein.Westfalen",252,43,2024
"Nordrhein.Westfalen",264,44,2024
"Nordrhein.Westfalen",251,45,2024
"Nordrhein.Westfalen",254,46,2024
"Nordrhein.Westfalen",236,47,2024
"Nordrhein.Westfalen",205,48,2024
"Nordrhein.Westfalen",187,49,2024
"Nordrhein.Westfalen",207,50,2024
"Nordrhein.Westfalen",219,51,2024
"Nordrhein.Westfalen",103,52,2024
"Rheinland.Pfalz",43,1,2024
"Rheinland.Pfalz",58,2,2024
"Rheinland.Pfalz",47,3,2024
"Rheinland.Pfalz",48,4,2024
"Rheinland.Pfalz",40,5,2024
"Rheinland.Pfalz",36,6,2024
"Rheinland.Pfalz",35,7,2024
"Rheinland.Pfalz",43,8,2024
"Rheinland.Pfalz",45,9,2024
"Rheinland.Pfalz",36,10,2024
"Rheinland.Pfalz",38,11,2024
"Rheinland.Pfalz",51,12,2024
"Rheinland.Pfalz",42,13,2024
"Rheinland.Pfalz",41,14,2024
"Rheinland.Pfalz",52,15,2024
"Rheinland.Pfalz",59,16,2024
"Rheinland.Pfalz",54,17,2024
"Rheinland.Pfalz",56,18,2024
"Rheinland.Pfalz",48,19,2024
"Rheinland.Pfalz",49,20,2024
"Rheinland.Pfalz",69,21,2024
"Rheinland.Pfalz",69,22,2024
"Rheinland.Pfalz",103,23,2024
"Rheinland.Pfalz",118,24,2024
"Rheinland.Pfalz",90,25,2024
"Rheinland.Pfalz",91,26,2024
"Rheinland.Pfalz",93,27,2024
"Rheinland.Pfalz",114,28,2024
"Rheinland.Pfalz",93,29,2024
"Rheinland.Pfalz",93,30,2024
"Rheinland.Pfalz",63,31,2024
"Rheinland.Pfalz",85,32,2024
"Rheinland.Pfalz",89,33,2024
"Rheinland.Pfalz",112,34,2024
"Rheinland.Pfalz",121,35,2024
"Rheinland.Pfalz",98,36,2024
"Rheinland.Pfalz",102,37,2024
"Rheinland.Pfalz",86,38,2024
"Rheinland.Pfalz",70,39,2024
"Rheinland.Pfalz",75,40,2024
"Rheinland.Pfalz",59,41,2024
"Rheinland.Pfalz",75,42,2024
"Rheinland.Pfalz",56,43,2024
"Rheinland.Pfalz",72,44,2024
"Rheinland.Pfalz",84,45,2024
"Rheinland.Pfalz",86,46,2024
"Rheinland.Pfalz",68,47,2024
"Rheinland.Pfalz",53,48,2024
"Rheinland.Pfalz",50,49,2024
"Rheinland.Pfalz",51,50,2024
"Rheinland.Pfalz",44,51,2024
"Rheinland.Pfalz",23,52,2024
"Saarland",17,1,2024
"Saarland",19,2,2024
"Saarland",13,3,2024
"Saarland",17,4,2024
"Saarland",8,5,2024
"Saarland",14,6,2024
"Saarland",8,7,2024
"Saarland",11,8,2024
"Saarland",9,9,2024
"Saarland",15,10,2024
"Saarland",8,11,2024
"Saarland",12,12,2024
"Saarland",10,13,2024
"Saarland",11,14,2024
"Saarland",13,15,2024
"Saarland",7,16,2024
"Saarland",15,17,2024
"Saarland",7,18,2024
"Saarland",9,19,2024
"Saarland",15,20,2024
"Saarland",16,21,2024
"Saarland",18,22,2024
"Saarland",13,23,2024
"Saarland",33,24,2024
"Saarland",25,25,2024
"Saarland",23,26,2024
"Saarland",27,27,2024
"Saarland",26,28,2024
"Saarland",18,29,2024
"Saarland",16,30,2024
"Saarland",31,31,2024
"Saarland",23,32,2024
"Saarland",16,33,2024
"Saarland",24,34,2024
"Saarland",35,35,2024
"Saarland",27,36,2024
"Saarland",30,37,2024
"Saarland",16,38,2024
"Saarland",27,39,2024
"Saarland",21,40,2024
"Saarland",22,41,2024
"Saarland",24,42,2024
"Saarland",15,43,2024
"Saarland",21,44,2024
"Saarland",22,45,2024
"Saarland",21,46,2024
"Saarland",13,47,2024
"Saarland",16,48,2024
"Saarland",13,49,2024
"Saarland",19,50,2024
"Saarland",16,51,2024
"Saarland",4,52,2024
"Sachsen",31,1,2024
"Sachsen",74,2,2024
"Sachsen",57,3,2024
"Sachsen",73,4,2024
"Sachsen",80,5,2024
"Sachsen",52,6,2024
"Sachsen",63,7,2024
"Sachsen",45,8,2024
"Sachsen",55,9,2024
"Sachsen",61,10,2024
"Sachsen",62,11,2024
"Sachsen",72,12,2024
"Sachsen",65,13,2024
"Sachsen",27,14,2024
"Sachsen",57,15,2024
"Sachsen",72,16,2024
"Sachsen",78,17,2024
"Sachsen",51,18,2024
"Sachsen",59,19,2024
"Sachsen",74,20,2024
"Sachsen",54,21,2024
"Sachsen",98,22,2024
"Sachsen",79,23,2024
"Sachsen",104,24,2024
"Sachsen",96,25,2024
"Sachsen",106,26,2024
"Sachsen",77,27,2024
"Sachsen",77,28,2024
"Sachsen",102,29,2024
"Sachsen",100,30,2024
"Sachsen",109,31,2024
"Sachsen",133,32,2024
"Sachsen",99,33,2024
"Sachsen",112,34,2024
"Sachsen",106,35,2024
"Sachsen",90,36,2024
"Sachsen",115,37,2024
"Sachsen",83,38,2024
"Sachsen",92,39,2024
"Sachsen",69,40,2024
"Sachsen",59,41,2024
"Sachsen",90,42,2024
"Sachsen",104,43,2024
"Sachsen",73,44,2024
"Sachsen",98,45,2024
"Sachsen",72,46,2024
"Sachsen",59,47,2024
"Sachsen",77,48,2024
"Sachsen",65,49,2024
"Sachsen",83,50,2024
"Sachsen",50,51,2024
"Sachsen",15,52,2024
"Sachsen.Anhalt",17,1,2024
"Sachsen.Anhalt",26,2,2024
"Sachsen.Anhalt",27,3,2024
"Sachsen.Anhalt",22,4,2024
"Sachsen.Anhalt",24,5,2024
"Sachsen.Anhalt",19,6,2024
"Sachsen.Anhalt",12,7,2024
"Sachsen.Anhalt",26,8,2024
"Sachsen.Anhalt",19,9,2024
"Sachsen.Anhalt",27,10,2024
"Sachsen.Anhalt",16,11,2024
"Sachsen.Anhalt",25,12,2024
"Sachsen.Anhalt",16,13,2024
"Sachsen.Anhalt",19,14,2024
"Sachsen.Anhalt",24,15,2024
"Sachsen.Anhalt",34,16,2024
"Sachsen.Anhalt",23,17,2024
"Sachsen.Anhalt",14,18,2024
"Sachsen.Anhalt",13,19,2024
"Sachsen.Anhalt",25,20,2024
"Sachsen.Anhalt",19,21,2024
"Sachsen.Anhalt",31,22,2024
"Sachsen.Anhalt",33,23,2024
"Sachsen.Anhalt",37,24,2024
"Sachsen.Anhalt",29,25,2024
"Sachsen.Anhalt",34,26,2024
"Sachsen.Anhalt",40,27,2024
"Sachsen.Anhalt",24,28,2024
"Sachsen.Anhalt",26,29,2024
"Sachsen.Anhalt",30,30,2024
"Sachsen.Anhalt",37,31,2024
"Sachsen.Anhalt",39,32,2024
"Sachsen.Anhalt",33,33,2024
"Sachsen.Anhalt",64,34,2024
"Sachsen.Anhalt",42,35,2024
"Sachsen.Anhalt",47,36,2024
"Sachsen.Anhalt",40,37,2024
"Sachsen.Anhalt",44,38,2024
"Sachsen.Anhalt",30,39,2024
"Sachsen.Anhalt",20,40,2024
"Sachsen.Anhalt",28,41,2024
"Sachsen.Anhalt",31,42,2024
"Sachsen.Anhalt",32,43,2024
"Sachsen.Anhalt",32,44,2024
"Sachsen.Anhalt",30,45,2024
"Sachsen.Anhalt",36,46,2024
"Sachsen.Anhalt",30,47,2024
"Sachsen.Anhalt",29,48,2024
"Sachsen.Anhalt",25,49,2024
"Sachsen.Anhalt",23,50,2024
"Sachsen.Anhalt",25,51,2024
"Sachsen.Anhalt",4,52,2024
"Schleswig.Holstein",36,1,2024
"Schleswig.Holstein",59,2,2024
"Schleswig.Holstein",40,3,2024
"Schleswig.Holstein",35,4,2024
"Schleswig.Holstein",27,5,2024
"Schleswig.Holstein",32,6,2024
"Schleswig.Holstein",20,7,2024
"Schleswig.Holstein",18,8,2024
"Schleswig.Holstein",19,9,2024
"Schleswig.Holstein",28,10,2024
"Schleswig.Holstein",19,11,2024
"Schleswig.Holstein",36,12,2024
"Schleswig.Holstein",16,13,2024
"Schleswig.Holstein",23,14,2024
"Schleswig.Holstein",42,15,2024
"Schleswig.Holstein",42,16,2024
"Schleswig.Holstein",40,17,2024
"Schleswig.Holstein",37,18,2024
"Schleswig.Holstein",28,19,2024
"Schleswig.Holstein",33,20,2024
"Schleswig.Holstein",41,21,2024
"Schleswig.Holstein",73,22,2024
"Schleswig.Holstein",67,23,2024
"Schleswig.Holstein",52,24,2024
"Schleswig.Holstein",47,25,2024
"Schleswig.Holstein",49,26,2024
"Schleswig.Holstein",57,27,2024
"Schleswig.Holstein",57,28,2024
"Schleswig.Holstein",51,29,2024
"Schleswig.Holstein",61,30,2024
"Schleswig.Holstein",40,31,2024
"Schleswig.Holstein",46,32,2024
"Schleswig.Holstein",57,33,2024
"Schleswig.Holstein",64,34,2024
"Schleswig.Holstein",70,35,2024
"Schleswig.Holstein",52,36,2024
"Schleswig.Holstein",69,37,2024
"Schleswig.Holstein",47,38,2024
"Schleswig.Holstein",54,39,2024
"Schleswig.Holstein",43,40,2024
"Schleswig.Holstein",52,41,2024
"Schleswig.Holstein",43,42,2024
"Schleswig.Holstein",42,43,2024
"Schleswig.Holstein",33,44,2024
"Schleswig.Holstein",59,45,2024
"Schleswig.Holstein",46,46,2024
"Schleswig.Holstein",40,47,2024
"Schleswig.Holstein",36,48,2024
"Schleswig.Holstein",43,49,2024
"Schleswig.Holstein",30,50,2024
"Schleswig.Holstein",41,51,2024
"Schleswig.Holstein",24,52,2024
"ThÃ.ringen",14,1,2024
"ThÃ.ringen",33,2,2024
"ThÃ.ringen",40,3,2024
"ThÃ.ringen",10,4,2024
"ThÃ.ringen",23,5,2024
"ThÃ.ringen",25,6,2024
"ThÃ.ringen",27,7,2024
"ThÃ.ringen",31,8,2024
"ThÃ.ringen",29,9,2024
"ThÃ.ringen",20,10,2024
"ThÃ.ringen",16,11,2024
"ThÃ.ringen",31,12,2024
"ThÃ.ringen",13,13,2024
"ThÃ.ringen",17,14,2024
"ThÃ.ringen",33,15,2024
"ThÃ.ringen",23,16,2024
"ThÃ.ringen",29,17,2024
"ThÃ.ringen",18,18,2024
"ThÃ.ringen",14,19,2024
"ThÃ.ringen",33,20,2024
"ThÃ.ringen",34,21,2024
"ThÃ.ringen",34,22,2024
"ThÃ.ringen",37,23,2024
"ThÃ.ringen",44,24,2024
"ThÃ.ringen",39,25,2024
"ThÃ.ringen",33,26,2024
"ThÃ.ringen",43,27,2024
"ThÃ.ringen",50,28,2024
"ThÃ.ringen",40,29,2024
"ThÃ.ringen",51,30,2024
"ThÃ.ringen",41,31,2024
"ThÃ.ringen",40,32,2024
"ThÃ.ringen",50,33,2024
"ThÃ.ringen",48,34,2024
"ThÃ.ringen",50,35,2024
"ThÃ.ringen",44,36,2024
"ThÃ.ringen",47,37,2024
"ThÃ.ringen",40,38,2024
"ThÃ.ringen",36,39,2024
"ThÃ.ringen",28,40,2024
"ThÃ.ringen",29,41,2024
"ThÃ.ringen",57,42,2024
"ThÃ.ringen",56,43,2024
"ThÃ.ringen",32,44,2024
"ThÃ.ringen",33,45,2024
"ThÃ.ringen",31,46,2024
"ThÃ.ringen",35,47,2024
"ThÃ.ringen",40,48,2024
"ThÃ.ringen",25,49,2024
"ThÃ.ringen",41,50,2024
"ThÃ.ringen",31,51,2024
"ThÃ.ringen",21,52,2024
"Baden.WÃ.rttemberg",81,1,2023
"Baden.WÃ.rttemberg",142,2,2023
"Baden.WÃ.rttemberg",118,3,2023
"Baden.WÃ.rttemberg",76,4,2023
"Baden.WÃ.rttemberg",82,5,2023
"Baden.WÃ.rttemberg",67,6,2023
"Baden.WÃ.rttemberg",73,7,2023
"Baden.WÃ.rttemberg",63,8,2023
"Baden.WÃ.rttemberg",66,9,2023
"Baden.WÃ.rttemberg",87,10,2023
"Baden.WÃ.rttemberg",81,11,2023
"Baden.WÃ.rttemberg",77,12,2023
"Baden.WÃ.rttemberg",64,13,2023
"Baden.WÃ.rttemberg",69,14,2023
"Baden.WÃ.rttemberg",49,15,2023
"Baden.WÃ.rttemberg",88,16,2023
"Baden.WÃ.rttemberg",75,17,2023
"Baden.WÃ.rttemberg",64,18,2023
"Baden.WÃ.rttemberg",86,19,2023
"Baden.WÃ.rttemberg",65,20,2023
"Baden.WÃ.rttemberg",92,21,2023
"Baden.WÃ.rttemberg",86,22,2023
"Baden.WÃ.rttemberg",99,23,2023
"Baden.WÃ.rttemberg",163,24,2023
"Baden.WÃ.rttemberg",217,25,2023
"Baden.WÃ.rttemberg",196,26,2023
"Baden.WÃ.rttemberg",212,27,2023
"Baden.WÃ.rttemberg",185,28,2023
"Baden.WÃ.rttemberg",182,29,2023
"Baden.WÃ.rttemberg",184,30,2023
"Baden.WÃ.rttemberg",137,31,2023
"Baden.WÃ.rttemberg",127,32,2023
"Baden.WÃ.rttemberg",150,33,2023
"Baden.WÃ.rttemberg",170,34,2023
"Baden.WÃ.rttemberg",186,35,2023
"Baden.WÃ.rttemberg",190,36,2023
"Baden.WÃ.rttemberg",132,37,2023
"Baden.WÃ.rttemberg",178,38,2023
"Baden.WÃ.rttemberg",140,39,2023
"Baden.WÃ.rttemberg",144,40,2023
"Baden.WÃ.rttemberg",135,41,2023
"Baden.WÃ.rttemberg",113,42,2023
"Baden.WÃ.rttemberg",102,43,2023
"Baden.WÃ.rttemberg",83,44,2023
"Baden.WÃ.rttemberg",125,45,2023
"Baden.WÃ.rttemberg",109,46,2023
"Baden.WÃ.rttemberg",107,47,2023
"Baden.WÃ.rttemberg",103,48,2023
"Baden.WÃ.rttemberg",80,49,2023
"Baden.WÃ.rttemberg",81,50,2023
"Baden.WÃ.rttemberg",85,51,2023
"Baden.WÃ.rttemberg",43,52,2023
"Bayern",82,1,2023
"Bayern",129,2,2023
"Bayern",117,3,2023
"Bayern",96,4,2023
"Bayern",121,5,2023
"Bayern",95,6,2023
"Bayern",108,7,2023
"Bayern",109,8,2023
"Bayern",80,9,2023
"Bayern",73,10,2023
"Bayern",71,11,2023
"Bayern",93,12,2023
"Bayern",75,13,2023
"Bayern",66,14,2023
"Bayern",84,15,2023
"Bayern",94,16,2023
"Bayern",110,17,2023
"Bayern",75,18,2023
"Bayern",101,19,2023
"Bayern",99,20,2023
"Bayern",132,21,2023
"Bayern",99,22,2023
"Bayern",105,23,2023
"Bayern",142,24,2023
"Bayern",212,25,2023
"Bayern",190,26,2023
"Bayern",207,27,2023
"Bayern",196,28,2023
"Bayern",241,29,2023
"Bayern",244,30,2023
"Bayern",191,31,2023
"Bayern",184,32,2023
"Bayern",166,33,2023
"Bayern",203,34,2023
"Bayern",206,35,2023
"Bayern",199,36,2023
"Bayern",180,37,2023
"Bayern",221,38,2023
"Bayern",187,39,2023
"Bayern",143,40,2023
"Bayern",179,41,2023
"Bayern",144,42,2023
"Bayern",131,43,2023
"Bayern",108,44,2023
"Bayern",152,45,2023
"Bayern",161,46,2023
"Bayern",133,47,2023
"Bayern",116,48,2023
"Bayern",115,49,2023
"Bayern",101,50,2023
"Bayern",105,51,2023
"Bayern",65,52,2023
"Berlin",35,1,2023
"Berlin",30,2,2023
"Berlin",30,3,2023
"Berlin",18,4,2023
"Berlin",14,5,2023
"Berlin",30,6,2023
"Berlin",39,7,2023
"Berlin",23,8,2023
"Berlin",25,9,2023
"Berlin",24,10,2023
"Berlin",32,11,2023
"Berlin",25,12,2023
"Berlin",28,13,2023
"Berlin",26,14,2023
"Berlin",21,15,2023
"Berlin",26,16,2023
"Berlin",27,17,2023
"Berlin",31,18,2023
"Berlin",34,19,2023
"Berlin",23,20,2023
"Berlin",21,21,2023
"Berlin",33,22,2023
"Berlin",39,23,2023
"Berlin",38,24,2023
"Berlin",46,25,2023
"Berlin",46,26,2023
"Berlin",53,27,2023
"Berlin",56,28,2023
"Berlin",58,29,2023
"Berlin",61,30,2023
"Berlin",66,31,2023
"Berlin",66,32,2023
"Berlin",69,33,2023
"Berlin",59,34,2023
"Berlin",66,35,2023
"Berlin",73,36,2023
"Berlin",58,37,2023
"Berlin",68,38,2023
"Berlin",56,39,2023
"Berlin",31,40,2023
"Berlin",58,41,2023
"Berlin",62,42,2023
"Berlin",38,43,2023
"Berlin",32,44,2023
"Berlin",34,45,2023
"Berlin",40,46,2023
"Berlin",40,47,2023
"Berlin",28,48,2023
"Berlin",36,49,2023
"Berlin",34,50,2023
"Berlin",30,51,2023
"Berlin",14,52,2023
"Brandenburg",26,1,2023
"Brandenburg",27,2,2023
"Brandenburg",28,3,2023
"Brandenburg",16,4,2023
"Brandenburg",18,5,2023
"Brandenburg",26,6,2023
"Brandenburg",25,7,2023
"Brandenburg",16,8,2023
"Brandenburg",13,9,2023
"Brandenburg",18,10,2023
"Brandenburg",13,11,2023
"Brandenburg",18,12,2023
"Brandenburg",19,13,2023
"Brandenburg",6,14,2023
"Brandenburg",21,15,2023
"Brandenburg",15,16,2023
"Brandenburg",8,17,2023
"Brandenburg",10,18,2023
"Brandenburg",23,19,2023
"Brandenburg",22,20,2023
"Brandenburg",27,21,2023
"Brandenburg",27,22,2023
"Brandenburg",36,23,2023
"Brandenburg",36,24,2023
"Brandenburg",37,25,2023
"Brandenburg",46,26,2023
"Brandenburg",47,27,2023
"Brandenburg",55,28,2023
"Brandenburg",55,29,2023
"Brandenburg",62,30,2023
"Brandenburg",54,31,2023
"Brandenburg",51,32,2023
"Brandenburg",62,33,2023
"Brandenburg",56,34,2023
"Brandenburg",51,35,2023
"Brandenburg",61,36,2023
"Brandenburg",68,37,2023
"Brandenburg",69,38,2023
"Brandenburg",44,39,2023
"Brandenburg",50,40,2023
"Brandenburg",51,41,2023
"Brandenburg",41,42,2023
"Brandenburg",31,43,2023
"Brandenburg",19,44,2023
"Brandenburg",35,45,2023
"Brandenburg",35,46,2023
"Brandenburg",30,47,2023
"Brandenburg",26,48,2023
"Brandenburg",31,49,2023
"Brandenburg",22,50,2023
"Brandenburg",30,51,2023
"Brandenburg",10,52,2023
"Bremen",6,1,2023
"Bremen",3,2,2023
"Bremen",9,3,2023
"Bremen",3,4,2023
"Bremen",3,5,2023
"Bremen",4,6,2023
"Bremen",3,7,2023
"Bremen",4,8,2023
"Bremen",3,9,2023
"Bremen",3,10,2023
"Bremen",4,11,2023
"Bremen",6,12,2023
"Bremen",4,13,2023
"Bremen",3,14,2023
"Bremen",4,15,2023
"Bremen",6,16,2023
"Bremen",1,17,2023
"Bremen",3,18,2023
"Bremen",3,19,2023
"Bremen",2,20,2023
"Bremen",2,21,2023
"Bremen",2,22,2023
"Bremen",7,23,2023
"Bremen",4,24,2023
"Bremen",7,25,2023
"Bremen",13,26,2023
"Bremen",10,27,2023
"Bremen",10,28,2023
"Bremen",12,29,2023
"Bremen",8,30,2023
"Bremen",6,31,2023
"Bremen",15,32,2023
"Bremen",5,33,2023
"Bremen",9,34,2023
"Bremen",10,35,2023
"Bremen",7,36,2023
"Bremen",10,37,2023
"Bremen",8,38,2023
"Bremen",5,39,2023
"Bremen",5,40,2023
"Bremen",8,41,2023
"Bremen",6,42,2023
"Bremen",7,43,2023
"Bremen",6,44,2023
"Bremen",6,45,2023
"Bremen",6,46,2023
"Bremen",8,47,2023
"Bremen",6,48,2023
"Bremen",4,49,2023
"Bremen",5,50,2023
"Bremen",6,51,2023
"Bremen",4,52,2023
"Hamburg",20,1,2023
"Hamburg",17,2,2023
"Hamburg",22,3,2023
"Hamburg",20,4,2023
"Hamburg",23,5,2023
"Hamburg",20,6,2023
"Hamburg",14,7,2023
"Hamburg",20,8,2023
"Hamburg",10,9,2023
"Hamburg",10,10,2023
"Hamburg",11,11,2023
"Hamburg",13,12,2023
"Hamburg",28,13,2023
"Hamburg",14,14,2023
"Hamburg",15,15,2023
"Hamburg",16,16,2023
"Hamburg",15,17,2023
"Hamburg",13,18,2023
"Hamburg",14,19,2023
"Hamburg",8,20,2023
"Hamburg",15,21,2023
"Hamburg",24,22,2023
"Hamburg",25,23,2023
"Hamburg",28,24,2023
"Hamburg",28,25,2023
"Hamburg",33,26,2023
"Hamburg",26,27,2023
"Hamburg",10,28,2023
"Hamburg",30,29,2023
"Hamburg",33,30,2023
"Hamburg",29,31,2023
"Hamburg",45,32,2023
"Hamburg",33,33,2023
"Hamburg",34,34,2023
"Hamburg",36,35,2023
"Hamburg",29,36,2023
"Hamburg",29,37,2023
"Hamburg",26,38,2023
"Hamburg",32,39,2023
"Hamburg",15,40,2023
"Hamburg",23,41,2023
"Hamburg",32,42,2023
"Hamburg",16,43,2023
"Hamburg",31,44,2023
"Hamburg",43,45,2023
"Hamburg",19,46,2023
"Hamburg",18,47,2023
"Hamburg",21,48,2023
"Hamburg",16,49,2023
"Hamburg",23,50,2023
"Hamburg",25,51,2023
"Hamburg",7,52,2023
"Hessen",47,1,2023
"Hessen",67,2,2023
"Hessen",47,3,2023
"Hessen",66,4,2023
"Hessen",55,5,2023
"Hessen",49,6,2023
"Hessen",52,7,2023
"Hessen",32,8,2023
"Hessen",47,9,2023
"Hessen",36,10,2023
"Hessen",32,11,2023
"Hessen",49,12,2023
"Hessen",45,13,2023
"Hessen",29,14,2023
"Hessen",29,15,2023
"Hessen",53,16,2023
"Hessen",72,17,2023
"Hessen",43,18,2023
"Hessen",57,19,2023
"Hessen",50,20,2023
"Hessen",54,21,2023
"Hessen",48,22,2023
"Hessen",59,23,2023
"Hessen",92,24,2023
"Hessen",100,25,2023
"Hessen",105,26,2023
"Hessen",112,27,2023
"Hessen",98,28,2023
"Hessen",114,29,2023
"Hessen",105,30,2023
"Hessen",90,31,2023
"Hessen",80,32,2023
"Hessen",95,33,2023
"Hessen",89,34,2023
"Hessen",99,35,2023
"Hessen",114,36,2023
"Hessen",124,37,2023
"Hessen",113,38,2023
"Hessen",86,39,2023
"Hessen",39,40,2023
"Hessen",71,41,2023
"Hessen",66,42,2023
"Hessen",62,43,2023
"Hessen",76,44,2023
"Hessen",77,45,2023
"Hessen",96,46,2023
"Hessen",62,47,2023
"Hessen",73,48,2023
"Hessen",69,49,2023
"Hessen",74,50,2023
"Hessen",57,51,2023
"Hessen",25,52,2023
"Mecklenburg.Vorpommern",18,1,2023
"Mecklenburg.Vorpommern",22,2,2023
"Mecklenburg.Vorpommern",14,3,2023
"Mecklenburg.Vorpommern",22,4,2023
"Mecklenburg.Vorpommern",15,5,2023
"Mecklenburg.Vorpommern",21,6,2023
"Mecklenburg.Vorpommern",13,7,2023
"Mecklenburg.Vorpommern",17,8,2023
"Mecklenburg.Vorpommern",8,9,2023
"Mecklenburg.Vorpommern",8,10,2023
"Mecklenburg.Vorpommern",9,11,2023
"Mecklenburg.Vorpommern",18,12,2023
"Mecklenburg.Vorpommern",9,13,2023
"Mecklenburg.Vorpommern",9,14,2023
"Mecklenburg.Vorpommern",5,15,2023
"Mecklenburg.Vorpommern",17,16,2023
"Mecklenburg.Vorpommern",6,17,2023
"Mecklenburg.Vorpommern",8,18,2023
"Mecklenburg.Vorpommern",14,19,2023
"Mecklenburg.Vorpommern",11,20,2023
"Mecklenburg.Vorpommern",27,21,2023
"Mecklenburg.Vorpommern",14,22,2023
"Mecklenburg.Vorpommern",25,23,2023
"Mecklenburg.Vorpommern",31,24,2023
"Mecklenburg.Vorpommern",41,25,2023
"Mecklenburg.Vorpommern",35,26,2023
"Mecklenburg.Vorpommern",34,27,2023
"Mecklenburg.Vorpommern",48,28,2023
"Mecklenburg.Vorpommern",33,29,2023
"Mecklenburg.Vorpommern",42,30,2023
"Mecklenburg.Vorpommern",45,31,2023
"Mecklenburg.Vorpommern",24,32,2023
"Mecklenburg.Vorpommern",42,33,2023
"Mecklenburg.Vorpommern",43,34,2023
"Mecklenburg.Vorpommern",53,35,2023
"Mecklenburg.Vorpommern",50,36,2023
"Mecklenburg.Vorpommern",49,37,2023
"Mecklenburg.Vorpommern",57,38,2023
"Mecklenburg.Vorpommern",39,39,2023
"Mecklenburg.Vorpommern",29,40,2023
"Mecklenburg.Vorpommern",25,41,2023
"Mecklenburg.Vorpommern",20,42,2023
"Mecklenburg.Vorpommern",31,43,2023
"Mecklenburg.Vorpommern",10,44,2023
"Mecklenburg.Vorpommern",29,45,2023
"Mecklenburg.Vorpommern",20,46,2023
"Mecklenburg.Vorpommern",9,47,2023
"Mecklenburg.Vorpommern",22,48,2023
"Mecklenburg.Vorpommern",25,49,2023
"Mecklenburg.Vorpommern",25,50,2023
"Mecklenburg.Vorpommern",20,51,2023
"Mecklenburg.Vorpommern",4,52,2023
"Niedersachsen",67,1,2023
"Niedersachsen",91,2,2023
"Niedersachsen",65,3,2023
"Niedersachsen",56,4,2023
"Niedersachsen",46,5,2023
"Niedersachsen",57,6,2023
"Niedersachsen",59,7,2023
"Niedersachsen",28,8,2023
"Niedersachsen",52,9,2023
"Niedersachsen",55,10,2023
"Niedersachsen",47,11,2023
"Niedersachsen",38,12,2023
"Niedersachsen",47,13,2023
"Niedersachsen",38,14,2023
"Niedersachsen",50,15,2023
"Niedersachsen",65,16,2023
"Niedersachsen",47,17,2023
"Niedersachsen",30,18,2023
"Niedersachsen",54,19,2023
"Niedersachsen",54,20,2023
"Niedersachsen",88,21,2023
"Niedersachsen",77,22,2023
"Niedersachsen",82,23,2023
"Niedersachsen",116,24,2023
"Niedersachsen",141,25,2023
"Niedersachsen",134,26,2023
"Niedersachsen",111,27,2023
"Niedersachsen",115,28,2023
"Niedersachsen",133,29,2023
"Niedersachsen",116,30,2023
"Niedersachsen",138,31,2023
"Niedersachsen",111,32,2023
"Niedersachsen",117,33,2023
"Niedersachsen",124,34,2023
"Niedersachsen",133,35,2023
"Niedersachsen",109,36,2023
"Niedersachsen",98,37,2023
"Niedersachsen",108,38,2023
"Niedersachsen",97,39,2023
"Niedersachsen",77,40,2023
"Niedersachsen",95,41,2023
"Niedersachsen",73,42,2023
"Niedersachsen",90,43,2023
"Niedersachsen",67,44,2023
"Niedersachsen",115,45,2023
"Niedersachsen",78,46,2023
"Niedersachsen",58,47,2023
"Niedersachsen",73,48,2023
"Niedersachsen",78,49,2023
"Niedersachsen",74,50,2023
"Niedersachsen",84,51,2023
"Niedersachsen",34,52,2023
"Nordrhein.Westfalen",166,1,2023
"Nordrhein.Westfalen",213,2,2023
"Nordrhein.Westfalen",163,3,2023
"Nordrhein.Westfalen",136,4,2023
"Nordrhein.Westfalen",128,5,2023
"Nordrhein.Westfalen",152,6,2023
"Nordrhein.Westfalen",116,7,2023
"Nordrhein.Westfalen",93,8,2023
"Nordrhein.Westfalen",92,9,2023
"Nordrhein.Westfalen",99,10,2023
"Nordrhein.Westfalen",119,11,2023
"Nordrhein.Westfalen",122,12,2023
"Nordrhein.Westfalen",139,13,2023
"Nordrhein.Westfalen",124,14,2023
"Nordrhein.Westfalen",98,15,2023
"Nordrhein.Westfalen",136,16,2023
"Nordrhein.Westfalen",109,17,2023
"Nordrhein.Westfalen",96,18,2023
"Nordrhein.Westfalen",163,19,2023
"Nordrhein.Westfalen",139,20,2023
"Nordrhein.Westfalen",160,21,2023
"Nordrhein.Westfalen",154,22,2023
"Nordrhein.Westfalen",207,23,2023
"Nordrhein.Westfalen",230,24,2023
"Nordrhein.Westfalen",293,25,2023
"Nordrhein.Westfalen",255,26,2023
"Nordrhein.Westfalen",268,27,2023
"Nordrhein.Westfalen",264,28,2023
"Nordrhein.Westfalen",264,29,2023
"Nordrhein.Westfalen",268,30,2023
"Nordrhein.Westfalen",276,31,2023
"Nordrhein.Westfalen",303,32,2023
"Nordrhein.Westfalen",309,33,2023
"Nordrhein.Westfalen",295,34,2023
"Nordrhein.Westfalen",309,35,2023
"Nordrhein.Westfalen",274,36,2023
"Nordrhein.Westfalen",216,37,2023
"Nordrhein.Westfalen",272,38,2023
"Nordrhein.Westfalen",238,39,2023
"Nordrhein.Westfalen",176,40,2023
"Nordrhein.Westfalen",257,41,2023
"Nordrhein.Westfalen",248,42,2023
"Nordrhein.Westfalen",256,43,2023
"Nordrhein.Westfalen",174,44,2023
"Nordrhein.Westfalen",226,45,2023
"Nordrhein.Westfalen",179,46,2023
"Nordrhein.Westfalen",169,47,2023
"Nordrhein.Westfalen",183,48,2023
"Nordrhein.Westfalen",176,49,2023
"Nordrhein.Westfalen",170,50,2023
"Nordrhein.Westfalen",138,51,2023
"Nordrhein.Westfalen",55,52,2023
"Rheinland.Pfalz",74,1,2023
"Rheinland.Pfalz",54,2,2023
"Rheinland.Pfalz",51,3,2023
"Rheinland.Pfalz",34,4,2023
"Rheinland.Pfalz",40,5,2023
"Rheinland.Pfalz",50,6,2023
"Rheinland.Pfalz",41,7,2023
"Rheinland.Pfalz",27,8,2023
"Rheinland.Pfalz",40,9,2023
"Rheinland.Pfalz",55,10,2023
"Rheinland.Pfalz",34,11,2023
"Rheinland.Pfalz",43,12,2023
"Rheinland.Pfalz",41,13,2023
"Rheinland.Pfalz",14,14,2023
"Rheinland.Pfalz",36,15,2023
"Rheinland.Pfalz",52,16,2023
"Rheinland.Pfalz",41,17,2023
"Rheinland.Pfalz",33,18,2023
"Rheinland.Pfalz",33,19,2023
"Rheinland.Pfalz",31,20,2023
"Rheinland.Pfalz",38,21,2023
"Rheinland.Pfalz",44,22,2023
"Rheinland.Pfalz",48,23,2023
"Rheinland.Pfalz",83,24,2023
"Rheinland.Pfalz",98,25,2023
"Rheinland.Pfalz",115,26,2023
"Rheinland.Pfalz",102,27,2023
"Rheinland.Pfalz",81,28,2023
"Rheinland.Pfalz",121,29,2023
"Rheinland.Pfalz",115,30,2023
"Rheinland.Pfalz",77,31,2023
"Rheinland.Pfalz",59,32,2023
"Rheinland.Pfalz",71,33,2023
"Rheinland.Pfalz",100,34,2023
"Rheinland.Pfalz",115,35,2023
"Rheinland.Pfalz",87,36,2023
"Rheinland.Pfalz",105,37,2023
"Rheinland.Pfalz",98,38,2023
"Rheinland.Pfalz",84,39,2023
"Rheinland.Pfalz",60,40,2023
"Rheinland.Pfalz",90,41,2023
"Rheinland.Pfalz",63,42,2023
"Rheinland.Pfalz",46,43,2023
"Rheinland.Pfalz",51,44,2023
"Rheinland.Pfalz",78,45,2023
"Rheinland.Pfalz",54,46,2023
"Rheinland.Pfalz",58,47,2023
"Rheinland.Pfalz",59,48,2023
"Rheinland.Pfalz",48,49,2023
"Rheinland.Pfalz",56,50,2023
"Rheinland.Pfalz",49,51,2023
"Rheinland.Pfalz",15,52,2023
"Saarland",22,1,2023
"Saarland",23,2,2023
"Saarland",12,3,2023
"Saarland",12,4,2023
"Saarland",14,5,2023
"Saarland",15,6,2023
"Saarland",10,7,2023
"Saarland",5,8,2023
"Saarland",15,9,2023
"Saarland",13,10,2023
"Saarland",11,11,2023
"Saarland",5,12,2023
"Saarland",3,13,2023
"Saarland",6,14,2023
"Saarland",8,15,2023
"Saarland",6,16,2023
"Saarland",7,17,2023
"Saarland",18,18,2023
"Saarland",17,19,2023
"Saarland",15,20,2023
"Saarland",16,21,2023
"Saarland",14,22,2023
"Saarland",20,23,2023
"Saarland",28,24,2023
"Saarland",29,25,2023
"Saarland",20,26,2023
"Saarland",31,27,2023
"Saarland",26,28,2023
"Saarland",42,29,2023
"Saarland",34,30,2023
"Saarland",29,31,2023
"Saarland",17,32,2023
"Saarland",22,33,2023
"Saarland",23,34,2023
"Saarland",23,35,2023
"Saarland",36,36,2023
"Saarland",20,37,2023
"Saarland",32,38,2023
"Saarland",22,39,2023
"Saarland",11,40,2023
"Saarland",18,41,2023
"Saarland",20,42,2023
"Saarland",18,43,2023
"Saarland",9,44,2023
"Saarland",28,45,2023
"Saarland",20,46,2023
"Saarland",24,47,2023
"Saarland",22,48,2023
"Saarland",11,49,2023
"Saarland",12,50,2023
"Saarland",14,51,2023
"Saarland",6,52,2023
"Sachsen",66,1,2023
"Sachsen",59,2,2023
"Sachsen",45,3,2023
"Sachsen",44,4,2023
"Sachsen",48,5,2023
"Sachsen",52,6,2023
"Sachsen",36,7,2023
"Sachsen",31,8,2023
"Sachsen",43,9,2023
"Sachsen",41,10,2023
"Sachsen",33,11,2023
"Sachsen",49,12,2023
"Sachsen",55,13,2023
"Sachsen",48,14,2023
"Sachsen",35,15,2023
"Sachsen",40,16,2023
"Sachsen",51,17,2023
"Sachsen",39,18,2023
"Sachsen",39,19,2023
"Sachsen",36,20,2023
"Sachsen",57,21,2023
"Sachsen",64,22,2023
"Sachsen",89,23,2023
"Sachsen",68,24,2023
"Sachsen",102,25,2023
"Sachsen",124,26,2023
"Sachsen",109,27,2023
"Sachsen",125,28,2023
"Sachsen",127,29,2023
"Sachsen",128,30,2023
"Sachsen",104,31,2023
"Sachsen",130,32,2023
"Sachsen",131,33,2023
"Sachsen",140,34,2023
"Sachsen",122,35,2023
"Sachsen",117,36,2023
"Sachsen",121,37,2023
"Sachsen",102,38,2023
"Sachsen",101,39,2023
"Sachsen",59,40,2023
"Sachsen",76,41,2023
"Sachsen",71,42,2023
"Sachsen",78,43,2023
"Sachsen",60,44,2023
"Sachsen",86,45,2023
"Sachsen",64,46,2023
"Sachsen",65,47,2023
"Sachsen",62,48,2023
"Sachsen",62,49,2023
"Sachsen",80,50,2023
"Sachsen",46,51,2023
"Sachsen",17,52,2023
"Sachsen.Anhalt",9,1,2023
"Sachsen.Anhalt",25,2,2023
"Sachsen.Anhalt",16,3,2023
"Sachsen.Anhalt",12,4,2023
"Sachsen.Anhalt",11,5,2023
"Sachsen.Anhalt",12,6,2023
"Sachsen.Anhalt",17,7,2023
"Sachsen.Anhalt",19,8,2023
"Sachsen.Anhalt",14,9,2023
"Sachsen.Anhalt",14,10,2023
"Sachsen.Anhalt",6,11,2023
"Sachsen.Anhalt",13,12,2023
"Sachsen.Anhalt",9,13,2023
"Sachsen.Anhalt",17,14,2023
"Sachsen.Anhalt",9,15,2023
"Sachsen.Anhalt",18,16,2023
"Sachsen.Anhalt",7,17,2023
"Sachsen.Anhalt",7,18,2023
"Sachsen.Anhalt",13,19,2023
"Sachsen.Anhalt",8,20,2023
"Sachsen.Anhalt",15,21,2023
"Sachsen.Anhalt",14,22,2023
"Sachsen.Anhalt",17,23,2023
"Sachsen.Anhalt",23,24,2023
"Sachsen.Anhalt",31,25,2023
"Sachsen.Anhalt",32,26,2023
"Sachsen.Anhalt",31,27,2023
"Sachsen.Anhalt",30,28,2023
"Sachsen.Anhalt",49,29,2023
"Sachsen.Anhalt",48,30,2023
"Sachsen.Anhalt",39,31,2023
"Sachsen.Anhalt",34,32,2023
"Sachsen.Anhalt",39,33,2023
"Sachsen.Anhalt",36,34,2023
"Sachsen.Anhalt",35,35,2023
"Sachsen.Anhalt",39,36,2023
"Sachsen.Anhalt",33,37,2023
"Sachsen.Anhalt",35,38,2023
"Sachsen.Anhalt",41,39,2023
"Sachsen.Anhalt",27,40,2023
"Sachsen.Anhalt",34,41,2023
"Sachsen.Anhalt",37,42,2023
"Sachsen.Anhalt",14,43,2023
"Sachsen.Anhalt",31,44,2023
"Sachsen.Anhalt",38,45,2023
"Sachsen.Anhalt",30,46,2023
"Sachsen.Anhalt",32,47,2023
"Sachsen.Anhalt",19,48,2023
"Sachsen.Anhalt",27,49,2023
"Sachsen.Anhalt",19,50,2023
"Sachsen.Anhalt",21,51,2023
"Sachsen.Anhalt",8,52,2023
"Schleswig.Holstein",29,1,2023
"Schleswig.Holstein",40,2,2023
"Schleswig.Holstein",36,3,2023
"Schleswig.Holstein",22,4,2023
"Schleswig.Holstein",18,5,2023
"Schleswig.Holstein",17,6,2023
"Schleswig.Holstein",21,7,2023
"Schleswig.Holstein",17,8,2023
"Schleswig.Holstein",25,9,2023
"Schleswig.Holstein",20,10,2023
"Schleswig.Holstein",17,11,2023
"Schleswig.Holstein",23,12,2023
"Schleswig.Holstein",17,13,2023
"Schleswig.Holstein",24,14,2023
"Schleswig.Holstein",14,15,2023
"Schleswig.Holstein",16,16,2023
"Schleswig.Holstein",12,17,2023
"Schleswig.Holstein",15,18,2023
"Schleswig.Holstein",15,19,2023
"Schleswig.Holstein",25,20,2023
"Schleswig.Holstein",31,21,2023
"Schleswig.Holstein",39,22,2023
"Schleswig.Holstein",67,23,2023
"Schleswig.Holstein",61,24,2023
"Schleswig.Holstein",70,25,2023
"Schleswig.Holstein",51,26,2023
"Schleswig.Holstein",55,27,2023
"Schleswig.Holstein",56,28,2023
"Schleswig.Holstein",52,29,2023
"Schleswig.Holstein",54,30,2023
"Schleswig.Holstein",70,31,2023
"Schleswig.Holstein",56,32,2023
"Schleswig.Holstein",53,33,2023
"Schleswig.Holstein",57,34,2023
"Schleswig.Holstein",62,35,2023
"Schleswig.Holstein",72,36,2023
"Schleswig.Holstein",41,37,2023
"Schleswig.Holstein",47,38,2023
"Schleswig.Holstein",64,39,2023
"Schleswig.Holstein",36,40,2023
"Schleswig.Holstein",58,41,2023
"Schleswig.Holstein",34,42,2023
"Schleswig.Holstein",28,43,2023
"Schleswig.Holstein",21,44,2023
"Schleswig.Holstein",51,45,2023
"Schleswig.Holstein",42,46,2023
"Schleswig.Holstein",37,47,2023
"Schleswig.Holstein",40,48,2023
"Schleswig.Holstein",28,49,2023
"Schleswig.Holstein",25,50,2023
"Schleswig.Holstein",21,51,2023
"Schleswig.Holstein",14,52,2023
"ThÃ.ringen",15,1,2023
"ThÃ.ringen",25,2,2023
"ThÃ.ringen",19,3,2023
"ThÃ.ringen",16,4,2023
"ThÃ.ringen",29,5,2023
"ThÃ.ringen",19,6,2023
"ThÃ.ringen",16,7,2023
"ThÃ.ringen",21,8,2023
"ThÃ.ringen",22,9,2023
"ThÃ.ringen",13,10,2023
"ThÃ.ringen",18,11,2023
"ThÃ.ringen",23,12,2023
"ThÃ.ringen",24,13,2023
"ThÃ.ringen",12,14,2023
"ThÃ.ringen",19,15,2023
"ThÃ.ringen",10,16,2023
"ThÃ.ringen",23,17,2023
"ThÃ.ringen",18,18,2023
"ThÃ.ringen",16,19,2023
"ThÃ.ringen",19,20,2023
"ThÃ.ringen",29,21,2023
"ThÃ.ringen",20,22,2023
"ThÃ.ringen",26,23,2023
"ThÃ.ringen",34,24,2023
"ThÃ.ringen",42,25,2023
"ThÃ.ringen",42,26,2023
"ThÃ.ringen",65,27,2023
"ThÃ.ringen",30,28,2023
"ThÃ.ringen",57,29,2023
"ThÃ.ringen",48,30,2023
"ThÃ.ringen",37,31,2023
"ThÃ.ringen",44,32,2023
"ThÃ.ringen",55,33,2023
"ThÃ.ringen",53,34,2023
"ThÃ.ringen",57,35,2023
"ThÃ.ringen",42,36,2023
"ThÃ.ringen",34,37,2023
"ThÃ.ringen",45,38,2023
"ThÃ.ringen",35,39,2023
"ThÃ.ringen",19,40,2023
"ThÃ.ringen",29,41,2023
"ThÃ.ringen",32,42,2023
"ThÃ.ringen",35,43,2023
"ThÃ.ringen",24,44,2023
"ThÃ.ringen",33,45,2023
"ThÃ.ringen",35,46,2023
"ThÃ.ringen",19,47,2023
"ThÃ.ringen",31,48,2023
"ThÃ.ringen",22,49,2023
"ThÃ.ringen",22,50,2023
"ThÃ.ringen",20,51,2023
"ThÃ.ringen",7,52,2023
