"stratum","value","week","year"
"A00..00",3,1,2025
"A00..00",5,2,2025
"A00..00",7,3,2025
"A00..00",4,4,2025
"A00..00",6,5,2025
"A00..00",5,6,2025
"A00..00",8,7,2025
"A00..00",1,8,2025
"A00..00",2,9,2025
"A00..00",6,10,2025
"A00..00",4,11,2025
"A00..00",6,12,2025
"A00..00",3,13,2025
"A00..00",4,14,2025
"A00..00",4,15,2025
"A00..00",6,16,2025
"A00..00",10,17,2025
"A00..00",8,18,2025
"A00..00",13,19,2025
"A00..00",16,20,2025
"A00..00",10,21,2025
"A00..00",6,22,2025
"A00..00",11,23,2025
"A00..00",3,24,2025
"A00..00",10,25,2025
"A00..00",2,26,2025
"A01..01",2,1,2025
"A01..01",5,2,2025
"A01..01",4,3,2025
"A01..01",7,4,2025
"A01..01",4,5,2025
"A01..01",7,6,2025
"A01..01",2,7,2025
"A01..01",5,8,2025
"A01..01",4,9,2025
"A01..01",3,10,2025
"A01..01",3,11,2025
"A01..01",4,12,2025
"A01..01",5,13,2025
"A01..01",3,14,2025
"A01..01",9,15,2025
"A01..01",5,16,2025
"A01..01",9,17,2025
"A01..01",10,18,2025
"A01..01",9,19,2025
"A01..01",14,20,2025
"A01..01",16,21,2025
"A01..01",17,22,2025
"A01..01",20,23,2025
"A01..01",13,24,2025
"A01..01",14,25,2025
"A01..01",3,26,2025
"A02..02",1,1,2025
"A02..02",4,2,2025
"A02..02",6,3,2025
"A02..02",3,4,2025
"A02..02",2,5,2025
"A02..02",5,6,2025
"A02..02",4,7,2025
"A02..02",4,8,2025
"A02..02",1,9,2025
"A02..02",2,10,2025
"A02..02",2,11,2025
"A02..02",4,12,2025
"A02..02",9,13,2025
"A02..02",7,14,2025
"A02..02",4,15,2025
"A02..02",1,16,2025
"A02..02",4,17,2025
"A02..02",3,18,2025
"A02..02",7,19,2025
"A02..02",10,20,2025
"A02..02",8,21,2025
"A02..02",7,22,2025
"A02..02",9,23,2025
"A02..02",9,24,2025
"A02..02",4,25,2025
"A02..02",1,26,2025
"A03..03",5,1,2025
"A03..03",2,2,2025
"A03..03",5,3,2025
"A03..03",6,4,2025
"A03..03",1,5,2025
"A03..03",4,6,2025
"A03..03",5,7,2025
"A03..03",4,8,2025
"A03..03",5,9,2025
"A03..03",3,10,2025
"A03..03",2,11,2025
"A03..03",2,12,2025
"A03..03",4,13,2025
"A03..03",2,14,2025
"A03..03",3,15,2025
"A03..03",NA,16,2025
"A03..03",2,17,2025
"A03..03",8,18,2025
"A03..03",4,19,2025
"A03..03",6,20,2025
"A03..03",3,21,2025
"A03..03",4,22,2025
"A03..03",12,23,2025
"A03..03",10,24,2025
"A03..03",7,25,2025
"A03..03",2,26,2025
"A04..04",1,1,2025
"A04..04",8,2,2025
"A04..04",4,3,2025
"A04..04",5,4,2025
"A04..04",4,5,2025
"A04..04",6,6,2025
"A04..04",3,7,2025
"A04..04",5,8,2025
"A04..04",4,9,2025
"A04..04",2,10,2025
"A04..04",1,11,2025
"A04..04",2,12,2025
"A04..04",4,13,2025
"A04..04",4,14,2025
"A04..04",1,15,2025
"A04..04",7,16,2025
"A04..04",2,17,2025
"A04..04",4,18,2025
"A04..04",9,19,2025
"A04..04",5,20,2025
"A04..04",3,21,2025
"A04..04",3,22,2025
"A04..04",7,23,2025
"A04..04",4,24,2025
"A04..04",7,25,2025
"A04..04",3,26,2025
"A05..05",3,1,2025
"A05..05",4,2,2025
"A05..05",NA,3,2025
"A05..05",1,4,2025
"A05..05",2,5,2025
"A05..05",4,6,2025
"A05..05",1,7,2025
"A05..05",3,8,2025
"A05..05",2,9,2025
"A05..05",1,10,2025
"A05..05",2,11,2025
"A05..05",1,12,2025
"A05..05",4,13,2025
"A05..05",1,14,2025
"A05..05",1,15,2025
"A05..05",4,16,2025
"A05..05",1,17,2025
"A05..05",4,18,2025
"A05..05",5,19,2025
"A05..05",4,20,2025
"A05..05",5,21,2025
"A05..05",5,22,2025
"A05..05",9,23,2025
"A05..05",7,24,2025
"A05..05",5,25,2025
"A05..05",1,26,2025
"A06..06",1,1,2025
"A06..06",1,2,2025
"A06..06",4,3,2025
"A06..06",7,4,2025
"A06..06",1,5,2025
"A06..06",1,6,2025
"A06..06",4,7,2025
"A06..06",1,8,2025
"A06..06",1,9,2025
"A06..06",NA,10,2025
"A06..06",4,11,2025
"A06..06",NA,12,2025
"A06..06",3,13,2025
"A06..06",1,14,2025
"A06..06",NA,15,2025
"A06..06",NA,16,2025
"A06..06",5,17,2025
"A06..06",4,18,2025
"A06..06",6,19,2025
"A06..06",6,20,2025
"A06..06",4,21,2025
"A06..06",5,22,2025
"A06..06",5,23,2025
"A06..06",4,24,2025
"A06..06",6,25,2025
"A06..06",NA,26,2025
"A07..07",2,1,2025
"A07..07",3,2,2025
"A07..07",2,3,2025
"A07..07",2,4,2025
"A07..07",5,5,2025
"A07..07",1,6,2025
"A07..07",3,7,2025
"A07..07",2,8,2025
"A07..07",2,9,2025
"A07..07",2,10,2025
"A07..07",4,11,2025
"A07..07",2,12,2025
"A07..07",3,13,2025
"A07..07",1,14,2025
"A07..07",4,15,2025
"A07..07",2,16,2025
"A07..07",3,17,2025
"A07..07",6,18,2025
"A07..07",5,19,2025
"A07..07",2,20,2025
"A07..07",3,21,2025
"A07..07",1,22,2025
"A07..07",4,23,2025
"A07..07",1,24,2025
"A07..07",1,25,2025
"A07..07",NA,26,2025
"A08..08",2,1,2025
"A08..08",1,2,2025
"A08..08",3,3,2025
"A08..08",6,4,2025
"A08..08",1,5,2025
"A08..08",2,6,2025
"A08..08",NA,7,2025
"A08..08",3,8,2025
"A08..08",4,9,2025
"A08..08",NA,10,2025
"A08..08",1,11,2025
"A08..08",NA,12,2025
"A08..08",1,13,2025
"A08..08",2,14,2025
"A08..08",2,15,2025
"A08..08",NA,16,2025
"A08..08",NA,17,2025
"A08..08",1,18,2025
"A08..08",11,19,2025
"A08..08",2,20,2025
"A08..08",2,21,2025
"A08..08",1,22,2025
"A08..08",4,23,2025
"A08..08",1,24,2025
"A08..08",1,25,2025
"A08..08",1,26,2025
"A09..09",NA,1,2025
"A09..09",NA,2,2025
"A09..09",2,3,2025
"A09..09",2,4,2025
"A09..09",5,5,2025
"A09..09",1,6,2025
"A09..09",2,7,2025
"A09..09",1,8,2025
"A09..09",NA,9,2025
"A09..09",NA,10,2025
"A09..09",2,11,2025
"A09..09",1,12,2025
"A09..09",2,13,2025
"A09..09",2,14,2025
"A09..09",2,15,2025
"A09..09",3,16,2025
"A09..09",2,17,2025
"A09..09",4,18,2025
"A09..09",6,19,2025
"A09..09",3,20,2025
"A09..09",2,21,2025
"A09..09",5,22,2025
"A09..09",5,23,2025
"A09..09",5,24,2025
"A09..09",3,25,2025
"A09..09",NA,26,2025
"A10..10",NA,1,2025
"A10..10",4,2,2025
"A10..10",2,3,2025
"A10..10",1,4,2025
"A10..10",1,5,2025
"A10..10",1,6,2025
"A10..10",4,7,2025
"A10..10",3,8,2025
"A10..10",5,9,2025
"A10..10",3,10,2025
"A10..10",1,11,2025
"A10..10",1,12,2025
"A10..10",3,13,2025
"A10..10",NA,14,2025
"A10..10",NA,15,2025
"A10..10",2,16,2025
"A10..10",3,17,2025
"A10..10",3,18,2025
"A10..10",NA,19,2025
"A10..10",1,20,2025
"A10..10",1,21,2025
"A10..10",1,22,2025
"A10..10",2,23,2025
"A10..10",1,24,2025
"A10..10",2,25,2025
"A10..10",1,26,2025
"A11..11",NA,1,2025
"A11..11",2,2,2025
"A11..11",2,3,2025
"A11..11",1,4,2025
"A11..11",2,5,2025
"A11..11",1,6,2025
"A11..11",NA,7,2025
"A11..11",NA,8,2025
"A11..11",NA,9,2025
"A11..11",3,10,2025
"A11..11",2,11,2025
"A11..11",1,12,2025
"A11..11",2,13,2025
"A11..11",2,14,2025
"A11..11",2,15,2025
"A11..11",2,16,2025
"A11..11",2,17,2025
"A11..11",2,18,2025
"A11..11",5,19,2025
"A11..11",4,20,2025
"A11..11",1,21,2025
"A11..11",1,22,2025
"A11..11",3,23,2025
"A11..11",2,24,2025
"A11..11",4,25,2025
"A11..11",1,26,2025
"A12..12",1,1,2025
"A12..12",3,2,2025
"A12..12",2,3,2025
"A12..12",2,4,2025
"A12..12",1,5,2025
"A12..12",NA,6,2025
"A12..12",1,7,2025
"A12..12",2,8,2025
"A12..12",1,9,2025
"A12..12",2,10,2025
"A12..12",4,11,2025
"A12..12",1,12,2025
"A12..12",1,13,2025
"A12..12",1,14,2025
"A12..12",2,15,2025
"A12..12",NA,16,2025
"A12..12",2,17,2025
"A12..12",5,18,2025
"A12..12",3,19,2025
"A12..12",3,20,2025
"A12..12",1,21,2025
"A12..12",1,22,2025
"A12..12",1,23,2025
"A12..12",3,24,2025
"A12..12",3,25,2025
"A12..12",1,26,2025
"A13..13",NA,1,2025
"A13..13",2,2,2025
"A13..13",2,3,2025
"A13..13",3,4,2025
"A13..13",1,5,2025
"A13..13",2,6,2025
"A13..13",2,7,2025
"A13..13",NA,8,2025
"A13..13",NA,9,2025
"A13..13",1,10,2025
"A13..13",3,11,2025
"A13..13",NA,12,2025
"A13..13",1,13,2025
"A13..13",1,14,2025
"A13..13",NA,15,2025
"A13..13",1,16,2025
"A13..13",NA,17,2025
"A13..13",1,18,2025
"A13..13",6,19,2025
"A13..13",3,20,2025
"A13..13",4,21,2025
"A13..13",1,22,2025
"A13..13",2,23,2025
"A13..13",2,24,2025
"A13..13",4,25,2025
"A13..13",NA,26,2025
"A14..14",2,1,2025
"A14..14",NA,2,2025
"A14..14",1,3,2025
"A14..14",4,4,2025
"A14..14",3,5,2025
"A14..14",1,6,2025
"A14..14",3,7,2025
"A14..14",2,8,2025
"A14..14",NA,9,2025
"A14..14",1,10,2025
"A14..14",1,11,2025
"A14..14",1,12,2025
"A14..14",1,13,2025
"A14..14",1,14,2025
"A14..14",4,15,2025
"A14..14",6,16,2025
"A14..14",1,17,2025
"A14..14",7,18,2025
"A14..14",2,19,2025
"A14..14",2,20,2025
"A14..14",2,21,2025
"A14..14",1,22,2025
"A14..14",3,23,2025
"A14..14",NA,24,2025
"A14..14",2,25,2025
"A14..14",NA,26,2025
"A15..15",NA,1,2025
"A15..15",NA,2,2025
"A15..15",3,3,2025
"A15..15",4,4,2025
"A15..15",1,5,2025
"A15..15",1,6,2025
"A15..15",2,7,2025
"A15..15",NA,8,2025
"A15..15",NA,9,2025
"A15..15",NA,10,2025
"A15..15",1,11,2025
"A15..15",3,12,2025
"A15..15",1,13,2025
"A15..15",NA,14,2025
"A15..15",2,15,2025
"A15..15",NA,16,2025
"A15..15",2,17,2025
"A15..15",5,18,2025
"A15..15",3,19,2025
"A15..15",5,20,2025
"A15..15",2,21,2025
"A15..15",3,22,2025
"A15..15",2,23,2025
"A15..15",6,24,2025
"A15..15",NA,25,2025
"A15..15",1,26,2025
"A16..16",1,1,2025
"A16..16",3,2,2025
"A16..16",3,3,2025
"A16..16",1,4,2025
"A16..16",4,5,2025
"A16..16",2,6,2025
"A16..16",1,7,2025
"A16..16",4,8,2025
"A16..16",NA,9,2025
"A16..16",NA,10,2025
"A16..16",4,11,2025
"A16..16",1,12,2025
"A16..16",2,13,2025
"A16..16",NA,14,2025
"A16..16",NA,15,2025
"A16..16",NA,16,2025
"A16..16",1,17,2025
"A16..16",2,18,2025
"A16..16",4,19,2025
"A16..16",NA,20,2025
"A16..16",5,21,2025
"A16..16",2,22,2025
"A16..16",4,23,2025
"A16..16",3,24,2025
"A16..16",4,25,2025
"A16..16",NA,26,2025
"A17..17",NA,1,2025
"A17..17",3,2,2025
"A17..17",4,3,2025
"A17..17",3,4,2025
"A17..17",3,5,2025
"A17..17",1,6,2025
"A17..17",NA,7,2025
"A17..17",2,8,2025
"A17..17",NA,9,2025
"A17..17",NA,10,2025
"A17..17",1,11,2025
"A17..17",NA,12,2025
"A17..17",1,13,2025
"A17..17",1,14,2025
"A17..17",4,15,2025
"A17..17",NA,16,2025
"A17..17",2,17,2025
"A17..17",5,18,2025
"A17..17",3,19,2025
"A17..17",2,20,2025
"A17..17",1,21,2025
"A17..17",3,22,2025
"A17..17",5,23,2025
"A17..17",NA,24,2025
"A17..17",3,25,2025
"A17..17",1,26,2025
"A18..18",1,1,2025
"A18..18",3,2,2025
"A18..18",2,3,2025
"A18..18",1,4,2025
"A18..18",4,5,2025
"A18..18",4,6,2025
"A18..18",1,7,2025
"A18..18",2,8,2025
"A18..18",2,9,2025
"A18..18",NA,10,2025
"A18..18",2,11,2025
"A18..18",3,12,2025
"A18..18",1,13,2025
"A18..18",4,14,2025
"A18..18",2,15,2025
"A18..18",1,16,2025
"A18..18",1,17,2025
"A18..18",4,18,2025
"A18..18",8,19,2025
"A18..18",2,20,2025
"A18..18",6,21,2025
"A18..18",NA,22,2025
"A18..18",4,23,2025
"A18..18",3,24,2025
"A18..18",3,25,2025
"A18..18",1,26,2025
"A19..19",3,1,2025
"A19..19",2,2,2025
"A19..19",1,3,2025
"A19..19",4,4,2025
"A19..19",5,5,2025
"A19..19",NA,6,2025
"A19..19",3,7,2025
"A19..19",2,8,2025
"A19..19",NA,9,2025
"A19..19",1,10,2025
"A19..19",2,11,2025
"A19..19",3,12,2025
"A19..19",3,13,2025
"A19..19",4,14,2025
"A19..19",2,15,2025
"A19..19",2,16,2025
"A19..19",3,17,2025
"A19..19",2,18,2025
"A19..19",3,19,2025
"A19..19",2,20,2025
"A19..19",NA,21,2025
"A19..19",1,22,2025
"A19..19",4,23,2025
"A19..19",5,24,2025
"A19..19",4,25,2025
"A19..19",3,26,2025
"A20..20",3,1,2025
"A20..20",1,2,2025
"A20..20",3,3,2025
"A20..20",5,4,2025
"A20..20",3,5,2025
"A20..20",1,6,2025
"A20..20",1,7,2025
"A20..20",1,8,2025
"A20..20",3,9,2025
"A20..20",NA,10,2025
"A20..20",NA,11,2025
"A20..20",2,12,2025
"A20..20",4,13,2025
"A20..20",3,14,2025
"A20..20",4,15,2025
"A20..20",1,16,2025
"A20..20",2,17,2025
"A20..20",4,18,2025
"A20..20",3,19,2025
"A20..20",6,20,2025
"A20..20",1,21,2025
"A20..20",2,22,2025
"A20..20",7,23,2025
"A20..20",3,24,2025
"A20..20",3,25,2025
"A20..20",NA,26,2025
"A21..21",2,1,2025
"A21..21",2,2,2025
"A21..21",2,3,2025
"A21..21",1,4,2025
"A21..21",1,5,2025
"A21..21",3,6,2025
"A21..21",1,7,2025
"A21..21",1,8,2025
"A21..21",1,9,2025
"A21..21",2,10,2025
"A21..21",4,11,2025
"A21..21",4,12,2025
"A21..21",2,13,2025
"A21..21",2,14,2025
"A21..21",4,15,2025
"A21..21",1,16,2025
"A21..21",NA,17,2025
"A21..21",3,18,2025
"A21..21",4,19,2025
"A21..21",3,20,2025
"A21..21",2,21,2025
"A21..21",1,22,2025
"A21..21",4,23,2025
"A21..21",4,24,2025
"A21..21",2,25,2025
"A21..21",1,26,2025
"A22..22",2,1,2025
"A22..22",2,2,2025
"A22..22",2,3,2025
"A22..22",2,4,2025
"A22..22",2,5,2025
"A22..22",2,6,2025
"A22..22",1,7,2025
"A22..22",NA,8,2025
"A22..22",2,9,2025
"A22..22",NA,10,2025
"A22..22",4,11,2025
"A22..22",3,12,2025
"A22..22",3,13,2025
"A22..22",1,14,2025
"A22..22",4,15,2025
"A22..22",3,16,2025
"A22..22",2,17,2025
"A22..22",3,18,2025
"A22..22",6,19,2025
"A22..22",4,20,2025
"A22..22",6,21,2025
"A22..22",NA,22,2025
"A22..22",3,23,2025
"A22..22",1,24,2025
"A22..22",6,25,2025
"A22..22",1,26,2025
"A23..23",3,1,2025
"A23..23",1,2,2025
"A23..23",2,3,2025
"A23..23",NA,4,2025
"A23..23",1,5,2025
"A23..23",1,6,2025
"A23..23",1,7,2025
"A23..23",1,8,2025
"A23..23",5,9,2025
"A23..23",6,10,2025
"A23..23",3,11,2025
"A23..23",2,12,2025
"A23..23",4,13,2025
"A23..23",4,14,2025
"A23..23",6,15,2025
"A23..23",2,16,2025
"A23..23",1,17,2025
"A23..23",2,18,2025
"A23..23",5,19,2025
"A23..23",2,20,2025
"A23..23",5,21,2025
"A23..23",2,22,2025
"A23..23",3,23,2025
"A23..23",2,24,2025
"A23..23",2,25,2025
"A23..23",NA,26,2025
"A24..24",NA,1,2025
"A24..24",3,2,2025
"A24..24",3,3,2025
"A24..24",2,4,2025
"A24..24",1,5,2025
"A24..24",4,6,2025
"A24..24",2,7,2025
"A24..24",1,8,2025
"A24..24",4,9,2025
"A24..24",1,10,2025
"A24..24",1,11,2025
"A24..24",3,12,2025
"A24..24",3,13,2025
"A24..24",6,14,2025
"A24..24",2,15,2025
"A24..24",NA,16,2025
"A24..24",NA,17,2025
"A24..24",5,18,2025
"A24..24",5,19,2025
"A24..24",5,20,2025
"A24..24",1,21,2025
"A24..24",4,22,2025
"A24..24",5,23,2025
"A24..24",5,24,2025
"A24..24",2,25,2025
"A24..24",3,26,2025
"A25..25",4,1,2025
"A25..25",1,2,2025
"A25..25",1,3,2025
"A25..25",1,4,2025
"A25..25",2,5,2025
"A25..25",2,6,2025
"A25..25",1,7,2025
"A25..25",NA,8,2025
"A25..25",2,9,2025
"A25..25",5,10,2025
"A25..25",NA,11,2025
"A25..25",2,12,2025
"A25..25",2,13,2025
"A25..25",1,14,2025
"A25..25",1,15,2025
"A25..25",2,16,2025
"A25..25",4,17,2025
"A25..25",2,18,2025
"A25..25",4,19,2025
"A25..25",6,20,2025
"A25..25",5,21,2025
"A25..25",NA,22,2025
"A25..25",7,23,2025
"A25..25",5,24,2025
"A25..25",2,25,2025
"A25..25",1,26,2025
"A26..26",5,1,2025
"A26..26",4,2,2025
"A26..26",5,3,2025
"A26..26",4,4,2025
"A26..26",4,5,2025
"A26..26",2,6,2025
"A26..26",2,7,2025
"A26..26",1,8,2025
"A26..26",2,9,2025
"A26..26",2,10,2025
"A26..26",NA,11,2025
"A26..26",4,12,2025
"A26..26",1,13,2025
"A26..26",5,14,2025
"A26..26",4,15,2025
"A26..26",1,16,2025
"A26..26",2,17,2025
"A26..26",3,18,2025
"A26..26",3,19,2025
"A26..26",5,20,2025
"A26..26",6,21,2025
"A26..26",2,22,2025
"A26..26",6,23,2025
"A26..26",2,24,2025
"A26..26",NA,25,2025
"A26..26",NA,26,2025
"A27..27",3,1,2025
"A27..27",1,2,2025
"A27..27",3,3,2025
"A27..27",2,4,2025
"A27..27",5,5,2025
"A27..27",1,6,2025
"A27..27",1,7,2025
"A27..27",2,8,2025
"A27..27",3,9,2025
"A27..27",1,10,2025
"A27..27",NA,11,2025
"A27..27",2,12,2025
"A27..27",3,13,2025
"A27..27",3,14,2025
"A27..27",2,15,2025
"A27..27",NA,16,2025
"A27..27",1,17,2025
"A27..27",2,18,2025
"A27..27",3,19,2025
"A27..27",6,20,2025
"A27..27",5,21,2025
"A27..27",2,22,2025
"A27..27",6,23,2025
"A27..27",4,24,2025
"A27..27",4,25,2025
"A27..27",NA,26,2025
"A28..28",NA,1,2025
"A28..28",2,2,2025
"A28..28",1,3,2025
"A28..28",1,4,2025
"A28..28",1,5,2025
"A28..28",2,6,2025
"A28..28",NA,7,2025
"A28..28",2,8,2025
"A28..28",5,9,2025
"A28..28",1,10,2025
"A28..28",2,11,2025
"A28..28",2,12,2025
"A28..28",1,13,2025
"A28..28",4,14,2025
"A28..28",1,15,2025
"A28..28",3,16,2025
"A28..28",4,17,2025
"A28..28",NA,18,2025
"A28..28",3,19,2025
"A28..28",3,20,2025
"A28..28",3,21,2025
"A28..28",NA,22,2025
"A28..28",2,23,2025
"A28..28",3,24,2025
"A28..28",3,25,2025
"A28..28",1,26,2025
"A29..29",2,1,2025
"A29..29",3,2,2025
"A29..29",1,3,2025
"A29..29",1,4,2025
"A29..29",5,5,2025
"A29..29",NA,6,2025
"A29..29",3,7,2025
"A29..29",3,8,2025
"A29..29",1,9,2025
"A29..29",3,10,2025
"A29..29",3,11,2025
"A29..29",2,12,2025
"A29..29",2,13,2025
"A29..29",1,14,2025
"A29..29",NA,15,2025
"A29..29",1,16,2025
"A29..29",NA,17,2025
"A29..29",2,18,2025
"A29..29",4,19,2025
"A29..29",4,20,2025
"A29..29",2,21,2025
"A29..29",3,22,2025
"A29..29",2,23,2025
"A29..29",1,24,2025
"A29..29",4,25,2025
"A29..29",NA,26,2025
"A30..30",NA,1,2025
"A30..30",NA,2,2025
"A30..30",2,3,2025
"A30..30",2,4,2025
"A30..30",1,5,2025
"A30..30",3,6,2025
"A30..30",3,7,2025
"A30..30",1,8,2025
"A30..30",3,9,2025
"A30..30",4,10,2025
"A30..30",3,11,2025
"A30..30",3,12,2025
"A30..30",1,13,2025
"A30..30",3,14,2025
"A30..30",2,15,2025
"A30..30",3,16,2025
"A30..30",1,17,2025
"A30..30",1,18,2025
"A30..30",5,19,2025
"A30..30",1,20,2025
"A30..30",3,21,2025
"A30..30",5,22,2025
"A30..30",3,23,2025
"A30..30",1,24,2025
"A30..30",5,25,2025
"A30..30",NA,26,2025
"A31..31",2,1,2025
"A31..31",2,2,2025
"A31..31",3,3,2025
"A31..31",1,4,2025
"A31..31",1,5,2025
"A31..31",3,6,2025
"A31..31",NA,7,2025
"A31..31",2,8,2025
"A31..31",NA,9,2025
"A31..31",5,10,2025
"A31..31",1,11,2025
"A31..31",3,12,2025
"A31..31",2,13,2025
"A31..31",1,14,2025
"A31..31",3,15,2025
"A31..31",1,16,2025
"A31..31",1,17,2025
"A31..31",1,18,2025
"A31..31",3,19,2025
"A31..31",3,20,2025
"A31..31",2,21,2025
"A31..31",3,22,2025
"A31..31",7,23,2025
"A31..31",4,24,2025
"A31..31",1,25,2025
"A31..31",NA,26,2025
"A32..32",3,1,2025
"A32..32",NA,2,2025
"A32..32",1,3,2025
"A32..32",7,4,2025
"A32..32",2,5,2025
"A32..32",5,6,2025
"A32..32",4,7,2025
"A32..32",2,8,2025
"A32..32",2,9,2025
"A32..32",2,10,2025
"A32..32",1,11,2025
"A32..32",3,12,2025
"A32..32",2,13,2025
"A32..32",1,14,2025
"A32..32",2,15,2025
"A32..32",3,16,2025
"A32..32",1,17,2025
"A32..32",4,18,2025
"A32..32",3,19,2025
"A32..32",2,20,2025
"A32..32",2,21,2025
"A32..32",2,22,2025
"A32..32",3,23,2025
"A32..32",1,24,2025
"A32..32",2,25,2025
"A32..32",1,26,2025
"A33..33",NA,1,2025
"A33..33",2,2,2025
"A33..33",4,3,2025
"A33..33",1,4,2025
"A33..33",6,5,2025
"A33..33",2,6,2025
"A33..33",2,7,2025
"A33..33",1,8,2025
"A33..33",NA,9,2025
"A33..33",4,10,2025
"A33..33",2,11,2025
"A33..33",5,12,2025
"A33..33",1,13,2025
"A33..33",1,14,2025
"A33..33",3,15,2025
"A33..33",3,16,2025
"A33..33",1,17,2025
"A33..33",3,18,2025
"A33..33",3,19,2025
"A33..33",4,20,2025
"A33..33",3,21,2025
"A33..33",4,22,2025
"A33..33",2,23,2025
"A33..33",3,24,2025
"A33..33",3,25,2025
"A33..33",1,26,2025
"A34..34",1,1,2025
"A34..34",3,2,2025
"A34..34",NA,3,2025
"A34..34",NA,4,2025
"A34..34",1,5,2025
"A34..34",1,6,2025
"A34..34",2,7,2025
"A34..34",3,8,2025
"A34..34",2,9,2025
"A34..34",1,10,2025
"A34..34",3,11,2025
"A34..34",6,12,2025
"A34..34",4,13,2025
"A34..34",2,14,2025
"A34..34",4,15,2025
"A34..34",NA,16,2025
"A34..34",3,17,2025
"A34..34",1,18,2025
"A34..34",1,19,2025
"A34..34",5,20,2025
"A34..34",1,21,2025
"A34..34",3,22,2025
"A34..34",3,23,2025
"A34..34",2,24,2025
"A34..34",3,25,2025
"A34..34",NA,26,2025
"A35..35",NA,1,2025
"A35..35",2,2,2025
"A35..35",3,3,2025
"A35..35",3,4,2025
"A35..35",2,5,2025
"A35..35",2,6,2025
"A35..35",2,7,2025
"A35..35",2,8,2025
"A35..35",1,9,2025
"A35..35",NA,10,2025
"A35..35",NA,11,2025
"A35..35",1,12,2025
"A35..35",1,13,2025
"A35..35",1,14,2025
"A35..35",4,15,2025
"A35..35",1,16,2025
"A35..35",1,17,2025
"A35..35",2,18,2025
"A35..35",1,19,2025
"A35..35",2,20,2025
"A35..35",3,21,2025
"A35..35",NA,22,2025
"A35..35",4,23,2025
"A35..35",4,24,2025
"A35..35",4,25,2025
"A35..35",NA,26,2025
"A36..36",2,1,2025
"A36..36",NA,2,2025
"A36..36",1,3,2025
"A36..36",NA,4,2025
"A36..36",1,5,2025
"A36..36",3,6,2025
"A36..36",1,7,2025
"A36..36",2,8,2025
"A36..36",1,9,2025
"A36..36",1,10,2025
"A36..36",2,11,2025
"A36..36",2,12,2025
"A36..36",1,13,2025
"A36..36",2,14,2025
"A36..36",3,15,2025
"A36..36",1,16,2025
"A36..36",1,17,2025
"A36..36",1,18,2025
"A36..36",3,19,2025
"A36..36",1,20,2025
"A36..36",1,21,2025
"A36..36",1,22,2025
"A36..36",2,23,2025
"A36..36",NA,24,2025
"A36..36",2,25,2025
"A36..36",2,26,2025
"A37..37",1,1,2025
"A37..37",2,2,2025
"A37..37",2,3,2025
"A37..37",1,4,2025
"A37..37",2,5,2025
"A37..37",3,6,2025
"A37..37",2,7,2025
"A37..37",2,8,2025
"A37..37",2,9,2025
"A37..37",NA,10,2025
"A37..37",1,11,2025
"A37..37",1,12,2025
"A37..37",1,13,2025
"A37..37",NA,14,2025
"A37..37",3,15,2025
"A37..37",1,16,2025
"A37..37",NA,17,2025
"A37..37",3,18,2025
"A37..37",3,19,2025
"A37..37",4,20,2025
"A37..37",NA,21,2025
"A37..37",2,22,2025
"A37..37",4,23,2025
"A37..37",5,24,2025
"A37..37",1,25,2025
"A37..37",NA,26,2025
"A38..38",NA,1,2025
"A38..38",3,2,2025
"A38..38",2,3,2025
"A38..38",2,4,2025
"A38..38",1,5,2025
"A38..38",NA,6,2025
"A38..38",1,7,2025
"A38..38",3,8,2025
"A38..38",1,9,2025
"A38..38",1,10,2025
"A38..38",2,11,2025
"A38..38",4,12,2025
"A38..38",2,13,2025
"A38..38",NA,14,2025
"A38..38",NA,15,2025
"A38..38",2,16,2025
"A38..38",2,17,2025
"A38..38",2,18,2025
"A38..38",2,19,2025
"A38..38",2,20,2025
"A38..38",3,21,2025
"A38..38",4,22,2025
"A38..38",4,23,2025
"A38..38",2,24,2025
"A38..38",2,25,2025
"A38..38",NA,26,2025
"A39..39",NA,1,2025
"A39..39",1,2,2025
"A39..39",4,3,2025
"A39..39",2,4,2025
"A39..39",1,5,2025
"A39..39",NA,6,2025
"A39..39",4,7,2025
"A39..39",1,8,2025
"A39..39",1,9,2025
"A39..39",NA,10,2025
"A39..39",2,11,2025
"A39..39",NA,12,2025
"A39..39",4,13,2025
"A39..39",NA,14,2025
"A39..39",1,15,2025
"A39..39",2,16,2025
"A39..39",NA,17,2025
"A39..39",2,18,2025
"A39..39",NA,19,2025
"A39..39",3,20,2025
"A39..39",2,21,2025
"A39..39",1,22,2025
"A39..39",1,23,2025
"A39..39",2,24,2025
"A39..39",NA,25,2025
"A39..39",NA,26,2025
"A40..40",NA,1,2025
"A40..40",NA,2,2025
"A40..40",2,3,2025
"A40..40",2,4,2025
"A40..40",NA,5,2025
"A40..40",2,6,2025
"A40..40",1,7,2025
"A40..40",1,8,2025
"A40..40",NA,9,2025
"A40..40",4,10,2025
"A40..40",2,11,2025
"A40..40",2,12,2025
"A40..40",1,13,2025
"A40..40",3,14,2025
"A40..40",2,15,2025
"A40..40",2,16,2025
"A40..40",2,17,2025
"A40..40",NA,18,2025
"A40..40",1,19,2025
"A40..40",5,20,2025
"A40..40",3,21,2025
"A40..40",NA,22,2025
"A40..40",NA,23,2025
"A40..40",NA,24,2025
"A40..40",2,25,2025
"A40..40",NA,26,2025
"A41..41",1,1,2025
"A41..41",NA,2,2025
"A41..41",3,3,2025
"A41..41",NA,4,2025
"A41..41",NA,5,2025
"A41..41",1,6,2025
"A41..41",1,7,2025
"A41..41",1,8,2025
"A41..41",1,9,2025
"A41..41",NA,10,2025
"A41..41",1,11,2025
"A41..41",2,12,2025
"A41..41",2,13,2025
"A41..41",NA,14,2025
"A41..41",NA,15,2025
"A41..41",1,16,2025
"A41..41",1,17,2025
"A41..41",4,18,2025
"A41..41",3,19,2025
"A41..41",1,20,2025
"A41..41",1,21,2025
"A41..41",2,22,2025
"A41..41",2,23,2025
"A41..41",2,24,2025
"A41..41",3,25,2025
"A41..41",NA,26,2025
"A42..42",1,1,2025
"A42..42",1,2,2025
"A42..42",NA,3,2025
"A42..42",2,4,2025
"A42..42",1,5,2025
"A42..42",NA,6,2025
"A42..42",NA,7,2025
"A42..42",1,8,2025
"A42..42",1,9,2025
"A42..42",NA,10,2025
"A42..42",1,11,2025
"A42..42",1,12,2025
"A42..42",NA,13,2025
"A42..42",2,14,2025
"A42..42",1,15,2025
"A42..42",1,16,2025
"A42..42",NA,17,2025
"A42..42",2,18,2025
"A42..42",5,19,2025
"A42..42",2,20,2025
"A42..42",4,21,2025
"A42..42",1,22,2025
"A42..42",2,23,2025
"A42..42",1,24,2025
"A42..42",2,25,2025
"A42..42",3,26,2025
"A43..43",1,1,2025
"A43..43",2,2,2025
"A43..43",4,3,2025
"A43..43",2,4,2025
"A43..43",2,5,2025
"A43..43",1,6,2025
"A43..43",1,7,2025
"A43..43",1,8,2025
"A43..43",1,9,2025
"A43..43",1,10,2025
"A43..43",3,11,2025
"A43..43",1,12,2025
"A43..43",NA,13,2025
"A43..43",2,14,2025
"A43..43",1,15,2025
"A43..43",3,16,2025
"A43..43",1,17,2025
"A43..43",2,18,2025
"A43..43",1,19,2025
"A43..43",3,20,2025
"A43..43",1,21,2025
"A43..43",NA,22,2025
"A43..43",3,23,2025
"A43..43",NA,24,2025
"A43..43",2,25,2025
"A43..43",NA,26,2025
"A44..44",NA,1,2025
"A44..44",1,2,2025
"A44..44",2,3,2025
"A44..44",1,4,2025
"A44..44",2,5,2025
"A44..44",NA,6,2025
"A44..44",2,7,2025
"A44..44",2,8,2025
"A44..44",NA,9,2025
"A44..44",NA,10,2025
"A44..44",NA,11,2025
"A44..44",NA,12,2025
"A44..44",NA,13,2025
"A44..44",NA,14,2025
"A44..44",1,15,2025
"A44..44",3,16,2025
"A44..44",1,17,2025
"A44..44",NA,18,2025
"A44..44",3,19,2025
"A44..44",4,20,2025
"A44..44",NA,21,2025
"A44..44",4,22,2025
"A44..44",3,23,2025
"A44..44",1,24,2025
"A44..44",NA,25,2025
"A44..44",NA,26,2025
"A45..45",NA,1,2025
"A45..45",NA,2,2025
"A45..45",4,3,2025
"A45..45",1,4,2025
"A45..45",1,5,2025
"A45..45",NA,6,2025
"A45..45",1,7,2025
"A45..45",1,8,2025
"A45..45",1,9,2025
"A45..45",1,10,2025
"A45..45",1,11,2025
"A45..45",3,12,2025
"A45..45",1,13,2025
"A45..45",3,14,2025
"A45..45",NA,15,2025
"A45..45",NA,16,2025
"A45..45",2,17,2025
"A45..45",2,18,2025
"A45..45",1,19,2025
"A45..45",1,20,2025
"A45..45",NA,21,2025
"A45..45",2,22,2025
"A45..45",3,23,2025
"A45..45",2,24,2025
"A45..45",4,25,2025
"A45..45",NA,26,2025
"A46..46",1,1,2025
"A46..46",NA,2,2025
"A46..46",3,3,2025
"A46..46",1,4,2025
"A46..46",NA,5,2025
"A46..46",1,6,2025
"A46..46",NA,7,2025
"A46..46",1,8,2025
"A46..46",1,9,2025
"A46..46",NA,10,2025
"A46..46",2,11,2025
"A46..46",1,12,2025
"A46..46",2,13,2025
"A46..46",1,14,2025
"A46..46",1,15,2025
"A46..46",1,16,2025
"A46..46",1,17,2025
"A46..46",NA,18,2025
"A46..46",3,19,2025
"A46..46",2,20,2025
"A46..46",3,21,2025
"A46..46",1,22,2025
"A46..46",2,23,2025
"A46..46",NA,24,2025
"A46..46",2,25,2025
"A46..46",NA,26,2025
"A47..47",NA,1,2025
"A47..47",2,2,2025
"A47..47",3,3,2025
"A47..47",2,4,2025
"A47..47",1,5,2025
"A47..47",NA,6,2025
"A47..47",3,7,2025
"A47..47",1,8,2025
"A47..47",3,9,2025
"A47..47",2,10,2025
"A47..47",2,11,2025
"A47..47",2,12,2025
"A47..47",NA,13,2025
"A47..47",1,14,2025
"A47..47",3,15,2025
"A47..47",1,16,2025
"A47..47",NA,17,2025
"A47..47",2,18,2025
"A47..47",4,19,2025
"A47..47",1,20,2025
"A47..47",1,21,2025
"A47..47",NA,22,2025
"A47..47",3,23,2025
"A47..47",NA,24,2025
"A47..47",1,25,2025
"A47..47",NA,26,2025
"A48..48",NA,1,2025
"A48..48",NA,2,2025
"A48..48",NA,3,2025
"A48..48",NA,4,2025
"A48..48",1,5,2025
"A48..48",NA,6,2025
"A48..48",2,7,2025
"A48..48",2,8,2025
"A48..48",1,9,2025
"A48..48",NA,10,2025
"A48..48",1,11,2025
"A48..48",2,12,2025
"A48..48",NA,13,2025
"A48..48",3,14,2025
"A48..48",NA,15,2025
"A48..48",NA,16,2025
"A48..48",NA,17,2025
"A48..48",2,18,2025
"A48..48",1,19,2025
"A48..48",NA,20,2025
"A48..48",1,21,2025
"A48..48",1,22,2025
"A48..48",2,23,2025
"A48..48",1,24,2025
"A48..48",NA,25,2025
"A48..48",NA,26,2025
"A49..49",1,1,2025
"A49..49",NA,2,2025
"A49..49",1,3,2025
"A49..49",NA,4,2025
"A49..49",1,5,2025
"A49..49",NA,6,2025
"A49..49",NA,7,2025
"A49..49",2,8,2025
"A49..49",NA,9,2025
"A49..49",1,10,2025
"A49..49",1,11,2025
"A49..49",2,12,2025
"A49..49",NA,13,2025
"A49..49",NA,14,2025
"A49..49",1,15,2025
"A49..49",1,16,2025
"A49..49",NA,17,2025
"A49..49",1,18,2025
"A49..49",1,19,2025
"A49..49",1,20,2025
"A49..49",3,21,2025
"A49..49",1,22,2025
"A49..49",1,23,2025
"A49..49",NA,24,2025
"A49..49",3,25,2025
"A49..49",NA,26,2025
"A50..50",NA,1,2025
"A50..50",2,2,2025
"A50..50",NA,3,2025
"A50..50",2,4,2025
"A50..50",NA,5,2025
"A50..50",NA,6,2025
"A50..50",1,7,2025
"A50..50",2,8,2025
"A50..50",1,9,2025
"A50..50",4,10,2025
"A50..50",3,11,2025
"A50..50",NA,12,2025
"A50..50",2,13,2025
"A50..50",NA,14,2025
"A50..50",NA,15,2025
"A50..50",2,16,2025
"A50..50",NA,17,2025
"A50..50",3,18,2025
"A50..50",2,19,2025
"A50..50",2,20,2025
"A50..50",2,21,2025
"A50..50",NA,22,2025
"A50..50",2,23,2025
"A50..50",NA,24,2025
"A50..50",4,25,2025
"A50..50",1,26,2025
"A51..51",1,1,2025
"A51..51",4,2,2025
"A51..51",NA,3,2025
"A51..51",1,4,2025
"A51..51",2,5,2025
"A51..51",NA,6,2025
"A51..51",NA,7,2025
"A51..51",NA,8,2025
"A51..51",NA,9,2025
"A51..51",2,10,2025
"A51..51",3,11,2025
"A51..51",3,12,2025
"A51..51",3,13,2025
"A51..51",NA,14,2025
"A51..51",2,15,2025
"A51..51",NA,16,2025
"A51..51",NA,17,2025
"A51..51",1,18,2025
"A51..51",1,19,2025
"A51..51",1,20,2025
"A51..51",1,21,2025
"A51..51",2,22,2025
"A51..51",2,23,2025
"A51..51",1,24,2025
"A51..51",3,25,2025
"A51..51",1,26,2025
"A52..52",NA,1,2025
"A52..52",3,2,2025
"A52..52",2,3,2025
"A52..52",1,4,2025
"A52..52",3,5,2025
"A52..52",3,6,2025
"A52..52",2,7,2025
"A52..52",1,8,2025
"A52..52",NA,9,2025
"A52..52",3,10,2025
"A52..52",3,11,2025
"A52..52",2,12,2025
"A52..52",1,13,2025
"A52..52",3,14,2025
"A52..52",2,15,2025
"A52..52",NA,16,2025
"A52..52",1,17,2025
"A52..52",NA,18,2025
"A52..52",4,19,2025
"A52..52",5,20,2025
"A52..52",1,21,2025
"A52..52",1,22,2025
"A52..52",1,23,2025
"A52..52",NA,24,2025
"A52..52",NA,25,2025
"A52..52",NA,26,2025
"A53..53",NA,1,2025
"A53..53",2,2,2025
"A53..53",1,3,2025
"A53..53",2,4,2025
"A53..53",NA,5,2025
"A53..53",1,6,2025
"A53..53",2,7,2025
"A53..53",2,8,2025
"A53..53",2,9,2025
"A53..53",2,10,2025
"A53..53",NA,11,2025
"A53..53",2,12,2025
"A53..53",2,13,2025
"A53..53",3,14,2025
"A53..53",2,15,2025
"A53..53",2,16,2025
"A53..53",4,17,2025
"A53..53",1,18,2025
"A53..53",2,19,2025
"A53..53",5,20,2025
"A53..53",1,21,2025
"A53..53",3,22,2025
"A53..53",2,23,2025
"A53..53",4,24,2025
"A53..53",4,25,2025
"A53..53",NA,26,2025
"A54..54",1,1,2025
"A54..54",1,2,2025
"A54..54",1,3,2025
"A54..54",NA,4,2025
"A54..54",3,5,2025
"A54..54",2,6,2025
"A54..54",2,7,2025
"A54..54",NA,8,2025
"A54..54",NA,9,2025
"A54..54",NA,10,2025
"A54..54",1,11,2025
"A54..54",2,12,2025
"A54..54",2,13,2025
"A54..54",4,14,2025
"A54..54",3,15,2025
"A54..54",NA,16,2025
"A54..54",NA,17,2025
"A54..54",2,18,2025
"A54..54",4,19,2025
"A54..54",1,20,2025
"A54..54",3,21,2025
"A54..54",1,22,2025
"A54..54",2,23,2025
"A54..54",3,24,2025
"A54..54",3,25,2025
"A54..54",NA,26,2025
"A55..55",NA,1,2025
"A55..55",1,2,2025
"A55..55",6,3,2025
"A55..55",1,4,2025
"A55..55",NA,5,2025
"A55..55",2,6,2025
"A55..55",2,7,2025
"A55..55",3,8,2025
"A55..55",NA,9,2025
"A55..55",2,10,2025
"A55..55",1,11,2025
"A55..55",5,12,2025
"A55..55",3,13,2025
"A55..55",2,14,2025
"A55..55",3,15,2025
"A55..55",1,16,2025
"A55..55",NA,17,2025
"A55..55",1,18,2025
"A55..55",3,19,2025
"A55..55",3,20,2025
"A55..55",4,21,2025
"A55..55",1,22,2025
"A55..55",5,23,2025
"A55..55",NA,24,2025
"A55..55",1,25,2025
"A55..55",NA,26,2025
"A56..56",3,1,2025
"A56..56",1,2,2025
"A56..56",1,3,2025
"A56..56",4,4,2025
"A56..56",2,5,2025
"A56..56",NA,6,2025
"A56..56",3,7,2025
"A56..56",3,8,2025
"A56..56",4,9,2025
"A56..56",1,10,2025
"A56..56",1,11,2025
"A56..56",2,12,2025
"A56..56",2,13,2025
"A56..56",1,14,2025
"A56..56",1,15,2025
"A56..56",3,16,2025
"A56..56",1,17,2025
"A56..56",3,18,2025
"A56..56",3,19,2025
"A56..56",4,20,2025
"A56..56",5,21,2025
"A56..56",2,22,2025
"A56..56",4,23,2025
"A56..56",2,24,2025
"A56..56",2,25,2025
"A56..56",NA,26,2025
"A57..57",4,1,2025
"A57..57",4,2,2025
"A57..57",1,3,2025
"A57..57",1,4,2025
"A57..57",1,5,2025
"A57..57",5,6,2025
"A57..57",NA,7,2025
"A57..57",2,8,2025
"A57..57",4,9,2025
"A57..57",NA,10,2025
"A57..57",1,11,2025
"A57..57",5,12,2025
"A57..57",4,13,2025
"A57..57",4,14,2025
"A57..57",4,15,2025
"A57..57",NA,16,2025
"A57..57",NA,17,2025
"A57..57",4,18,2025
"A57..57",1,19,2025
"A57..57",NA,20,2025
"A57..57",6,21,2025
"A57..57",4,22,2025
"A57..57",2,23,2025
"A57..57",1,24,2025
"A57..57",3,25,2025
"A57..57",NA,26,2025
"A58..58",NA,1,2025
"A58..58",4,2,2025
"A58..58",NA,3,2025
"A58..58",5,4,2025
"A58..58",3,5,2025
"A58..58",1,6,2025
"A58..58",3,7,2025
"A58..58",6,8,2025
"A58..58",NA,9,2025
"A58..58",4,10,2025
"A58..58",2,11,2025
"A58..58",3,12,2025
"A58..58",4,13,2025
"A58..58",4,14,2025
"A58..58",3,15,2025
"A58..58",3,16,2025
"A58..58",3,17,2025
"A58..58",NA,18,2025
"A58..58",4,19,2025
"A58..58",2,20,2025
"A58..58",1,21,2025
"A58..58",NA,22,2025
"A58..58",4,23,2025
"A58..58",3,24,2025
"A58..58",1,25,2025
"A58..58",NA,26,2025
"A59..59",NA,1,2025
"A59..59",4,2,2025
"A59..59",2,3,2025
"A59..59",2,4,2025
"A59..59",2,5,2025
"A59..59",1,6,2025
"A59..59",1,7,2025
"A59..59",3,8,2025
"A59..59",2,9,2025
"A59..59",1,10,2025
"A59..59",2,11,2025
"A59..59",1,12,2025
"A59..59",3,13,2025
"A59..59",1,14,2025
"A59..59",3,15,2025
"A59..59",3,16,2025
"A59..59",4,17,2025
"A59..59",1,18,2025
"A59..59",2,19,2025
"A59..59",4,20,2025
"A59..59",3,21,2025
"A59..59",2,22,2025
"A59..59",4,23,2025
"A59..59",1,24,2025
"A59..59",1,25,2025
"A59..59",NA,26,2025
"A60..60",1,1,2025
"A60..60",1,2,2025
"A60..60",2,3,2025
"A60..60",5,4,2025
"A60..60",3,5,2025
"A60..60",3,6,2025
"A60..60",2,7,2025
"A60..60",1,8,2025
"A60..60",2,9,2025
"A60..60",1,10,2025
"A60..60",4,11,2025
"A60..60",1,12,2025
"A60..60",7,13,2025
"A60..60",2,14,2025
"A60..60",5,15,2025
"A60..60",NA,16,2025
"A60..60",3,17,2025
"A60..60",4,18,2025
"A60..60",4,19,2025
"A60..60",3,20,2025
"A60..60",2,21,2025
"A60..60",4,22,2025
"A60..60",5,23,2025
"A60..60",2,24,2025
"A60..60",4,25,2025
"A60..60",3,26,2025
"A61..61",1,1,2025
"A61..61",4,2,2025
"A61..61",5,3,2025
"A61..61",5,4,2025
"A61..61",6,5,2025
"A61..61",1,6,2025
"A61..61",1,7,2025
"A61..61",4,8,2025
"A61..61",2,9,2025
"A61..61",2,10,2025
"A61..61",1,11,2025
"A61..61",2,12,2025
"A61..61",3,13,2025
"A61..61",1,14,2025
"A61..61",3,15,2025
"A61..61",3,16,2025
"A61..61",NA,17,2025
"A61..61",1,18,2025
"A61..61",4,19,2025
"A61..61",4,20,2025
"A61..61",2,21,2025
"A61..61",1,22,2025
"A61..61",8,23,2025
"A61..61",3,24,2025
"A61..61",NA,25,2025
"A61..61",NA,26,2025
"A62..62",2,1,2025
"A62..62",2,2,2025
"A62..62",2,3,2025
"A62..62",2,4,2025
"A62..62",2,5,2025
"A62..62",1,6,2025
"A62..62",NA,7,2025
"A62..62",2,8,2025
"A62..62",2,9,2025
"A62..62",5,10,2025
"A62..62",2,11,2025
"A62..62",5,12,2025
"A62..62",5,13,2025
"A62..62",1,14,2025
"A62..62",3,15,2025
"A62..62",2,16,2025
"A62..62",NA,17,2025
"A62..62",2,18,2025
"A62..62",3,19,2025
"A62..62",3,20,2025
"A62..62",4,21,2025
"A62..62",1,22,2025
"A62..62",3,23,2025
"A62..62",1,24,2025
"A62..62",6,25,2025
"A62..62",1,26,2025
"A63..63",1,1,2025
"A63..63",6,2,2025
"A63..63",2,3,2025
"A63..63",3,4,2025
"A63..63",NA,5,2025
"A63..63",3,6,2025
"A63..63",5,7,2025
"A63..63",1,8,2025
"A63..63",2,9,2025
"A63..63",1,10,2025
"A63..63",2,11,2025
"A63..63",4,12,2025
"A63..63",5,13,2025
"A63..63",3,14,2025
"A63..63",3,15,2025
"A63..63",2,16,2025
"A63..63",3,17,2025
"A63..63",4,18,2025
"A63..63",1,19,2025
"A63..63",1,20,2025
"A63..63",5,21,2025
"A63..63",3,22,2025
"A63..63",2,23,2025
"A63..63",3,24,2025
"A63..63",3,25,2025
"A63..63",NA,26,2025
"A64..64",4,1,2025
"A64..64",2,2,2025
"A64..64",1,3,2025
"A64..64",1,4,2025
"A64..64",2,5,2025
"A64..64",4,6,2025
"A64..64",3,7,2025
"A64..64",2,8,2025
"A64..64",5,9,2025
"A64..64",1,10,2025
"A64..64",2,11,2025
"A64..64",1,12,2025
"A64..64",5,13,2025
"A64..64",1,14,2025
"A64..64",3,15,2025
"A64..64",3,16,2025
"A64..64",2,17,2025
"A64..64",3,18,2025
"A64..64",1,19,2025
"A64..64",3,20,2025
"A64..64",1,21,2025
"A64..64",1,22,2025
"A64..64",6,23,2025
"A64..64",6,24,2025
"A64..64",2,25,2025
"A64..64",NA,26,2025
"A65..65",NA,1,2025
"A65..65",2,2,2025
"A65..65",1,3,2025
"A65..65",3,4,2025
"A65..65",2,5,2025
"A65..65",NA,6,2025
"A65..65",1,7,2025
"A65..65",1,8,2025
"A65..65",2,9,2025
"A65..65",4,10,2025
"A65..65",1,11,2025
"A65..65",2,12,2025
"A65..65",1,13,2025
"A65..65",1,14,2025
"A65..65",1,15,2025
"A65..65",2,16,2025
"A65..65",5,17,2025
"A65..65",3,18,2025
"A65..65",5,19,2025
"A65..65",6,20,2025
"A65..65",3,21,2025
"A65..65",2,22,2025
"A65..65",4,23,2025
"A65..65",1,24,2025
"A65..65",1,25,2025
"A65..65",NA,26,2025
"A66..66",4,1,2025
"A66..66",3,2,2025
"A66..66",4,3,2025
"A66..66",2,4,2025
"A66..66",1,5,2025
"A66..66",1,6,2025
"A66..66",4,7,2025
"A66..66",3,8,2025
"A66..66",4,9,2025
"A66..66",1,10,2025
"A66..66",7,11,2025
"A66..66",2,12,2025
"A66..66",1,13,2025
"A66..66",1,14,2025
"A66..66",2,15,2025
"A66..66",3,16,2025
"A66..66",2,17,2025
"A66..66",3,18,2025
"A66..66",1,19,2025
"A66..66",NA,20,2025
"A66..66",3,21,2025
"A66..66",1,22,2025
"A66..66",4,23,2025
"A66..66",3,24,2025
"A66..66",3,25,2025
"A66..66",NA,26,2025
"A67..67",3,1,2025
"A67..67",3,2,2025
"A67..67",NA,3,2025
"A67..67",6,4,2025
"A67..67",1,5,2025
"A67..67",4,6,2025
"A67..67",2,7,2025
"A67..67",NA,8,2025
"A67..67",2,9,2025
"A67..67",1,10,2025
"A67..67",1,11,2025
"A67..67",2,12,2025
"A67..67",2,13,2025
"A67..67",3,14,2025
"A67..67",4,15,2025
"A67..67",2,16,2025
"A67..67",NA,17,2025
"A67..67",1,18,2025
"A67..67",4,19,2025
"A67..67",2,20,2025
"A67..67",1,21,2025
"A67..67",2,22,2025
"A67..67",1,23,2025
"A67..67",2,24,2025
"A67..67",2,25,2025
"A67..67",NA,26,2025
"A68..68",1,1,2025
"A68..68",2,2,2025
"A68..68",NA,3,2025
"A68..68",1,4,2025
"A68..68",4,5,2025
"A68..68",3,6,2025
"A68..68",1,7,2025
"A68..68",1,8,2025
"A68..68",3,9,2025
"A68..68",NA,10,2025
"A68..68",1,11,2025
"A68..68",1,12,2025
"A68..68",2,13,2025
"A68..68",4,14,2025
"A68..68",1,15,2025
"A68..68",3,16,2025
"A68..68",1,17,2025
"A68..68",2,18,2025
"A68..68",2,19,2025
"A68..68",2,20,2025
"A68..68",2,21,2025
"A68..68",2,22,2025
"A68..68",3,23,2025
"A68..68",3,24,2025
"A68..68",2,25,2025
"A68..68",1,26,2025
"A69..69",2,1,2025
"A69..69",3,2,2025
"A69..69",3,3,2025
"A69..69",2,4,2025
"A69..69",3,5,2025
"A69..69",3,6,2025
"A69..69",1,7,2025
"A69..69",NA,8,2025
"A69..69",5,9,2025
"A69..69",1,10,2025
"A69..69",NA,11,2025
"A69..69",1,12,2025
"A69..69",2,13,2025
"A69..69",4,14,2025
"A69..69",2,15,2025
"A69..69",1,16,2025
"A69..69",2,17,2025
"A69..69",1,18,2025
"A69..69",4,19,2025
"A69..69",4,20,2025
"A69..69",5,21,2025
"A69..69",4,22,2025
"A69..69",4,23,2025
"A69..69",1,24,2025
"A69..69",3,25,2025
"A69..69",1,26,2025
"A70..70",2,1,2025
"A70..70",5,2,2025
"A70..70",1,3,2025
"A70..70",3,4,2025
"A70..70",3,5,2025
"A70..70",2,6,2025
"A70..70",4,7,2025
"A70..70",2,8,2025
"A70..70",1,9,2025
"A70..70",2,10,2025
"A70..70",NA,11,2025
"A70..70",1,12,2025
"A70..70",2,13,2025
"A70..70",2,14,2025
"A70..70",4,15,2025
"A70..70",NA,16,2025
"A70..70",1,17,2025
"A70..70",2,18,2025
"A70..70",4,19,2025
"A70..70",4,20,2025
"A70..70",6,21,2025
"A70..70",1,22,2025
"A70..70",6,23,2025
"A70..70",4,24,2025
"A70..70",1,25,2025
"A70..70",1,26,2025
"A71..71",NA,1,2025
"A71..71",4,2,2025
"A71..71",3,3,2025
"A71..71",NA,4,2025
"A71..71",1,5,2025
"A71..71",NA,6,2025
"A71..71",2,7,2025
"A71..71",2,8,2025
"A71..71",2,9,2025
"A71..71",1,10,2025
"A71..71",1,11,2025
"A71..71",2,12,2025
"A71..71",3,13,2025
"A71..71",2,14,2025
"A71..71",4,15,2025
"A71..71",1,16,2025
"A71..71",3,17,2025
"A71..71",2,18,2025
"A71..71",2,19,2025
"A71..71",3,20,2025
"A71..71",5,21,2025
"A71..71",3,22,2025
"A71..71",4,23,2025
"A71..71",2,24,2025
"A71..71",5,25,2025
"A71..71",NA,26,2025
"A72..72",4,1,2025
"A72..72",2,2,2025
"A72..72",1,3,2025
"A72..72",3,4,2025
"A72..72",5,5,2025
"A72..72",2,6,2025
"A72..72",6,7,2025
"A72..72",2,8,2025
"A72..72",2,9,2025
"A72..72",NA,10,2025
"A72..72",2,11,2025
"A72..72",2,12,2025
"A72..72",1,13,2025
"A72..72",3,14,2025
"A72..72",2,15,2025
"A72..72",3,16,2025
"A72..72",1,17,2025
"A72..72",1,18,2025
"A72..72",7,19,2025
"A72..72",1,20,2025
"A72..72",NA,21,2025
"A72..72",NA,22,2025
"A72..72",1,23,2025
"A72..72",3,24,2025
"A72..72",2,25,2025
"A72..72",NA,26,2025
"A73..73",1,1,2025
"A73..73",3,2,2025
"A73..73",2,3,2025
"A73..73",2,4,2025
"A73..73",3,5,2025
"A73..73",2,6,2025
"A73..73",3,7,2025
"A73..73",2,8,2025
"A73..73",2,9,2025
"A73..73",1,10,2025
"A73..73",1,11,2025
"A73..73",1,12,2025
"A73..73",2,13,2025
"A73..73",3,14,2025
"A73..73",2,15,2025
"A73..73",2,16,2025
"A73..73",NA,17,2025
"A73..73",NA,18,2025
"A73..73",NA,19,2025
"A73..73",3,20,2025
"A73..73",4,21,2025
"A73..73",1,22,2025
"A73..73",3,23,2025
"A73..73",2,24,2025
"A73..73",NA,25,2025
"A73..73",NA,26,2025
"A74..74",1,1,2025
"A74..74",4,2,2025
"A74..74",1,3,2025
"A74..74",3,4,2025
"A74..74",1,5,2025
"A74..74",NA,6,2025
"A74..74",3,7,2025
"A74..74",2,8,2025
"A74..74",3,9,2025
"A74..74",3,10,2025
"A74..74",1,11,2025
"A74..74",2,12,2025
"A74..74",5,13,2025
"A74..74",2,14,2025
"A74..74",1,15,2025
"A74..74",NA,16,2025
"A74..74",3,17,2025
"A74..74",4,18,2025
"A74..74",2,19,2025
"A74..74",1,20,2025
"A74..74",1,21,2025
"A74..74",3,22,2025
"A74..74",3,23,2025
"A74..74",NA,24,2025
"A74..74",2,25,2025
"A74..74",NA,26,2025
"A75..75",1,1,2025
"A75..75",NA,2,2025
"A75..75",1,3,2025
"A75..75",3,4,2025
"A75..75",2,5,2025
"A75..75",NA,6,2025
"A75..75",2,7,2025
"A75..75",1,8,2025
"A75..75",2,9,2025
"A75..75",2,10,2025
"A75..75",2,11,2025
"A75..75",3,12,2025
"A75..75",NA,13,2025
"A75..75",3,14,2025
"A75..75",1,15,2025
"A75..75",NA,16,2025
"A75..75",5,17,2025
"A75..75",2,18,2025
"A75..75",1,19,2025
"A75..75",2,20,2025
"A75..75",1,21,2025
"A75..75",1,22,2025
"A75..75",3,23,2025
"A75..75",1,24,2025
"A75..75",NA,25,2025
"A75..75",2,26,2025
"A76..76",1,1,2025
"A76..76",3,2,2025
"A76..76",1,3,2025
"A76..76",1,4,2025
"A76..76",1,5,2025
"A76..76",2,6,2025
"A76..76",3,7,2025
"A76..76",1,8,2025
"A76..76",2,9,2025
"A76..76",1,10,2025
"A76..76",NA,11,2025
"A76..76",1,12,2025
"A76..76",2,13,2025
"A76..76",3,14,2025
"A76..76",4,15,2025
"A76..76",2,16,2025
"A76..76",2,17,2025
"A76..76",3,18,2025
"A76..76",1,19,2025
"A76..76",2,20,2025
"A76..76",1,21,2025
"A76..76",1,22,2025
"A76..76",3,23,2025
"A76..76",3,24,2025
"A76..76",1,25,2025
"A76..76",NA,26,2025
"A77..77",2,1,2025
"A77..77",2,2,2025
"A77..77",3,3,2025
"A77..77",3,4,2025
"A77..77",2,5,2025
"A77..77",1,6,2025
"A77..77",1,7,2025
"A77..77",4,8,2025
"A77..77",4,9,2025
"A77..77",1,10,2025
"A77..77",2,11,2025
"A77..77",3,12,2025
"A77..77",1,13,2025
"A77..77",1,14,2025
"A77..77",2,15,2025
"A77..77",1,16,2025
"A77..77",2,17,2025
"A77..77",2,18,2025
"A77..77",3,19,2025
"A77..77",NA,20,2025
"A77..77",2,21,2025
"A77..77",1,22,2025
"A77..77",1,23,2025
"A77..77",2,24,2025
"A77..77",3,25,2025
"A77..77",NA,26,2025
"A78..78",1,1,2025
"A78..78",3,2,2025
"A78..78",1,3,2025
"A78..78",2,4,2025
"A78..78",NA,5,2025
"A78..78",1,6,2025
"A78..78",4,7,2025
"A78..78",2,8,2025
"A78..78",1,9,2025
"A78..78",1,10,2025
"A78..78",NA,11,2025
"A78..78",NA,12,2025
"A78..78",2,13,2025
"A78..78",3,14,2025
"A78..78",2,15,2025
"A78..78",5,16,2025
"A78..78",3,17,2025
"A78..78",1,18,2025
"A78..78",2,19,2025
"A78..78",1,20,2025
"A78..78",2,21,2025
"A78..78",5,22,2025
"A78..78",5,23,2025
"A78..78",NA,24,2025
"A78..78",2,25,2025
"A78..78",1,26,2025
"A79..79",1,1,2025
"A79..79",1,2,2025
"A79..79",1,3,2025
"A79..79",NA,4,2025
"A79..79",1,5,2025
"A79..79",2,6,2025
"A79..79",NA,7,2025
"A79..79",1,8,2025
"A79..79",NA,9,2025
"A79..79",1,10,2025
"A79..79",1,11,2025
"A79..79",NA,12,2025
"A79..79",2,13,2025
"A79..79",1,14,2025
"A79..79",NA,15,2025
"A79..79",NA,16,2025
"A79..79",3,17,2025
"A79..79",1,18,2025
"A79..79",1,19,2025
"A79..79",1,20,2025
"A79..79",1,21,2025
"A79..79",2,22,2025
"A79..79",1,23,2025
"A79..79",1,24,2025
"A79..79",NA,25,2025
"A79..79",NA,26,2025
"A80.",13,1,2025
"A80.",20,2,2025
"A80.",12,3,2025
"A80.",14,4,2025
"A80.",11,5,2025
"A80.",16,6,2025
"A80.",12,7,2025
"A80.",10,8,2025
"A80.",11,9,2025
"A80.",19,10,2025
"A80.",14,11,2025
"A80.",17,12,2025
"A80.",16,13,2025
"A80.",18,14,2025
"A80.",15,15,2025
"A80.",12,16,2025
"A80.",16,17,2025
"A80.",12,18,2025
"A80.",25,19,2025
"A80.",15,20,2025
"A80.",15,21,2025
"A80.",12,22,2025
"A80.",16,23,2025
"A80.",14,24,2025
"A80.",15,25,2025
"A80.",5,26,2025
"Unbekannt",NA,1,2025
"Unbekannt",NA,2,2025
"Unbekannt",NA,3,2025
"Unbekannt",NA,4,2025
"Unbekannt",NA,5,2025
"Unbekannt",NA,6,2025
"Unbekannt",NA,7,2025
"Unbekannt",NA,8,2025
"Unbekannt",NA,9,2025
"Unbekannt",NA,10,2025
"Unbekannt",NA,11,2025
"Unbekannt",4,12,2025
"Unbekannt",NA,13,2025
"Unbekannt",NA,14,2025
"Unbekannt",NA,15,2025
"Unbekannt",NA,16,2025
"Unbekannt",NA,17,2025
"Unbekannt",NA,18,2025
"Unbekannt",NA,19,2025
"Unbekannt",NA,20,2025
"Unbekannt",NA,21,2025
"Unbekannt",NA,22,2025
"Unbekannt",NA,23,2025
"Unbekannt",NA,24,2025
"Unbekannt",NA,25,2025
"Unbekannt",NA,26,2025
"A00..00",2,1,2024
"A00..00",1,2,2024
"A00..00",3,3,2024
"A00..00",2,4,2024
"A00..00",2,5,2024
"A00..00",2,6,2024
"A00..00",5,7,2024
"A00..00",2,8,2024
"A00..00",2,9,2024
"A00..00",3,10,2024
"A00..00",5,11,2024
"A00..00",1,12,2024
"A00..00",3,13,2024
"A00..00",4,14,2024
"A00..00",4,15,2024
"A00..00",5,16,2024
"A00..00",7,17,2024
"A00..00",1,18,2024
"A00..00",7,19,2024
"A00..00",4,20,2024
"A00..00",6,21,2024
"A00..00",2,22,2024
"A00..00",14,23,2024
"A00..00",7,24,2024
"A00..00",9,25,2024
"A00..00",7,26,2024
"A00..00",16,27,2024
"A00..00",8,28,2024
"A00..00",7,29,2024
"A00..00",9,30,2024
"A00..00",8,31,2024
"A00..00",4,32,2024
"A00..00",8,33,2024
"A00..00",12,34,2024
"A00..00",13,35,2024
"A00..00",9,36,2024
"A00..00",12,37,2024
"A00..00",11,38,2024
"A00..00",14,39,2024
"A00..00",11,40,2024
"A00..00",5,41,2024
"A00..00",5,42,2024
"A00..00",4,43,2024
"A00..00",2,44,2024
"A00..00",6,45,2024
"A00..00",2,46,2024
"A00..00",4,47,2024
"A00..00",1,48,2024
"A00..00",4,49,2024
"A00..00",3,50,2024
"A00..00",1,51,2024
"A00..00",6,52,2024
"A01..01",8,1,2024
"A01..01",6,2,2024
"A01..01",5,3,2024
"A01..01",7,4,2024
"A01..01",5,5,2024
"A01..01",7,6,2024
"A01..01",3,7,2024
"A01..01",9,8,2024
"A01..01",6,9,2024
"A01..01",9,10,2024
"A01..01",7,11,2024
"A01..01",6,12,2024
"A01..01",7,13,2024
"A01..01",2,14,2024
"A01..01",6,15,2024
"A01..01",10,16,2024
"A01..01",7,17,2024
"A01..01",7,18,2024
"A01..01",4,19,2024
"A01..01",5,20,2024
"A01..01",8,21,2024
"A01..01",7,22,2024
"A01..01",14,23,2024
"A01..01",19,24,2024
"A01..01",9,25,2024
"A01..01",12,26,2024
"A01..01",19,27,2024
"A01..01",17,28,2024
"A01..01",15,29,2024
"A01..01",12,30,2024
"A01..01",9,31,2024
"A01..01",19,32,2024
"A01..01",14,33,2024
"A01..01",13,34,2024
"A01..01",26,35,2024
"A01..01",24,36,2024
"A01..01",24,37,2024
"A01..01",25,38,2024
"A01..01",23,39,2024
"A01..01",14,40,2024
"A01..01",17,41,2024
"A01..01",14,42,2024
"A01..01",9,43,2024
"A01..01",10,44,2024
"A01..01",11,45,2024
"A01..01",12,46,2024
"A01..01",6,47,2024
"A01..01",7,48,2024
"A01..01",NA,49,2024
"A01..01",5,50,2024
"A01..01",2,51,2024
"A01..01",3,52,2024
"A02..02",4,1,2024
"A02..02",7,2,2024
"A02..02",6,3,2024
"A02..02",4,4,2024
"A02..02",2,5,2024
"A02..02",4,6,2024
"A02..02",6,7,2024
"A02..02",4,8,2024
"A02..02",3,9,2024
"A02..02",7,10,2024
"A02..02",8,11,2024
"A02..02",2,12,2024
"A02..02",7,13,2024
"A02..02",5,14,2024
"A02..02",5,15,2024
"A02..02",3,16,2024
"A02..02",4,17,2024
"A02..02",6,18,2024
"A02..02",5,19,2024
"A02..02",11,20,2024
"A02..02",10,21,2024
"A02..02",8,22,2024
"A02..02",12,23,2024
"A02..02",8,24,2024
"A02..02",7,25,2024
"A02..02",10,26,2024
"A02..02",14,27,2024
"A02..02",14,28,2024
"A02..02",6,29,2024
"A02..02",6,30,2024
"A02..02",11,31,2024
"A02..02",17,32,2024
"A02..02",15,33,2024
"A02..02",10,34,2024
"A02..02",19,35,2024
"A02..02",25,36,2024
"A02..02",24,37,2024
"A02..02",26,38,2024
"A02..02",12,39,2024
"A02..02",15,40,2024
"A02..02",14,41,2024
"A02..02",13,42,2024
"A02..02",16,43,2024
"A02..02",15,44,2024
"A02..02",9,45,2024
"A02..02",11,46,2024
"A02..02",4,47,2024
"A02..02",3,48,2024
"A02..02",4,49,2024
"A02..02",4,50,2024
"A02..02",8,51,2024
"A02..02",2,52,2024
"A03..03",2,1,2024
"A03..03",4,2,2024
"A03..03",2,3,2024
"A03..03",7,4,2024
"A03..03",NA,5,2024
"A03..03",1,6,2024
"A03..03",2,7,2024
"A03..03",4,8,2024
"A03..03",2,9,2024
"A03..03",6,10,2024
"A03..03",4,11,2024
"A03..03",3,12,2024
"A03..03",1,13,2024
"A03..03",5,14,2024
"A03..03",5,15,2024
"A03..03",6,16,2024
"A03..03",8,17,2024
"A03..03",6,18,2024
"A03..03",4,19,2024
"A03..03",4,20,2024
"A03..03",7,21,2024
"A03..03",10,22,2024
"A03..03",9,23,2024
"A03..03",6,24,2024
"A03..03",18,25,2024
"A03..03",7,26,2024
"A03..03",14,27,2024
"A03..03",8,28,2024
"A03..03",12,29,2024
"A03..03",11,30,2024
"A03..03",10,31,2024
"A03..03",12,32,2024
"A03..03",12,33,2024
"A03..03",7,34,2024
"A03..03",17,35,2024
"A03..03",22,36,2024
"A03..03",18,37,2024
"A03..03",18,38,2024
"A03..03",23,39,2024
"A03..03",7,40,2024
"A03..03",17,41,2024
"A03..03",12,42,2024
"A03..03",12,43,2024
"A03..03",6,44,2024
"A03..03",7,45,2024
"A03..03",9,46,2024
"A03..03",9,47,2024
"A03..03",9,48,2024
"A03..03",6,49,2024
"A03..03",9,50,2024
"A03..03",6,51,2024
"A03..03",2,52,2024
"A04..04",3,1,2024
"A04..04",7,2,2024
"A04..04",2,3,2024
"A04..04",6,4,2024
"A04..04",4,5,2024
"A04..04",1,6,2024
"A04..04",4,7,2024
"A04..04",NA,8,2024
"A04..04",1,9,2024
"A04..04",4,10,2024
"A04..04",3,11,2024
"A04..04",4,12,2024
"A04..04",2,13,2024
"A04..04",2,14,2024
"A04..04",3,15,2024
"A04..04",6,16,2024
"A04..04",6,17,2024
"A04..04",8,18,2024
"A04..04",3,19,2024
"A04..04",4,20,2024
"A04..04",2,21,2024
"A04..04",8,22,2024
"A04..04",5,23,2024
"A04..04",13,24,2024
"A04..04",1,25,2024
"A04..04",7,26,2024
"A04..04",5,27,2024
"A04..04",7,28,2024
"A04..04",5,29,2024
"A04..04",10,30,2024
"A04..04",4,31,2024
"A04..04",11,32,2024
"A04..04",15,33,2024
"A04..04",10,34,2024
"A04..04",15,35,2024
"A04..04",12,36,2024
"A04..04",14,37,2024
"A04..04",18,38,2024
"A04..04",6,39,2024
"A04..04",8,40,2024
"A04..04",6,41,2024
"A04..04",14,42,2024
"A04..04",7,43,2024
"A04..04",6,44,2024
"A04..04",9,45,2024
"A04..04",11,46,2024
"A04..04",2,47,2024
"A04..04",6,48,2024
"A04..04",5,49,2024
"A04..04",3,50,2024
"A04..04",3,51,2024
"A04..04",5,52,2024
"A05..05",3,1,2024
"A05..05",2,2,2024
"A05..05",3,3,2024
"A05..05",2,4,2024
"A05..05",6,5,2024
"A05..05",1,6,2024
"A05..05",2,7,2024
"A05..05",6,8,2024
"A05..05",1,9,2024
"A05..05",7,10,2024
"A05..05",3,11,2024
"A05..05",4,12,2024
"A05..05",1,13,2024
"A05..05",1,14,2024
"A05..05",4,15,2024
"A05..05",1,16,2024
"A05..05",7,17,2024
"A05..05",2,18,2024
"A05..05",3,19,2024
"A05..05",4,20,2024
"A05..05",2,21,2024
"A05..05",7,22,2024
"A05..05",6,23,2024
"A05..05",4,24,2024
"A05..05",8,25,2024
"A05..05",3,26,2024
"A05..05",6,27,2024
"A05..05",6,28,2024
"A05..05",9,29,2024
"A05..05",5,30,2024
"A05..05",12,31,2024
"A05..05",14,32,2024
"A05..05",9,33,2024
"A05..05",13,34,2024
"A05..05",18,35,2024
"A05..05",11,36,2024
"A05..05",9,37,2024
"A05..05",11,38,2024
"A05..05",12,39,2024
"A05..05",9,40,2024
"A05..05",5,41,2024
"A05..05",8,42,2024
"A05..05",5,43,2024
"A05..05",5,44,2024
"A05..05",8,45,2024
"A05..05",6,46,2024
"A05..05",6,47,2024
"A05..05",5,48,2024
"A05..05",2,49,2024
"A05..05",3,50,2024
"A05..05",6,51,2024
"A05..05",NA,52,2024
"A06..06",1,1,2024
"A06..06",3,2,2024
"A06..06",3,3,2024
"A06..06",2,4,2024
"A06..06",3,5,2024
"A06..06",2,6,2024
"A06..06",3,7,2024
"A06..06",2,8,2024
"A06..06",3,9,2024
"A06..06",6,10,2024
"A06..06",2,11,2024
"A06..06",1,12,2024
"A06..06",2,13,2024
"A06..06",3,14,2024
"A06..06",5,15,2024
"A06..06",4,16,2024
"A06..06",3,17,2024
"A06..06",6,18,2024
"A06..06",4,19,2024
"A06..06",6,20,2024
"A06..06",6,21,2024
"A06..06",4,22,2024
"A06..06",5,23,2024
"A06..06",2,24,2024
"A06..06",7,25,2024
"A06..06",4,26,2024
"A06..06",4,27,2024
"A06..06",6,28,2024
"A06..06",3,29,2024
"A06..06",8,30,2024
"A06..06",7,31,2024
"A06..06",10,32,2024
"A06..06",8,33,2024
"A06..06",10,34,2024
"A06..06",11,35,2024
"A06..06",9,36,2024
"A06..06",13,37,2024
"A06..06",12,38,2024
"A06..06",6,39,2024
"A06..06",7,40,2024
"A06..06",6,41,2024
"A06..06",7,42,2024
"A06..06",9,43,2024
"A06..06",6,44,2024
"A06..06",8,45,2024
"A06..06",3,46,2024
"A06..06",4,47,2024
"A06..06",6,48,2024
"A06..06",4,49,2024
"A06..06",2,50,2024
"A06..06",2,51,2024
"A06..06",1,52,2024
"A07..07",2,1,2024
"A07..07",NA,2,2024
"A07..07",2,3,2024
"A07..07",3,4,2024
"A07..07",NA,5,2024
"A07..07",4,6,2024
"A07..07",3,7,2024
"A07..07",4,8,2024
"A07..07",3,9,2024
"A07..07",NA,10,2024
"A07..07",1,11,2024
"A07..07",2,12,2024
"A07..07",2,13,2024
"A07..07",3,14,2024
"A07..07",3,15,2024
"A07..07",5,16,2024
"A07..07",3,17,2024
"A07..07",3,18,2024
"A07..07",5,19,2024
"A07..07",3,20,2024
"A07..07",2,21,2024
"A07..07",3,22,2024
"A07..07",7,23,2024
"A07..07",6,24,2024
"A07..07",2,25,2024
"A07..07",1,26,2024
"A07..07",7,27,2024
"A07..07",8,28,2024
"A07..07",8,29,2024
"A07..07",7,30,2024
"A07..07",8,31,2024
"A07..07",5,32,2024
"A07..07",11,33,2024
"A07..07",15,34,2024
"A07..07",16,35,2024
"A07..07",17,36,2024
"A07..07",11,37,2024
"A07..07",7,38,2024
"A07..07",10,39,2024
"A07..07",2,40,2024
"A07..07",9,41,2024
"A07..07",2,42,2024
"A07..07",7,43,2024
"A07..07",9,44,2024
"A07..07",7,45,2024
"A07..07",4,46,2024
"A07..07",2,47,2024
"A07..07",NA,48,2024
"A07..07",4,49,2024
"A07..07",2,50,2024
"A07..07",2,51,2024
"A07..07",3,52,2024
"A08..08",NA,1,2024
"A08..08",NA,2,2024
"A08..08",1,3,2024
"A08..08",2,4,2024
"A08..08",NA,5,2024
"A08..08",2,6,2024
"A08..08",1,7,2024
"A08..08",2,8,2024
"A08..08",3,9,2024
"A08..08",1,10,2024
"A08..08",NA,11,2024
"A08..08",1,12,2024
"A08..08",1,13,2024
"A08..08",1,14,2024
"A08..08",NA,15,2024
"A08..08",2,16,2024
"A08..08",3,17,2024
"A08..08",5,18,2024
"A08..08",3,19,2024
"A08..08",2,20,2024
"A08..08",3,21,2024
"A08..08",3,22,2024
"A08..08",5,23,2024
"A08..08",2,24,2024
"A08..08",3,25,2024
"A08..08",4,26,2024
"A08..08",4,27,2024
"A08..08",8,28,2024
"A08..08",4,29,2024
"A08..08",NA,30,2024
"A08..08",2,31,2024
"A08..08",4,32,2024
"A08..08",13,33,2024
"A08..08",8,34,2024
"A08..08",22,35,2024
"A08..08",10,36,2024
"A08..08",17,37,2024
"A08..08",10,38,2024
"A08..08",4,39,2024
"A08..08",3,40,2024
"A08..08",4,41,2024
"A08..08",5,42,2024
"A08..08",7,43,2024
"A08..08",7,44,2024
"A08..08",8,45,2024
"A08..08",5,46,2024
"A08..08",1,47,2024
"A08..08",2,48,2024
"A08..08",1,49,2024
"A08..08",1,50,2024
"A08..08",NA,51,2024
"A08..08",2,52,2024
"A09..09",NA,1,2024
"A09..09",4,2,2024
"A09..09",3,3,2024
"A09..09",2,4,2024
"A09..09",1,5,2024
"A09..09",1,6,2024
"A09..09",2,7,2024
"A09..09",NA,8,2024
"A09..09",1,9,2024
"A09..09",3,10,2024
"A09..09",NA,11,2024
"A09..09",4,12,2024
"A09..09",NA,13,2024
"A09..09",1,14,2024
"A09..09",7,15,2024
"A09..09",5,16,2024
"A09..09",3,17,2024
"A09..09",2,18,2024
"A09..09",2,19,2024
"A09..09",1,20,2024
"A09..09",6,21,2024
"A09..09",3,22,2024
"A09..09",5,23,2024
"A09..09",5,24,2024
"A09..09",1,25,2024
"A09..09",3,26,2024
"A09..09",8,27,2024
"A09..09",5,28,2024
"A09..09",6,29,2024
"A09..09",6,30,2024
"A09..09",10,31,2024
"A09..09",7,32,2024
"A09..09",9,33,2024
"A09..09",5,34,2024
"A09..09",8,35,2024
"A09..09",6,36,2024
"A09..09",5,37,2024
"A09..09",2,38,2024
"A09..09",5,39,2024
"A09..09",1,40,2024
"A09..09",4,41,2024
"A09..09",5,42,2024
"A09..09",3,43,2024
"A09..09",6,44,2024
"A09..09",3,45,2024
"A09..09",5,46,2024
"A09..09",1,47,2024
"A09..09",3,48,2024
"A09..09",5,49,2024
"A09..09",1,50,2024
"A09..09",3,51,2024
"A09..09",1,52,2024
"A10..10",NA,1,2024
"A10..10",4,2,2024
"A10..10",3,3,2024
"A10..10",1,4,2024
"A10..10",2,5,2024
"A10..10",2,6,2024
"A10..10",NA,7,2024
"A10..10",NA,8,2024
"A10..10",4,9,2024
"A10..10",3,10,2024
"A10..10",NA,11,2024
"A10..10",3,12,2024
"A10..10",NA,13,2024
"A10..10",2,14,2024
"A10..10",4,15,2024
"A10..10",2,16,2024
"A10..10",9,17,2024
"A10..10",1,18,2024
"A10..10",1,19,2024
"A10..10",5,20,2024
"A10..10",2,21,2024
"A10..10",4,22,2024
"A10..10",4,23,2024
"A10..10",5,24,2024
"A10..10",2,25,2024
"A10..10",2,26,2024
"A10..10",NA,27,2024
"A10..10",8,28,2024
"A10..10",2,29,2024
"A10..10",7,30,2024
"A10..10",5,31,2024
"A10..10",5,32,2024
"A10..10",3,33,2024
"A10..10",5,34,2024
"A10..10",5,35,2024
"A10..10",11,36,2024
"A10..10",2,37,2024
"A10..10",6,38,2024
"A10..10",3,39,2024
"A10..10",3,40,2024
"A10..10",4,41,2024
"A10..10",4,42,2024
"A10..10",4,43,2024
"A10..10",7,44,2024
"A10..10",3,45,2024
"A10..10",10,46,2024
"A10..10",4,47,2024
"A10..10",3,48,2024
"A10..10",2,49,2024
"A10..10",3,50,2024
"A10..10",NA,51,2024
"A10..10",1,52,2024
"A11..11",NA,1,2024
"A11..11",2,2,2024
"A11..11",1,3,2024
"A11..11",3,4,2024
"A11..11",1,5,2024
"A11..11",1,6,2024
"A11..11",NA,7,2024
"A11..11",4,8,2024
"A11..11",3,9,2024
"A11..11",6,10,2024
"A11..11",3,11,2024
"A11..11",4,12,2024
"A11..11",4,13,2024
"A11..11",NA,14,2024
"A11..11",3,15,2024
"A11..11",4,16,2024
"A11..11",2,17,2024
"A11..11",2,18,2024
"A11..11",NA,19,2024
"A11..11",1,20,2024
"A11..11",1,21,2024
"A11..11",2,22,2024
"A11..11",1,23,2024
"A11..11",5,24,2024
"A11..11",6,25,2024
"A11..11",2,26,2024
"A11..11",1,27,2024
"A11..11",3,28,2024
"A11..11",3,29,2024
"A11..11",4,30,2024
"A11..11",9,31,2024
"A11..11",3,32,2024
"A11..11",4,33,2024
"A11..11",3,34,2024
"A11..11",12,35,2024
"A11..11",10,36,2024
"A11..11",9,37,2024
"A11..11",7,38,2024
"A11..11",7,39,2024
"A11..11",1,40,2024
"A11..11",4,41,2024
"A11..11",2,42,2024
"A11..11",2,43,2024
"A11..11",5,44,2024
"A11..11",7,45,2024
"A11..11",2,46,2024
"A11..11",NA,47,2024
"A11..11",2,48,2024
"A11..11",4,49,2024
"A11..11",5,50,2024
"A11..11",NA,51,2024
"A11..11",1,52,2024
"A12..12",1,1,2024
"A12..12",2,2,2024
"A12..12",1,3,2024
"A12..12",4,4,2024
"A12..12",NA,5,2024
"A12..12",1,6,2024
"A12..12",2,7,2024
"A12..12",3,8,2024
"A12..12",2,9,2024
"A12..12",1,10,2024
"A12..12",3,11,2024
"A12..12",2,12,2024
"A12..12",NA,13,2024
"A12..12",1,14,2024
"A12..12",1,15,2024
"A12..12",6,16,2024
"A12..12",NA,17,2024
"A12..12",1,18,2024
"A12..12",4,19,2024
"A12..12",2,20,2024
"A12..12",2,21,2024
"A12..12",7,22,2024
"A12..12",2,23,2024
"A12..12",7,24,2024
"A12..12",4,25,2024
"A12..12",4,26,2024
"A12..12",2,27,2024
"A12..12",3,28,2024
"A12..12",2,29,2024
"A12..12",2,30,2024
"A12..12",2,31,2024
"A12..12",5,32,2024
"A12..12",2,33,2024
"A12..12",4,34,2024
"A12..12",6,35,2024
"A12..12",3,36,2024
"A12..12",6,37,2024
"A12..12",7,38,2024
"A12..12",2,39,2024
"A12..12",2,40,2024
"A12..12",NA,41,2024
"A12..12",3,42,2024
"A12..12",3,43,2024
"A12..12",7,44,2024
"A12..12",6,45,2024
"A12..12",4,46,2024
"A12..12",2,47,2024
"A12..12",1,48,2024
"A12..12",NA,49,2024
"A12..12",2,50,2024
"A12..12",2,51,2024
"A12..12",NA,52,2024
"A13..13",1,1,2024
"A13..13",NA,2,2024
"A13..13",1,3,2024
"A13..13",3,4,2024
"A13..13",3,5,2024
"A13..13",1,6,2024
"A13..13",NA,7,2024
"A13..13",2,8,2024
"A13..13",1,9,2024
"A13..13",3,10,2024
"A13..13",2,11,2024
"A13..13",1,12,2024
"A13..13",NA,13,2024
"A13..13",1,14,2024
"A13..13",1,15,2024
"A13..13",1,16,2024
"A13..13",8,17,2024
"A13..13",3,18,2024
"A13..13",NA,19,2024
"A13..13",2,20,2024
"A13..13",2,21,2024
"A13..13",5,22,2024
"A13..13",10,23,2024
"A13..13",10,24,2024
"A13..13",2,25,2024
"A13..13",5,26,2024
"A13..13",3,27,2024
"A13..13",2,28,2024
"A13..13",5,29,2024
"A13..13",1,30,2024
"A13..13",8,31,2024
"A13..13",8,32,2024
"A13..13",11,33,2024
"A13..13",6,34,2024
"A13..13",7,35,2024
"A13..13",5,36,2024
"A13..13",8,37,2024
"A13..13",4,38,2024
"A13..13",6,39,2024
"A13..13",1,40,2024
"A13..13",6,41,2024
"A13..13",3,42,2024
"A13..13",1,43,2024
"A13..13",4,44,2024
"A13..13",4,45,2024
"A13..13",8,46,2024
"A13..13",NA,47,2024
"A13..13",1,48,2024
"A13..13",1,49,2024
"A13..13",1,50,2024
"A13..13",2,51,2024
"A13..13",NA,52,2024
"A14..14",1,1,2024
"A14..14",NA,2,2024
"A14..14",4,3,2024
"A14..14",3,4,2024
"A14..14",2,5,2024
"A14..14",1,6,2024
"A14..14",2,7,2024
"A14..14",NA,8,2024
"A14..14",NA,9,2024
"A14..14",3,10,2024
"A14..14",1,11,2024
"A14..14",NA,12,2024
"A14..14",NA,13,2024
"A14..14",NA,14,2024
"A14..14",2,15,2024
"A14..14",5,16,2024
"A14..14",2,17,2024
"A14..14",4,18,2024
"A14..14",4,19,2024
"A14..14",1,20,2024
"A14..14",2,21,2024
"A14..14",3,22,2024
"A14..14",4,23,2024
"A14..14",2,24,2024
"A14..14",3,25,2024
"A14..14",5,26,2024
"A14..14",1,27,2024
"A14..14",1,28,2024
"A14..14",2,29,2024
"A14..14",3,30,2024
"A14..14",4,31,2024
"A14..14",5,32,2024
"A14..14",6,33,2024
"A14..14",6,34,2024
"A14..14",9,35,2024
"A14..14",4,36,2024
"A14..14",7,37,2024
"A14..14",7,38,2024
"A14..14",2,39,2024
"A14..14",7,40,2024
"A14..14",2,41,2024
"A14..14",6,42,2024
"A14..14",6,43,2024
"A14..14",2,44,2024
"A14..14",3,45,2024
"A14..14",3,46,2024
"A14..14",5,47,2024
"A14..14",3,48,2024
"A14..14",1,49,2024
"A14..14",1,50,2024
"A14..14",2,51,2024
"A14..14",1,52,2024
"A15..15",NA,1,2024
"A15..15",3,2,2024
"A15..15",4,3,2024
"A15..15",1,4,2024
"A15..15",3,5,2024
"A15..15",3,6,2024
"A15..15",1,7,2024
"A15..15",4,8,2024
"A15..15",1,9,2024
"A15..15",3,10,2024
"A15..15",2,11,2024
"A15..15",3,12,2024
"A15..15",2,13,2024
"A15..15",NA,14,2024
"A15..15",3,15,2024
"A15..15",NA,16,2024
"A15..15",NA,17,2024
"A15..15",2,18,2024
"A15..15",2,19,2024
"A15..15",2,20,2024
"A15..15",5,21,2024
"A15..15",4,22,2024
"A15..15",7,23,2024
"A15..15",2,24,2024
"A15..15",5,25,2024
"A15..15",1,26,2024
"A15..15",1,27,2024
"A15..15",5,28,2024
"A15..15",3,29,2024
"A15..15",4,30,2024
"A15..15",3,31,2024
"A15..15",8,32,2024
"A15..15",3,33,2024
"A15..15",9,34,2024
"A15..15",8,35,2024
"A15..15",13,36,2024
"A15..15",4,37,2024
"A15..15",6,38,2024
"A15..15",6,39,2024
"A15..15",3,40,2024
"A15..15",4,41,2024
"A15..15",3,42,2024
"A15..15",4,43,2024
"A15..15",2,44,2024
"A15..15",2,45,2024
"A15..15",3,46,2024
"A15..15",4,47,2024
"A15..15",3,48,2024
"A15..15",2,49,2024
"A15..15",2,50,2024
"A15..15",NA,51,2024
"A15..15",1,52,2024
"A16..16",1,1,2024
"A16..16",1,2,2024
"A16..16",1,3,2024
"A16..16",NA,4,2024
"A16..16",2,5,2024
"A16..16",3,6,2024
"A16..16",2,7,2024
"A16..16",4,8,2024
"A16..16",NA,9,2024
"A16..16",3,10,2024
"A16..16",1,11,2024
"A16..16",NA,12,2024
"A16..16",3,13,2024
"A16..16",1,14,2024
"A16..16",3,15,2024
"A16..16",4,16,2024
"A16..16",NA,17,2024
"A16..16",2,18,2024
"A16..16",NA,19,2024
"A16..16",5,20,2024
"A16..16",4,21,2024
"A16..16",5,22,2024
"A16..16",3,23,2024
"A16..16",9,24,2024
"A16..16",5,25,2024
"A16..16",3,26,2024
"A16..16",1,27,2024
"A16..16",1,28,2024
"A16..16",9,29,2024
"A16..16",6,30,2024
"A16..16",4,31,2024
"A16..16",5,32,2024
"A16..16",6,33,2024
"A16..16",6,34,2024
"A16..16",7,35,2024
"A16..16",4,36,2024
"A16..16",14,37,2024
"A16..16",3,38,2024
"A16..16",7,39,2024
"A16..16",3,40,2024
"A16..16",2,41,2024
"A16..16",6,42,2024
"A16..16",6,43,2024
"A16..16",7,44,2024
"A16..16",6,45,2024
"A16..16",9,46,2024
"A16..16",2,47,2024
"A16..16",3,48,2024
"A16..16",2,49,2024
"A16..16",NA,50,2024
"A16..16",3,51,2024
"A16..16",1,52,2024
"A17..17",5,1,2024
"A17..17",1,2,2024
"A17..17",3,3,2024
"A17..17",2,4,2024
"A17..17",2,5,2024
"A17..17",7,6,2024
"A17..17",2,7,2024
"A17..17",4,8,2024
"A17..17",2,9,2024
"A17..17",2,10,2024
"A17..17",2,11,2024
"A17..17",1,12,2024
"A17..17",2,13,2024
"A17..17",1,14,2024
"A17..17",8,15,2024
"A17..17",2,16,2024
"A17..17",3,17,2024
"A17..17",2,18,2024
"A17..17",2,19,2024
"A17..17",2,20,2024
"A17..17",3,21,2024
"A17..17",4,22,2024
"A17..17",9,23,2024
"A17..17",3,24,2024
"A17..17",3,25,2024
"A17..17",2,26,2024
"A17..17",NA,27,2024
"A17..17",2,28,2024
"A17..17",3,29,2024
"A17..17",3,30,2024
"A17..17",3,31,2024
"A17..17",8,32,2024
"A17..17",7,33,2024
"A17..17",8,34,2024
"A17..17",11,35,2024
"A17..17",8,36,2024
"A17..17",5,37,2024
"A17..17",9,38,2024
"A17..17",6,39,2024
"A17..17",5,40,2024
"A17..17",2,41,2024
"A17..17",4,42,2024
"A17..17",7,43,2024
"A17..17",2,44,2024
"A17..17",5,45,2024
"A17..17",4,46,2024
"A17..17",4,47,2024
"A17..17",1,48,2024
"A17..17",2,49,2024
"A17..17",3,50,2024
"A17..17",5,51,2024
"A17..17",1,52,2024
"A18..18",1,1,2024
"A18..18",NA,2,2024
"A18..18",3,3,2024
"A18..18",3,4,2024
"A18..18",1,5,2024
"A18..18",2,6,2024
"A18..18",3,7,2024
"A18..18",NA,8,2024
"A18..18",NA,9,2024
"A18..18",1,10,2024
"A18..18",NA,11,2024
"A18..18",3,12,2024
"A18..18",1,13,2024
"A18..18",3,14,2024
"A18..18",2,15,2024
"A18..18",3,16,2024
"A18..18",3,17,2024
"A18..18",3,18,2024
"A18..18",NA,19,2024
"A18..18",4,20,2024
"A18..18",4,21,2024
"A18..18",7,22,2024
"A18..18",5,23,2024
"A18..18",7,24,2024
"A18..18",4,25,2024
"A18..18",3,26,2024
"A18..18",7,27,2024
"A18..18",4,28,2024
"A18..18",6,29,2024
"A18..18",6,30,2024
"A18..18",4,31,2024
"A18..18",4,32,2024
"A18..18",4,33,2024
"A18..18",8,34,2024
"A18..18",7,35,2024
"A18..18",6,36,2024
"A18..18",9,37,2024
"A18..18",8,38,2024
"A18..18",2,39,2024
"A18..18",6,40,2024
"A18..18",3,41,2024
"A18..18",7,42,2024
"A18..18",4,43,2024
"A18..18",4,44,2024
"A18..18",3,45,2024
"A18..18",1,46,2024
"A18..18",6,47,2024
"A18..18",3,48,2024
"A18..18",2,49,2024
"A18..18",4,50,2024
"A18..18",2,51,2024
"A18..18",1,52,2024
"A19..19",3,1,2024
"A19..19",3,2,2024
"A19..19",1,3,2024
"A19..19",1,4,2024
"A19..19",4,5,2024
"A19..19",5,6,2024
"A19..19",1,7,2024
"A19..19",NA,8,2024
"A19..19",3,9,2024
"A19..19",4,10,2024
"A19..19",3,11,2024
"A19..19",2,12,2024
"A19..19",1,13,2024
"A19..19",2,14,2024
"A19..19",3,15,2024
"A19..19",3,16,2024
"A19..19",2,17,2024
"A19..19",3,18,2024
"A19..19",6,19,2024
"A19..19",2,20,2024
"A19..19",7,21,2024
"A19..19",7,22,2024
"A19..19",8,23,2024
"A19..19",7,24,2024
"A19..19",3,25,2024
"A19..19",6,26,2024
"A19..19",7,27,2024
"A19..19",3,28,2024
"A19..19",3,29,2024
"A19..19",7,30,2024
"A19..19",10,31,2024
"A19..19",10,32,2024
"A19..19",11,33,2024
"A19..19",8,34,2024
"A19..19",7,35,2024
"A19..19",9,36,2024
"A19..19",6,37,2024
"A19..19",7,38,2024
"A19..19",11,39,2024
"A19..19",2,40,2024
"A19..19",10,41,2024
"A19..19",NA,42,2024
"A19..19",9,43,2024
"A19..19",5,44,2024
"A19..19",3,45,2024
"A19..19",2,46,2024
"A19..19",1,47,2024
"A19..19",3,48,2024
"A19..19",2,49,2024
"A19..19",2,50,2024
"A19..19",3,51,2024
"A19..19",1,52,2024
"A20..20",NA,1,2024
"A20..20",3,2,2024
"A20..20",NA,3,2024
"A20..20",4,4,2024
"A20..20",2,5,2024
"A20..20",1,6,2024
"A20..20",2,7,2024
"A20..20",4,8,2024
"A20..20",4,9,2024
"A20..20",1,10,2024
"A20..20",2,11,2024
"A20..20",4,12,2024
"A20..20",NA,13,2024
"A20..20",NA,14,2024
"A20..20",3,15,2024
"A20..20",3,16,2024
"A20..20",2,17,2024
"A20..20",NA,18,2024
"A20..20",3,19,2024
"A20..20",3,20,2024
"A20..20",6,21,2024
"A20..20",4,22,2024
"A20..20",2,23,2024
"A20..20",3,24,2024
"A20..20",3,25,2024
"A20..20",7,26,2024
"A20..20",11,27,2024
"A20..20",5,28,2024
"A20..20",7,29,2024
"A20..20",5,30,2024
"A20..20",9,31,2024
"A20..20",10,32,2024
"A20..20",7,33,2024
"A20..20",8,34,2024
"A20..20",9,35,2024
"A20..20",10,36,2024
"A20..20",8,37,2024
"A20..20",7,38,2024
"A20..20",6,39,2024
"A20..20",6,40,2024
"A20..20",5,41,2024
"A20..20",5,42,2024
"A20..20",5,43,2024
"A20..20",1,44,2024
"A20..20",7,45,2024
"A20..20",2,46,2024
"A20..20",4,47,2024
"A20..20",1,48,2024
"A20..20",3,49,2024
"A20..20",3,50,2024
"A20..20",1,51,2024
"A20..20",1,52,2024
"A21..21",2,1,2024
"A21..21",NA,2,2024
"A21..21",4,3,2024
"A21..21",NA,4,2024
"A21..21",4,5,2024
"A21..21",NA,6,2024
"A21..21",3,7,2024
"A21..21",3,8,2024
"A21..21",2,9,2024
"A21..21",3,10,2024
"A21..21",4,11,2024
"A21..21",5,12,2024
"A21..21",1,13,2024
"A21..21",4,14,2024
"A21..21",5,15,2024
"A21..21",5,16,2024
"A21..21",1,17,2024
"A21..21",NA,18,2024
"A21..21",3,19,2024
"A21..21",6,20,2024
"A21..21",3,21,2024
"A21..21",6,22,2024
"A21..21",6,23,2024
"A21..21",3,24,2024
"A21..21",10,25,2024
"A21..21",5,26,2024
"A21..21",6,27,2024
"A21..21",9,28,2024
"A21..21",12,29,2024
"A21..21",2,30,2024
"A21..21",9,31,2024
"A21..21",7,32,2024
"A21..21",6,33,2024
"A21..21",9,34,2024
"A21..21",12,35,2024
"A21..21",13,36,2024
"A21..21",7,37,2024
"A21..21",7,38,2024
"A21..21",7,39,2024
"A21..21",10,40,2024
"A21..21",5,41,2024
"A21..21",2,42,2024
"A21..21",9,43,2024
"A21..21",2,44,2024
"A21..21",4,45,2024
"A21..21",NA,46,2024
"A21..21",6,47,2024
"A21..21",2,48,2024
"A21..21",4,49,2024
"A21..21",NA,50,2024
"A21..21",2,51,2024
"A21..21",NA,52,2024
"A22..22",1,1,2024
"A22..22",NA,2,2024
"A22..22",2,3,2024
"A22..22",1,4,2024
"A22..22",NA,5,2024
"A22..22",2,6,2024
"A22..22",1,7,2024
"A22..22",NA,8,2024
"A22..22",2,9,2024
"A22..22",4,10,2024
"A22..22",4,11,2024
"A22..22",3,12,2024
"A22..22",NA,13,2024
"A22..22",NA,14,2024
"A22..22",3,15,2024
"A22..22",3,16,2024
"A22..22",2,17,2024
"A22..22",2,18,2024
"A22..22",1,19,2024
"A22..22",NA,20,2024
"A22..22",3,21,2024
"A22..22",7,22,2024
"A22..22",6,23,2024
"A22..22",5,24,2024
"A22..22",8,25,2024
"A22..22",7,26,2024
"A22..22",5,27,2024
"A22..22",7,28,2024
"A22..22",5,29,2024
"A22..22",11,30,2024
"A22..22",14,31,2024
"A22..22",10,32,2024
"A22..22",7,33,2024
"A22..22",8,34,2024
"A22..22",13,35,2024
"A22..22",6,36,2024
"A22..22",14,37,2024
"A22..22",6,38,2024
"A22..22",4,39,2024
"A22..22",4,40,2024
"A22..22",7,41,2024
"A22..22",6,42,2024
"A22..22",7,43,2024
"A22..22",6,44,2024
"A22..22",4,45,2024
"A22..22",2,46,2024
"A22..22",3,47,2024
"A22..22",4,48,2024
"A22..22",3,49,2024
"A22..22",2,50,2024
"A22..22",1,51,2024
"A22..22",NA,52,2024
"A23..23",2,1,2024
"A23..23",3,2,2024
"A23..23",3,3,2024
"A23..23",3,4,2024
"A23..23",1,5,2024
"A23..23",1,6,2024
"A23..23",1,7,2024
"A23..23",1,8,2024
"A23..23",3,9,2024
"A23..23",5,10,2024
"A23..23",3,11,2024
"A23..23",1,12,2024
"A23..23",1,13,2024
"A23..23",3,14,2024
"A23..23",4,15,2024
"A23..23",3,16,2024
"A23..23",5,17,2024
"A23..23",3,18,2024
"A23..23",2,19,2024
"A23..23",6,20,2024
"A23..23",5,21,2024
"A23..23",6,22,2024
"A23..23",4,23,2024
"A23..23",7,24,2024
"A23..23",2,25,2024
"A23..23",8,26,2024
"A23..23",5,27,2024
"A23..23",5,28,2024
"A23..23",7,29,2024
"A23..23",12,30,2024
"A23..23",11,31,2024
"A23..23",6,32,2024
"A23..23",5,33,2024
"A23..23",9,34,2024
"A23..23",6,35,2024
"A23..23",7,36,2024
"A23..23",11,37,2024
"A23..23",8,38,2024
"A23..23",7,39,2024
"A23..23",7,40,2024
"A23..23",10,41,2024
"A23..23",1,42,2024
"A23..23",3,43,2024
"A23..23",9,44,2024
"A23..23",6,45,2024
"A23..23",4,46,2024
"A23..23",4,47,2024
"A23..23",2,48,2024
"A23..23",4,49,2024
"A23..23",3,50,2024
"A23..23",3,51,2024
"A23..23",1,52,2024
"A24..24",NA,1,2024
"A24..24",2,2,2024
"A24..24",2,3,2024
"A24..24",NA,4,2024
"A24..24",NA,5,2024
"A24..24",4,6,2024
"A24..24",4,7,2024
"A24..24",3,8,2024
"A24..24",1,9,2024
"A24..24",3,10,2024
"A24..24",NA,11,2024
"A24..24",1,12,2024
"A24..24",3,13,2024
"A24..24",1,14,2024
"A24..24",5,15,2024
"A24..24",5,16,2024
"A24..24",5,17,2024
"A24..24",5,18,2024
"A24..24",NA,19,2024
"A24..24",6,20,2024
"A24..24",4,21,2024
"A24..24",6,22,2024
"A24..24",9,23,2024
"A24..24",9,24,2024
"A24..24",7,25,2024
"A24..24",8,26,2024
"A24..24",5,27,2024
"A24..24",8,28,2024
"A24..24",8,29,2024
"A24..24",6,30,2024
"A24..24",13,31,2024
"A24..24",8,32,2024
"A24..24",14,33,2024
"A24..24",11,34,2024
"A24..24",9,35,2024
"A24..24",6,36,2024
"A24..24",9,37,2024
"A24..24",12,38,2024
"A24..24",8,39,2024
"A24..24",7,40,2024
"A24..24",5,41,2024
"A24..24",6,42,2024
"A24..24",7,43,2024
"A24..24",4,44,2024
"A24..24",6,45,2024
"A24..24",3,46,2024
"A24..24",9,47,2024
"A24..24",5,48,2024
"A24..24",5,49,2024
"A24..24",3,50,2024
"A24..24",5,51,2024
"A24..24",NA,52,2024
"A25..25",2,1,2024
"A25..25",3,2,2024
"A25..25",2,3,2024
"A25..25",1,4,2024
"A25..25",NA,5,2024
"A25..25",2,6,2024
"A25..25",1,7,2024
"A25..25",2,8,2024
"A25..25",6,9,2024
"A25..25",3,10,2024
"A25..25",3,11,2024
"A25..25",3,12,2024
"A25..25",3,13,2024
"A25..25",1,14,2024
"A25..25",2,15,2024
"A25..25",3,16,2024
"A25..25",3,17,2024
"A25..25",2,18,2024
"A25..25",2,19,2024
"A25..25",5,20,2024
"A25..25",5,21,2024
"A25..25",6,22,2024
"A25..25",1,23,2024
"A25..25",8,24,2024
"A25..25",4,25,2024
"A25..25",4,26,2024
"A25..25",2,27,2024
"A25..25",8,28,2024
"A25..25",2,29,2024
"A25..25",4,30,2024
"A25..25",6,31,2024
"A25..25",10,32,2024
"A25..25",5,33,2024
"A25..25",9,34,2024
"A25..25",11,35,2024
"A25..25",6,36,2024
"A25..25",7,37,2024
"A25..25",11,38,2024
"A25..25",10,39,2024
"A25..25",5,40,2024
"A25..25",8,41,2024
"A25..25",6,42,2024
"A25..25",6,43,2024
"A25..25",6,44,2024
"A25..25",3,45,2024
"A25..25",4,46,2024
"A25..25",NA,47,2024
"A25..25",3,48,2024
"A25..25",2,49,2024
"A25..25",4,50,2024
"A25..25",3,51,2024
"A25..25",NA,52,2024
"A26..26",3,1,2024
"A26..26",4,2,2024
"A26..26",1,3,2024
"A26..26",1,4,2024
"A26..26",2,5,2024
"A26..26",3,6,2024
"A26..26",2,7,2024
"A26..26",3,8,2024
"A26..26",3,9,2024
"A26..26",1,10,2024
"A26..26",2,11,2024
"A26..26",3,12,2024
"A26..26",3,13,2024
"A26..26",2,14,2024
"A26..26",2,15,2024
"A26..26",3,16,2024
"A26..26",5,17,2024
"A26..26",2,18,2024
"A26..26",4,19,2024
"A26..26",5,20,2024
"A26..26",3,21,2024
"A26..26",5,22,2024
"A26..26",5,23,2024
"A26..26",7,24,2024
"A26..26",7,25,2024
"A26..26",4,26,2024
"A26..26",4,27,2024
"A26..26",9,28,2024
"A26..26",2,29,2024
"A26..26",2,30,2024
"A26..26",11,31,2024
"A26..26",5,32,2024
"A26..26",6,33,2024
"A26..26",2,34,2024
"A26..26",12,35,2024
"A26..26",6,36,2024
"A26..26",12,37,2024
"A26..26",5,38,2024
"A26..26",3,39,2024
"A26..26",6,40,2024
"A26..26",8,41,2024
"A26..26",5,42,2024
"A26..26",5,43,2024
"A26..26",4,44,2024
"A26..26",2,45,2024
"A26..26",5,46,2024
"A26..26",4,47,2024
"A26..26",3,48,2024
"A26..26",1,49,2024
"A26..26",3,50,2024
"A26..26",4,51,2024
"A26..26",1,52,2024
"A27..27",2,1,2024
"A27..27",5,2,2024
"A27..27",1,3,2024
"A27..27",3,4,2024
"A27..27",1,5,2024
"A27..27",1,6,2024
"A27..27",2,7,2024
"A27..27",2,8,2024
"A27..27",1,9,2024
"A27..27",2,10,2024
"A27..27",3,11,2024
"A27..27",2,12,2024
"A27..27",1,13,2024
"A27..27",1,14,2024
"A27..27",3,15,2024
"A27..27",5,16,2024
"A27..27",3,17,2024
"A27..27",3,18,2024
"A27..27",1,19,2024
"A27..27",6,20,2024
"A27..27",4,21,2024
"A27..27",7,22,2024
"A27..27",5,23,2024
"A27..27",7,24,2024
"A27..27",2,25,2024
"A27..27",4,26,2024
"A27..27",3,27,2024
"A27..27",12,28,2024
"A27..27",3,29,2024
"A27..27",9,30,2024
"A27..27",4,31,2024
"A27..27",9,32,2024
"A27..27",6,33,2024
"A27..27",8,34,2024
"A27..27",11,35,2024
"A27..27",9,36,2024
"A27..27",6,37,2024
"A27..27",10,38,2024
"A27..27",6,39,2024
"A27..27",3,40,2024
"A27..27",9,41,2024
"A27..27",6,42,2024
"A27..27",5,43,2024
"A27..27",4,44,2024
"A27..27",6,45,2024
"A27..27",3,46,2024
"A27..27",7,47,2024
"A27..27",5,48,2024
"A27..27",3,49,2024
"A27..27",1,50,2024
"A27..27",1,51,2024
"A27..27",NA,52,2024
"A28..28",3,1,2024
"A28..28",2,2,2024
"A28..28",1,3,2024
"A28..28",1,4,2024
"A28..28",1,5,2024
"A28..28",3,6,2024
"A28..28",2,7,2024
"A28..28",5,8,2024
"A28..28",2,9,2024
"A28..28",3,10,2024
"A28..28",5,11,2024
"A28..28",1,12,2024
"A28..28",NA,13,2024
"A28..28",3,14,2024
"A28..28",4,15,2024
"A28..28",2,16,2024
"A28..28",3,17,2024
"A28..28",5,18,2024
"A28..28",5,19,2024
"A28..28",7,20,2024
"A28..28",2,21,2024
"A28..28",4,22,2024
"A28..28",4,23,2024
"A28..28",6,24,2024
"A28..28",2,25,2024
"A28..28",2,26,2024
"A28..28",3,27,2024
"A28..28",4,28,2024
"A28..28",5,29,2024
"A28..28",8,30,2024
"A28..28",6,31,2024
"A28..28",9,32,2024
"A28..28",7,33,2024
"A28..28",12,34,2024
"A28..28",5,35,2024
"A28..28",8,36,2024
"A28..28",8,37,2024
"A28..28",8,38,2024
"A28..28",9,39,2024
"A28..28",10,40,2024
"A28..28",5,41,2024
"A28..28",6,42,2024
"A28..28",3,43,2024
"A28..28",5,44,2024
"A28..28",2,45,2024
"A28..28",1,46,2024
"A28..28",6,47,2024
"A28..28",5,48,2024
"A28..28",4,49,2024
"A28..28",4,50,2024
"A28..28",1,51,2024
"A28..28",1,52,2024
"A29..29",1,1,2024
"A29..29",3,2,2024
"A29..29",3,3,2024
"A29..29",2,4,2024
"A29..29",1,5,2024
"A29..29",1,6,2024
"A29..29",1,7,2024
"A29..29",3,8,2024
"A29..29",3,9,2024
"A29..29",3,10,2024
"A29..29",4,11,2024
"A29..29",3,12,2024
"A29..29",2,13,2024
"A29..29",1,14,2024
"A29..29",5,15,2024
"A29..29",2,16,2024
"A29..29",2,17,2024
"A29..29",2,18,2024
"A29..29",3,19,2024
"A29..29",4,20,2024
"A29..29",3,21,2024
"A29..29",3,22,2024
"A29..29",5,23,2024
"A29..29",5,24,2024
"A29..29",9,25,2024
"A29..29",2,26,2024
"A29..29",6,27,2024
"A29..29",7,28,2024
"A29..29",12,29,2024
"A29..29",6,30,2024
"A29..29",11,31,2024
"A29..29",3,32,2024
"A29..29",3,33,2024
"A29..29",4,34,2024
"A29..29",2,35,2024
"A29..29",7,36,2024
"A29..29",5,37,2024
"A29..29",8,38,2024
"A29..29",2,39,2024
"A29..29",2,40,2024
"A29..29",4,41,2024
"A29..29",3,42,2024
"A29..29",4,43,2024
"A29..29",3,44,2024
"A29..29",3,45,2024
"A29..29",NA,46,2024
"A29..29",1,47,2024
"A29..29",1,48,2024
"A29..29",2,49,2024
"A29..29",4,50,2024
"A29..29",4,51,2024
"A29..29",1,52,2024
"A30..30",3,1,2024
"A30..30",4,2,2024
"A30..30",3,3,2024
"A30..30",1,4,2024
"A30..30",3,5,2024
"A30..30",2,6,2024
"A30..30",3,7,2024
"A30..30",3,8,2024
"A30..30",4,9,2024
"A30..30",1,10,2024
"A30..30",NA,11,2024
"A30..30",1,12,2024
"A30..30",3,13,2024
"A30..30",1,14,2024
"A30..30",3,15,2024
"A30..30",2,16,2024
"A30..30",1,17,2024
"A30..30",2,18,2024
"A30..30",2,19,2024
"A30..30",2,20,2024
"A30..30",1,21,2024
"A30..30",4,22,2024
"A30..30",4,23,2024
"A30..30",6,24,2024
"A30..30",5,25,2024
"A30..30",5,26,2024
"A30..30",2,27,2024
"A30..30",2,28,2024
"A30..30",5,29,2024
"A30..30",4,30,2024
"A30..30",10,31,2024
"A30..30",6,32,2024
"A30..30",7,33,2024
"A30..30",5,34,2024
"A30..30",4,35,2024
"A30..30",4,36,2024
"A30..30",4,37,2024
"A30..30",5,38,2024
"A30..30",9,39,2024
"A30..30",8,40,2024
"A30..30",6,41,2024
"A30..30",1,42,2024
"A30..30",6,43,2024
"A30..30",3,44,2024
"A30..30",8,45,2024
"A30..30",2,46,2024
"A30..30",3,47,2024
"A30..30",3,48,2024
"A30..30",3,49,2024
"A30..30",2,50,2024
"A30..30",2,51,2024
"A30..30",1,52,2024
"A31..31",1,1,2024
"A31..31",1,2,2024
"A31..31",2,3,2024
"A31..31",3,4,2024
"A31..31",2,5,2024
"A31..31",1,6,2024
"A31..31",NA,7,2024
"A31..31",1,8,2024
"A31..31",2,9,2024
"A31..31",2,10,2024
"A31..31",NA,11,2024
"A31..31",5,12,2024
"A31..31",4,13,2024
"A31..31",2,14,2024
"A31..31",4,15,2024
"A31..31",1,16,2024
"A31..31",5,17,2024
"A31..31",1,18,2024
"A31..31",2,19,2024
"A31..31",2,20,2024
"A31..31",1,21,2024
"A31..31",4,22,2024
"A31..31",6,23,2024
"A31..31",2,24,2024
"A31..31",6,25,2024
"A31..31",4,26,2024
"A31..31",3,27,2024
"A31..31",3,28,2024
"A31..31",6,29,2024
"A31..31",6,30,2024
"A31..31",6,31,2024
"A31..31",5,32,2024
"A31..31",4,33,2024
"A31..31",5,34,2024
"A31..31",10,35,2024
"A31..31",9,36,2024
"A31..31",5,37,2024
"A31..31",5,38,2024
"A31..31",5,39,2024
"A31..31",4,40,2024
"A31..31",4,41,2024
"A31..31",5,42,2024
"A31..31",3,43,2024
"A31..31",6,44,2024
"A31..31",5,45,2024
"A31..31",4,46,2024
"A31..31",5,47,2024
"A31..31",5,48,2024
"A31..31",4,49,2024
"A31..31",2,50,2024
"A31..31",2,51,2024
"A31..31",NA,52,2024
"A32..32",3,1,2024
"A32..32",2,2,2024
"A32..32",2,3,2024
"A32..32",2,4,2024
"A32..32",1,5,2024
"A32..32",2,6,2024
"A32..32",4,7,2024
"A32..32",4,8,2024
"A32..32",4,9,2024
"A32..32",5,10,2024
"A32..32",2,11,2024
"A32..32",NA,12,2024
"A32..32",2,13,2024
"A32..32",2,14,2024
"A32..32",3,15,2024
"A32..32",1,16,2024
"A32..32",1,17,2024
"A32..32",4,18,2024
"A32..32",5,19,2024
"A32..32",1,20,2024
"A32..32",1,21,2024
"A32..32",5,22,2024
"A32..32",4,23,2024
"A32..32",3,24,2024
"A32..32",3,25,2024
"A32..32",5,26,2024
"A32..32",6,27,2024
"A32..32",5,28,2024
"A32..32",3,29,2024
"A32..32",2,30,2024
"A32..32",2,31,2024
"A32..32",9,32,2024
"A32..32",7,33,2024
"A32..32",4,34,2024
"A32..32",6,35,2024
"A32..32",7,36,2024
"A32..32",6,37,2024
"A32..32",7,38,2024
"A32..32",7,39,2024
"A32..32",4,40,2024
"A32..32",6,41,2024
"A32..32",7,42,2024
"A32..32",6,43,2024
"A32..32",6,44,2024
"A32..32",4,45,2024
"A32..32",6,46,2024
"A32..32",2,47,2024
"A32..32",NA,48,2024
"A32..32",NA,49,2024
"A32..32",2,50,2024
"A32..32",2,51,2024
"A32..32",1,52,2024
"A33..33",2,1,2024
"A33..33",2,2,2024
"A33..33",2,3,2024
"A33..33",1,4,2024
"A33..33",NA,5,2024
"A33..33",2,6,2024
"A33..33",2,7,2024
"A33..33",1,8,2024
"A33..33",6,9,2024
"A33..33",4,10,2024
"A33..33",3,11,2024
"A33..33",2,12,2024
"A33..33",2,13,2024
"A33..33",2,14,2024
"A33..33",3,15,2024
"A33..33",3,16,2024
"A33..33",1,17,2024
"A33..33",2,18,2024
"A33..33",3,19,2024
"A33..33",3,20,2024
"A33..33",4,21,2024
"A33..33",1,22,2024
"A33..33",4,23,2024
"A33..33",6,24,2024
"A33..33",5,25,2024
"A33..33",2,26,2024
"A33..33",3,27,2024
"A33..33",2,28,2024
"A33..33",1,29,2024
"A33..33",2,30,2024
"A33..33",1,31,2024
"A33..33",3,32,2024
"A33..33",4,33,2024
"A33..33",4,34,2024
"A33..33",10,35,2024
"A33..33",3,36,2024
"A33..33",9,37,2024
"A33..33",5,38,2024
"A33..33",9,39,2024
"A33..33",9,40,2024
"A33..33",7,41,2024
"A33..33",4,42,2024
"A33..33",6,43,2024
"A33..33",1,44,2024
"A33..33",2,45,2024
"A33..33",2,46,2024
"A33..33",3,47,2024
"A33..33",4,48,2024
"A33..33",3,49,2024
"A33..33",1,50,2024
"A33..33",1,51,2024
"A33..33",1,52,2024
"A34..34",2,1,2024
"A34..34",1,2,2024
"A34..34",2,3,2024
"A34..34",2,4,2024
"A34..34",NA,5,2024
"A34..34",2,6,2024
"A34..34",3,7,2024
"A34..34",5,8,2024
"A34..34",4,9,2024
"A34..34",5,10,2024
"A34..34",1,11,2024
"A34..34",NA,12,2024
"A34..34",3,13,2024
"A34..34",1,14,2024
"A34..34",NA,15,2024
"A34..34",4,16,2024
"A34..34",2,17,2024
"A34..34",NA,18,2024
"A34..34",3,19,2024
"A34..34",4,20,2024
"A34..34",1,21,2024
"A34..34",2,22,2024
"A34..34",1,23,2024
"A34..34",3,24,2024
"A34..34",6,25,2024
"A34..34",3,26,2024
"A34..34",4,27,2024
"A34..34",4,28,2024
"A34..34",4,29,2024
"A34..34",6,30,2024
"A34..34",2,31,2024
"A34..34",7,32,2024
"A34..34",6,33,2024
"A34..34",6,34,2024
"A34..34",5,35,2024
"A34..34",8,36,2024
"A34..34",8,37,2024
"A34..34",7,38,2024
"A34..34",8,39,2024
"A34..34",4,40,2024
"A34..34",6,41,2024
"A34..34",5,42,2024
"A34..34",4,43,2024
"A34..34",5,44,2024
"A34..34",2,45,2024
"A34..34",5,46,2024
"A34..34",5,47,2024
"A34..34",8,48,2024
"A34..34",1,49,2024
"A34..34",1,50,2024
"A34..34",2,51,2024
"A34..34",NA,52,2024
"A35..35",1,1,2024
"A35..35",3,2,2024
"A35..35",2,3,2024
"A35..35",2,4,2024
"A35..35",4,5,2024
"A35..35",NA,6,2024
"A35..35",1,7,2024
"A35..35",2,8,2024
"A35..35",1,9,2024
"A35..35",1,10,2024
"A35..35",1,11,2024
"A35..35",1,12,2024
"A35..35",NA,13,2024
"A35..35",NA,14,2024
"A35..35",1,15,2024
"A35..35",NA,16,2024
"A35..35",3,17,2024
"A35..35",2,18,2024
"A35..35",2,19,2024
"A35..35",4,20,2024
"A35..35",1,21,2024
"A35..35",3,22,2024
"A35..35",4,23,2024
"A35..35",5,24,2024
"A35..35",1,25,2024
"A35..35",3,26,2024
"A35..35",2,27,2024
"A35..35",5,28,2024
"A35..35",3,29,2024
"A35..35",5,30,2024
"A35..35",4,31,2024
"A35..35",3,32,2024
"A35..35",4,33,2024
"A35..35",6,34,2024
"A35..35",8,35,2024
"A35..35",3,36,2024
"A35..35",5,37,2024
"A35..35",11,38,2024
"A35..35",3,39,2024
"A35..35",4,40,2024
"A35..35",2,41,2024
"A35..35",4,42,2024
"A35..35",4,43,2024
"A35..35",4,44,2024
"A35..35",3,45,2024
"A35..35",3,46,2024
"A35..35",1,47,2024
"A35..35",5,48,2024
"A35..35",1,49,2024
"A35..35",2,50,2024
"A35..35",1,51,2024
"A35..35",NA,52,2024
"A36..36",3,1,2024
"A36..36",2,2,2024
"A36..36",NA,3,2024
"A36..36",2,4,2024
"A36..36",1,5,2024
"A36..36",3,6,2024
"A36..36",2,7,2024
"A36..36",3,8,2024
"A36..36",6,9,2024
"A36..36",1,10,2024
"A36..36",1,11,2024
"A36..36",NA,12,2024
"A36..36",2,13,2024
"A36..36",NA,14,2024
"A36..36",NA,15,2024
"A36..36",2,16,2024
"A36..36",2,17,2024
"A36..36",3,18,2024
"A36..36",2,19,2024
"A36..36",4,20,2024
"A36..36",2,21,2024
"A36..36",3,22,2024
"A36..36",4,23,2024
"A36..36",7,24,2024
"A36..36",6,25,2024
"A36..36",NA,26,2024
"A36..36",3,27,2024
"A36..36",3,28,2024
"A36..36",6,29,2024
"A36..36",4,30,2024
"A36..36",4,31,2024
"A36..36",5,32,2024
"A36..36",5,33,2024
"A36..36",5,34,2024
"A36..36",7,35,2024
"A36..36",5,36,2024
"A36..36",3,37,2024
"A36..36",5,38,2024
"A36..36",6,39,2024
"A36..36",2,40,2024
"A36..36",3,41,2024
"A36..36",1,42,2024
"A36..36",2,43,2024
"A36..36",3,44,2024
"A36..36",2,45,2024
"A36..36",2,46,2024
"A36..36",NA,47,2024
"A36..36",2,48,2024
"A36..36",2,49,2024
"A36..36",3,50,2024
"A36..36",5,51,2024
"A36..36",2,52,2024
"A37..37",2,1,2024
"A37..37",1,2,2024
"A37..37",3,3,2024
"A37..37",3,4,2024
"A37..37",1,5,2024
"A37..37",3,6,2024
"A37..37",1,7,2024
"A37..37",NA,8,2024
"A37..37",2,9,2024
"A37..37",1,10,2024
"A37..37",NA,11,2024
"A37..37",1,12,2024
"A37..37",NA,13,2024
"A37..37",1,14,2024
"A37..37",1,15,2024
"A37..37",1,16,2024
"A37..37",NA,17,2024
"A37..37",1,18,2024
"A37..37",1,19,2024
"A37..37",2,20,2024
"A37..37",3,21,2024
"A37..37",3,22,2024
"A37..37",1,23,2024
"A37..37",2,24,2024
"A37..37",2,25,2024
"A37..37",4,26,2024
"A37..37",2,27,2024
"A37..37",2,28,2024
"A37..37",6,29,2024
"A37..37",4,30,2024
"A37..37",3,31,2024
"A37..37",3,32,2024
"A37..37",6,33,2024
"A37..37",4,34,2024
"A37..37",3,35,2024
"A37..37",2,36,2024
"A37..37",9,37,2024
"A37..37",4,38,2024
"A37..37",4,39,2024
"A37..37",3,40,2024
"A37..37",NA,41,2024
"A37..37",5,42,2024
"A37..37",1,43,2024
"A37..37",2,44,2024
"A37..37",5,45,2024
"A37..37",NA,46,2024
"A37..37",4,47,2024
"A37..37",2,48,2024
"A37..37",5,49,2024
"A37..37",2,50,2024
"A37..37",3,51,2024
"A37..37",1,52,2024
"A38..38",NA,1,2024
"A38..38",4,2,2024
"A38..38",1,3,2024
"A38..38",2,4,2024
"A38..38",NA,5,2024
"A38..38",1,6,2024
"A38..38",2,7,2024
"A38..38",1,8,2024
"A38..38",3,9,2024
"A38..38",1,10,2024
"A38..38",2,11,2024
"A38..38",NA,12,2024
"A38..38",NA,13,2024
"A38..38",1,14,2024
"A38..38",4,15,2024
"A38..38",NA,16,2024
"A38..38",1,17,2024
"A38..38",1,18,2024
"A38..38",3,19,2024
"A38..38",1,20,2024
"A38..38",1,21,2024
"A38..38",2,22,2024
"A38..38",5,23,2024
"A38..38",1,24,2024
"A38..38",1,25,2024
"A38..38",3,26,2024
"A38..38",3,27,2024
"A38..38",5,28,2024
"A38..38",2,29,2024
"A38..38",5,30,2024
"A38..38",4,31,2024
"A38..38",6,32,2024
"A38..38",2,33,2024
"A38..38",4,34,2024
"A38..38",5,35,2024
"A38..38",6,36,2024
"A38..38",6,37,2024
"A38..38",2,38,2024
"A38..38",3,39,2024
"A38..38",6,40,2024
"A38..38",3,41,2024
"A38..38",5,42,2024
"A38..38",5,43,2024
"A38..38",2,44,2024
"A38..38",1,45,2024
"A38..38",1,46,2024
"A38..38",2,47,2024
"A38..38",3,48,2024
"A38..38",3,49,2024
"A38..38",2,50,2024
"A38..38",3,51,2024
"A38..38",2,52,2024
"A39..39",1,1,2024
"A39..39",3,2,2024
"A39..39",2,3,2024
"A39..39",1,4,2024
"A39..39",1,5,2024
"A39..39",NA,6,2024
"A39..39",1,7,2024
"A39..39",4,8,2024
"A39..39",4,9,2024
"A39..39",1,10,2024
"A39..39",4,11,2024
"A39..39",2,12,2024
"A39..39",1,13,2024
"A39..39",2,14,2024
"A39..39",2,15,2024
"A39..39",1,16,2024
"A39..39",4,17,2024
"A39..39",4,18,2024
"A39..39",5,19,2024
"A39..39",2,20,2024
"A39..39",3,21,2024
"A39..39",4,22,2024
"A39..39",3,23,2024
"A39..39",1,24,2024
"A39..39",3,25,2024
"A39..39",1,26,2024
"A39..39",3,27,2024
"A39..39",6,28,2024
"A39..39",1,29,2024
"A39..39",5,30,2024
"A39..39",2,31,2024
"A39..39",1,32,2024
"A39..39",4,33,2024
"A39..39",1,34,2024
"A39..39",6,35,2024
"A39..39",3,36,2024
"A39..39",3,37,2024
"A39..39",6,38,2024
"A39..39",3,39,2024
"A39..39",NA,40,2024
"A39..39",5,41,2024
"A39..39",1,42,2024
"A39..39",2,43,2024
"A39..39",4,44,2024
"A39..39",1,45,2024
"A39..39",3,46,2024
"A39..39",1,47,2024
"A39..39",2,48,2024
"A39..39",2,49,2024
"A39..39",2,50,2024
"A39..39",NA,51,2024
"A39..39",1,52,2024
"A40..40",2,1,2024
"A40..40",1,2,2024
"A40..40",3,3,2024
"A40..40",NA,4,2024
"A40..40",NA,5,2024
"A40..40",2,6,2024
"A40..40",2,7,2024
"A40..40",1,8,2024
"A40..40",4,9,2024
"A40..40",3,10,2024
"A40..40",1,11,2024
"A40..40",1,12,2024
"A40..40",NA,13,2024
"A40..40",1,14,2024
"A40..40",4,15,2024
"A40..40",2,16,2024
"A40..40",3,17,2024
"A40..40",NA,18,2024
"A40..40",1,19,2024
"A40..40",1,20,2024
"A40..40",2,21,2024
"A40..40",4,22,2024
"A40..40",5,23,2024
"A40..40",3,24,2024
"A40..40",2,25,2024
"A40..40",2,26,2024
"A40..40",1,27,2024
"A40..40",2,28,2024
"A40..40",2,29,2024
"A40..40",1,30,2024
"A40..40",2,31,2024
"A40..40",3,32,2024
"A40..40",2,33,2024
"A40..40",1,34,2024
"A40..40",4,35,2024
"A40..40",7,36,2024
"A40..40",7,37,2024
"A40..40",3,38,2024
"A40..40",1,39,2024
"A40..40",4,40,2024
"A40..40",3,41,2024
"A40..40",3,42,2024
"A40..40",6,43,2024
"A40..40",3,44,2024
"A40..40",2,45,2024
"A40..40",2,46,2024
"A40..40",1,47,2024
"A40..40",3,48,2024
"A40..40",1,49,2024
"A40..40",2,50,2024
"A40..40",1,51,2024
"A40..40",NA,52,2024
"A41..41",1,1,2024
"A41..41",1,2,2024
"A41..41",NA,3,2024
"A41..41",NA,4,2024
"A41..41",NA,5,2024
"A41..41",1,6,2024
"A41..41",3,7,2024
"A41..41",1,8,2024
"A41..41",NA,9,2024
"A41..41",1,10,2024
"A41..41",1,11,2024
"A41..41",2,12,2024
"A41..41",1,13,2024
"A41..41",NA,14,2024
"A41..41",6,15,2024
"A41..41",2,16,2024
"A41..41",2,17,2024
"A41..41",1,18,2024
"A41..41",3,19,2024
"A41..41",3,20,2024
"A41..41",2,21,2024
"A41..41",4,22,2024
"A41..41",4,23,2024
"A41..41",1,24,2024
"A41..41",5,25,2024
"A41..41",5,26,2024
"A41..41",2,27,2024
"A41..41",5,28,2024
"A41..41",4,29,2024
"A41..41",2,30,2024
"A41..41",NA,31,2024
"A41..41",4,32,2024
"A41..41",4,33,2024
"A41..41",4,34,2024
"A41..41",2,35,2024
"A41..41",3,36,2024
"A41..41",5,37,2024
"A41..41",5,38,2024
"A41..41",3,39,2024
"A41..41",3,40,2024
"A41..41",3,41,2024
"A41..41",1,42,2024
"A41..41",2,43,2024
"A41..41",3,44,2024
"A41..41",NA,45,2024
"A41..41",4,46,2024
"A41..41",3,47,2024
"A41..41",NA,48,2024
"A41..41",3,49,2024
"A41..41",NA,50,2024
"A41..41",1,51,2024
"A41..41",1,52,2024
"A42..42",2,1,2024
"A42..42",1,2,2024
"A42..42",1,3,2024
"A42..42",1,4,2024
"A42..42",NA,5,2024
"A42..42",NA,6,2024
"A42..42",1,7,2024
"A42..42",2,8,2024
"A42..42",NA,9,2024
"A42..42",1,10,2024
"A42..42",1,11,2024
"A42..42",3,12,2024
"A42..42",1,13,2024
"A42..42",NA,14,2024
"A42..42",1,15,2024
"A42..42",3,16,2024
"A42..42",NA,17,2024
"A42..42",NA,18,2024
"A42..42",3,19,2024
"A42..42",1,20,2024
"A42..42",4,21,2024
"A42..42",3,22,2024
"A42..42",3,23,2024
"A42..42",3,24,2024
"A42..42",1,25,2024
"A42..42",1,26,2024
"A42..42",2,27,2024
"A42..42",6,28,2024
"A42..42",1,29,2024
"A42..42",1,30,2024
"A42..42",6,31,2024
"A42..42",7,32,2024
"A42..42",3,33,2024
"A42..42",4,34,2024
"A42..42",6,35,2024
"A42..42",4,36,2024
"A42..42",4,37,2024
"A42..42",1,38,2024
"A42..42",2,39,2024
"A42..42",3,40,2024
"A42..42",2,41,2024
"A42..42",3,42,2024
"A42..42",2,43,2024
"A42..42",7,44,2024
"A42..42",2,45,2024
"A42..42",1,46,2024
"A42..42",4,47,2024
"A42..42",1,48,2024
"A42..42",NA,49,2024
"A42..42",4,50,2024
"A42..42",NA,51,2024
"A42..42",1,52,2024
"A43..43",NA,1,2024
"A43..43",2,2,2024
"A43..43",NA,3,2024
"A43..43",NA,4,2024
"A43..43",NA,5,2024
"A43..43",1,6,2024
"A43..43",4,7,2024
"A43..43",1,8,2024
"A43..43",1,9,2024
"A43..43",1,10,2024
"A43..43",2,11,2024
"A43..43",NA,12,2024
"A43..43",2,13,2024
"A43..43",1,14,2024
"A43..43",1,15,2024
"A43..43",3,16,2024
"A43..43",1,17,2024
"A43..43",2,18,2024
"A43..43",1,19,2024
"A43..43",NA,20,2024
"A43..43",1,21,2024
"A43..43",NA,22,2024
"A43..43",4,23,2024
"A43..43",1,24,2024
"A43..43",3,25,2024
"A43..43",1,26,2024
"A43..43",2,27,2024
"A43..43",4,28,2024
"A43..43",1,29,2024
"A43..43",6,30,2024
"A43..43",3,31,2024
"A43..43",6,32,2024
"A43..43",8,33,2024
"A43..43",8,34,2024
"A43..43",5,35,2024
"A43..43",4,36,2024
"A43..43",7,37,2024
"A43..43",9,38,2024
"A43..43",1,39,2024
"A43..43",2,40,2024
"A43..43",3,41,2024
"A43..43",2,42,2024
"A43..43",2,43,2024
"A43..43",5,44,2024
"A43..43",2,45,2024
"A43..43",2,46,2024
"A43..43",4,47,2024
"A43..43",1,48,2024
"A43..43",1,49,2024
"A43..43",1,50,2024
"A43..43",NA,51,2024
"A43..43",1,52,2024
"A44..44",3,1,2024
"A44..44",NA,2,2024
"A44..44",2,3,2024
"A44..44",1,4,2024
"A44..44",NA,5,2024
"A44..44",NA,6,2024
"A44..44",1,7,2024
"A44..44",3,8,2024
"A44..44",1,9,2024
"A44..44",1,10,2024
"A44..44",3,11,2024
"A44..44",NA,12,2024
"A44..44",NA,13,2024
"A44..44",2,14,2024
"A44..44",NA,15,2024
"A44..44",3,16,2024
"A44..44",1,17,2024
"A44..44",NA,18,2024
"A44..44",1,19,2024
"A44..44",2,20,2024
"A44..44",NA,21,2024
"A44..44",2,22,2024
"A44..44",3,23,2024
"A44..44",NA,24,2024
"A44..44",3,25,2024
"A44..44",3,26,2024
"A44..44",NA,27,2024
"A44..44",2,28,2024
"A44..44",NA,29,2024
"A44..44",2,30,2024
"A44..44",5,31,2024
"A44..44",5,32,2024
"A44..44",4,33,2024
"A44..44",1,34,2024
"A44..44",3,35,2024
"A44..44",7,36,2024
"A44..44",2,37,2024
"A44..44",4,38,2024
"A44..44",3,39,2024
"A44..44",1,40,2024
"A44..44",NA,41,2024
"A44..44",1,42,2024
"A44..44",3,43,2024
"A44..44",4,44,2024
"A44..44",6,45,2024
"A44..44",NA,46,2024
"A44..44",1,47,2024
"A44..44",2,48,2024
"A44..44",3,49,2024
"A44..44",1,50,2024
"A44..44",2,51,2024
"A44..44",NA,52,2024
"A45..45",NA,1,2024
"A45..45",NA,2,2024
"A45..45",2,3,2024
"A45..45",2,4,2024
"A45..45",1,5,2024
"A45..45",1,6,2024
"A45..45",1,7,2024
"A45..45",NA,8,2024
"A45..45",3,9,2024
"A45..45",1,10,2024
"A45..45",2,11,2024
"A45..45",2,12,2024
"A45..45",2,13,2024
"A45..45",1,14,2024
"A45..45",2,15,2024
"A45..45",2,16,2024
"A45..45",NA,17,2024
"A45..45",1,18,2024
"A45..45",3,19,2024
"A45..45",1,20,2024
"A45..45",1,21,2024
"A45..45",2,22,2024
"A45..45",2,23,2024
"A45..45",4,24,2024
"A45..45",3,25,2024
"A45..45",NA,26,2024
"A45..45",2,27,2024
"A45..45",2,28,2024
"A45..45",2,29,2024
"A45..45",5,30,2024
"A45..45",1,31,2024
"A45..45",4,32,2024
"A45..45",1,33,2024
"A45..45",2,34,2024
"A45..45",5,35,2024
"A45..45",2,36,2024
"A45..45",NA,37,2024
"A45..45",1,38,2024
"A45..45",2,39,2024
"A45..45",1,40,2024
"A45..45",2,41,2024
"A45..45",6,42,2024
"A45..45",3,43,2024
"A45..45",3,44,2024
"A45..45",5,45,2024
"A45..45",NA,46,2024
"A45..45",3,47,2024
"A45..45",3,48,2024
"A45..45",2,49,2024
"A45..45",1,50,2024
"A45..45",2,51,2024
"A45..45",1,52,2024
"A46..46",NA,1,2024
"A46..46",1,2,2024
"A46..46",4,3,2024
"A46..46",NA,4,2024
"A46..46",1,5,2024
"A46..46",1,6,2024
"A46..46",1,7,2024
"A46..46",4,8,2024
"A46..46",5,9,2024
"A46..46",3,10,2024
"A46..46",2,11,2024
"A46..46",2,12,2024
"A46..46",NA,13,2024
"A46..46",NA,14,2024
"A46..46",2,15,2024
"A46..46",2,16,2024
"A46..46",5,17,2024
"A46..46",3,18,2024
"A46..46",NA,19,2024
"A46..46",1,20,2024
"A46..46",NA,21,2024
"A46..46",1,22,2024
"A46..46",4,23,2024
"A46..46",3,24,2024
"A46..46",2,25,2024
"A46..46",3,26,2024
"A46..46",NA,27,2024
"A46..46",2,28,2024
"A46..46",2,29,2024
"A46..46",4,30,2024
"A46..46",3,31,2024
"A46..46",2,32,2024
"A46..46",1,33,2024
"A46..46",NA,34,2024
"A46..46",4,35,2024
"A46..46",6,36,2024
"A46..46",5,37,2024
"A46..46",5,38,2024
"A46..46",5,39,2024
"A46..46",2,40,2024
"A46..46",5,41,2024
"A46..46",5,42,2024
"A46..46",5,43,2024
"A46..46",1,44,2024
"A46..46",3,45,2024
"A46..46",2,46,2024
"A46..46",1,47,2024
"A46..46",2,48,2024
"A46..46",2,49,2024
"A46..46",2,50,2024
"A46..46",1,51,2024
"A46..46",1,52,2024
"A47..47",2,1,2024
"A47..47",2,2,2024
"A47..47",NA,3,2024
"A47..47",3,4,2024
"A47..47",1,5,2024
"A47..47",1,6,2024
"A47..47",2,7,2024
"A47..47",4,8,2024
"A47..47",3,9,2024
"A47..47",1,10,2024
"A47..47",2,11,2024
"A47..47",4,12,2024
"A47..47",1,13,2024
"A47..47",1,14,2024
"A47..47",2,15,2024
"A47..47",2,16,2024
"A47..47",4,17,2024
"A47..47",1,18,2024
"A47..47",NA,19,2024
"A47..47",2,20,2024
"A47..47",1,21,2024
"A47..47",NA,22,2024
"A47..47",2,23,2024
"A47..47",4,24,2024
"A47..47",1,25,2024
"A47..47",2,26,2024
"A47..47",1,27,2024
"A47..47",1,28,2024
"A47..47",7,29,2024
"A47..47",5,30,2024
"A47..47",1,31,2024
"A47..47",4,32,2024
"A47..47",3,33,2024
"A47..47",8,34,2024
"A47..47",2,35,2024
"A47..47",1,36,2024
"A47..47",2,37,2024
"A47..47",3,38,2024
"A47..47",1,39,2024
"A47..47",1,40,2024
"A47..47",3,41,2024
"A47..47",4,42,2024
"A47..47",2,43,2024
"A47..47",3,44,2024
"A47..47",2,45,2024
"A47..47",5,46,2024
"A47..47",1,47,2024
"A47..47",1,48,2024
"A47..47",2,49,2024
"A47..47",NA,50,2024
"A47..47",2,51,2024
"A47..47",1,52,2024
"A48..48",3,1,2024
"A48..48",NA,2,2024
"A48..48",1,3,2024
"A48..48",4,4,2024
"A48..48",NA,5,2024
"A48..48",1,6,2024
"A48..48",NA,7,2024
"A48..48",NA,8,2024
"A48..48",3,9,2024
"A48..48",3,10,2024
"A48..48",NA,11,2024
"A48..48",2,12,2024
"A48..48",NA,13,2024
"A48..48",2,14,2024
"A48..48",3,15,2024
"A48..48",1,16,2024
"A48..48",1,17,2024
"A48..48",2,18,2024
"A48..48",1,19,2024
"A48..48",1,20,2024
"A48..48",NA,21,2024
"A48..48",1,22,2024
"A48..48",3,23,2024
"A48..48",NA,24,2024
"A48..48",4,25,2024
"A48..48",4,26,2024
"A48..48",1,27,2024
"A48..48",3,28,2024
"A48..48",5,29,2024
"A48..48",1,30,2024
"A48..48",3,31,2024
"A48..48",2,32,2024
"A48..48",2,33,2024
"A48..48",7,34,2024
"A48..48",2,35,2024
"A48..48",3,36,2024
"A48..48",2,37,2024
"A48..48",3,38,2024
"A48..48",2,39,2024
"A48..48",4,40,2024
"A48..48",6,41,2024
"A48..48",2,42,2024
"A48..48",2,43,2024
"A48..48",2,44,2024
"A48..48",2,45,2024
"A48..48",3,46,2024
"A48..48",NA,47,2024
"A48..48",1,48,2024
"A48..48",3,49,2024
"A48..48",4,50,2024
"A48..48",NA,51,2024
"A48..48",NA,52,2024
"A49..49",2,1,2024
"A49..49",NA,2,2024
"A49..49",1,3,2024
"A49..49",2,4,2024
"A49..49",NA,5,2024
"A49..49",NA,6,2024
"A49..49",4,7,2024
"A49..49",2,8,2024
"A49..49",1,9,2024
"A49..49",NA,10,2024
"A49..49",5,11,2024
"A49..49",1,12,2024
"A49..49",1,13,2024
"A49..49",NA,14,2024
"A49..49",2,15,2024
"A49..49",NA,16,2024
"A49..49",2,17,2024
"A49..49",1,18,2024
"A49..49",1,19,2024
"A49..49",6,20,2024
"A49..49",NA,21,2024
"A49..49",3,22,2024
"A49..49",NA,23,2024
"A49..49",NA,24,2024
"A49..49",2,25,2024
"A49..49",1,26,2024
"A49..49",6,27,2024
"A49..49",4,28,2024
"A49..49",5,29,2024
"A49..49",2,30,2024
"A49..49",2,31,2024
"A49..49",3,32,2024
"A49..49",1,33,2024
"A49..49",6,34,2024
"A49..49",5,35,2024
"A49..49",3,36,2024
"A49..49",3,37,2024
"A49..49",3,38,2024
"A49..49",3,39,2024
"A49..49",2,40,2024
"A49..49",1,41,2024
"A49..49",2,42,2024
"A49..49",2,43,2024
"A49..49",2,44,2024
"A49..49",3,45,2024
"A49..49",2,46,2024
"A49..49",1,47,2024
"A49..49",3,48,2024
"A49..49",2,49,2024
"A49..49",NA,50,2024
"A49..49",NA,51,2024
"A49..49",4,52,2024
"A50..50",2,1,2024
"A50..50",2,2,2024
"A50..50",1,3,2024
"A50..50",NA,4,2024
"A50..50",NA,5,2024
"A50..50",2,6,2024
"A50..50",NA,7,2024
"A50..50",4,8,2024
"A50..50",3,9,2024
"A50..50",NA,10,2024
"A50..50",1,11,2024
"A50..50",2,12,2024
"A50..50",1,13,2024
"A50..50",1,14,2024
"A50..50",NA,15,2024
"A50..50",5,16,2024
"A50..50",NA,17,2024
"A50..50",2,18,2024
"A50..50",2,19,2024
"A50..50",1,20,2024
"A50..50",1,21,2024
"A50..50",2,22,2024
"A50..50",1,23,2024
"A50..50",4,24,2024
"A50..50",2,25,2024
"A50..50",5,26,2024
"A50..50",2,27,2024
"A50..50",2,28,2024
"A50..50",1,29,2024
"A50..50",3,30,2024
"A50..50",6,31,2024
"A50..50",2,32,2024
"A50..50",1,33,2024
"A50..50",1,34,2024
"A50..50",5,35,2024
"A50..50",7,36,2024
"A50..50",4,37,2024
"A50..50",3,38,2024
"A50..50",1,39,2024
"A50..50",2,40,2024
"A50..50",6,41,2024
"A50..50",3,42,2024
"A50..50",3,43,2024
"A50..50",2,44,2024
"A50..50",3,45,2024
"A50..50",1,46,2024
"A50..50",4,47,2024
"A50..50",NA,48,2024
"A50..50",NA,49,2024
"A50..50",1,50,2024
"A50..50",NA,51,2024
"A50..50",2,52,2024
"A51..51",1,1,2024
"A51..51",1,2,2024
"A51..51",1,3,2024
"A51..51",2,4,2024
"A51..51",1,5,2024
"A51..51",2,6,2024
"A51..51",NA,7,2024
"A51..51",1,8,2024
"A51..51",2,9,2024
"A51..51",2,10,2024
"A51..51",NA,11,2024
"A51..51",1,12,2024
"A51..51",1,13,2024
"A51..51",1,14,2024
"A51..51",2,15,2024
"A51..51",2,16,2024
"A51..51",NA,17,2024
"A51..51",2,18,2024
"A51..51",2,19,2024
"A51..51",NA,20,2024
"A51..51",1,21,2024
"A51..51",1,22,2024
"A51..51",5,23,2024
"A51..51",3,24,2024
"A51..51",2,25,2024
"A51..51",NA,26,2024
"A51..51",NA,27,2024
"A51..51",4,28,2024
"A51..51",1,29,2024
"A51..51",NA,30,2024
"A51..51",3,31,2024
"A51..51",4,32,2024
"A51..51",2,33,2024
"A51..51",1,34,2024
"A51..51",NA,35,2024
"A51..51",6,36,2024
"A51..51",5,37,2024
"A51..51",2,38,2024
"A51..51",3,39,2024
"A51..51",3,40,2024
"A51..51",1,41,2024
"A51..51",2,42,2024
"A51..51",6,43,2024
"A51..51",3,44,2024
"A51..51",2,45,2024
"A51..51",1,46,2024
"A51..51",NA,47,2024
"A51..51",NA,48,2024
"A51..51",3,49,2024
"A51..51",NA,50,2024
"A51..51",NA,51,2024
"A51..51",NA,52,2024
"A52..52",3,1,2024
"A52..52",NA,2,2024
"A52..52",2,3,2024
"A52..52",2,4,2024
"A52..52",1,5,2024
"A52..52",NA,6,2024
"A52..52",3,7,2024
"A52..52",2,8,2024
"A52..52",6,9,2024
"A52..52",1,10,2024
"A52..52",1,11,2024
"A52..52",2,12,2024
"A52..52",NA,13,2024
"A52..52",2,14,2024
"A52..52",4,15,2024
"A52..52",2,16,2024
"A52..52",1,17,2024
"A52..52",1,18,2024
"A52..52",1,19,2024
"A52..52",1,20,2024
"A52..52",2,21,2024
"A52..52",3,22,2024
"A52..52",3,23,2024
"A52..52",3,24,2024
"A52..52",NA,25,2024
"A52..52",2,26,2024
"A52..52",2,27,2024
"A52..52",2,28,2024
"A52..52",2,29,2024
"A52..52",4,30,2024
"A52..52",1,31,2024
"A52..52",3,32,2024
"A52..52",1,33,2024
"A52..52",4,34,2024
"A52..52",3,35,2024
"A52..52",2,36,2024
"A52..52",3,37,2024
"A52..52",3,38,2024
"A52..52",2,39,2024
"A52..52",1,40,2024
"A52..52",4,41,2024
"A52..52",2,42,2024
"A52..52",1,43,2024
"A52..52",5,44,2024
"A52..52",4,45,2024
"A52..52",NA,46,2024
"A52..52",1,47,2024
"A52..52",4,48,2024
"A52..52",1,49,2024
"A52..52",1,50,2024
"A52..52",2,51,2024
"A52..52",1,52,2024
"A53..53",NA,1,2024
"A53..53",4,2,2024
"A53..53",2,3,2024
"A53..53",3,4,2024
"A53..53",2,5,2024
"A53..53",1,6,2024
"A53..53",1,7,2024
"A53..53",1,8,2024
"A53..53",NA,9,2024
"A53..53",NA,10,2024
"A53..53",3,11,2024
"A53..53",2,12,2024
"A53..53",NA,13,2024
"A53..53",1,14,2024
"A53..53",2,15,2024
"A53..53",1,16,2024
"A53..53",2,17,2024
"A53..53",2,18,2024
"A53..53",2,19,2024
"A53..53",1,20,2024
"A53..53",NA,21,2024
"A53..53",5,22,2024
"A53..53",4,23,2024
"A53..53",9,24,2024
"A53..53",4,25,2024
"A53..53",2,26,2024
"A53..53",3,27,2024
"A53..53",2,28,2024
"A53..53",3,29,2024
"A53..53",3,30,2024
"A53..53",2,31,2024
"A53..53",1,32,2024
"A53..53",6,33,2024
"A53..53",2,34,2024
"A53..53",5,35,2024
"A53..53",2,36,2024
"A53..53",5,37,2024
"A53..53",4,38,2024
"A53..53",1,39,2024
"A53..53",2,40,2024
"A53..53",4,41,2024
"A53..53",2,42,2024
"A53..53",3,43,2024
"A53..53",2,44,2024
"A53..53",NA,45,2024
"A53..53",4,46,2024
"A53..53",1,47,2024
"A53..53",2,48,2024
"A53..53",1,49,2024
"A53..53",2,50,2024
"A53..53",3,51,2024
"A53..53",1,52,2024
"A54..54",NA,1,2024
"A54..54",4,2,2024
"A54..54",NA,3,2024
"A54..54",4,4,2024
"A54..54",3,5,2024
"A54..54",2,6,2024
"A54..54",NA,7,2024
"A54..54",2,8,2024
"A54..54",1,9,2024
"A54..54",2,10,2024
"A54..54",4,11,2024
"A54..54",1,12,2024
"A54..54",NA,13,2024
"A54..54",NA,14,2024
"A54..54",3,15,2024
"A54..54",NA,16,2024
"A54..54",1,17,2024
"A54..54",1,18,2024
"A54..54",2,19,2024
"A54..54",1,20,2024
"A54..54",1,21,2024
"A54..54",4,22,2024
"A54..54",3,23,2024
"A54..54",NA,24,2024
"A54..54",3,25,2024
"A54..54",5,26,2024
"A54..54",2,27,2024
"A54..54",2,28,2024
"A54..54",3,29,2024
"A54..54",1,30,2024
"A54..54",2,31,2024
"A54..54",2,32,2024
"A54..54",2,33,2024
"A54..54",3,34,2024
"A54..54",5,35,2024
"A54..54",7,36,2024
"A54..54",5,37,2024
"A54..54",6,38,2024
"A54..54",4,39,2024
"A54..54",5,40,2024
"A54..54",5,41,2024
"A54..54",4,42,2024
"A54..54",3,43,2024
"A54..54",1,44,2024
"A54..54",6,45,2024
"A54..54",1,46,2024
"A54..54",7,47,2024
"A54..54",1,48,2024
"A54..54",1,49,2024
"A54..54",2,50,2024
"A54..54",3,51,2024
"A54..54",1,52,2024
"A55..55",1,1,2024
"A55..55",1,2,2024
"A55..55",3,3,2024
"A55..55",1,4,2024
"A55..55",3,5,2024
"A55..55",1,6,2024
"A55..55",6,7,2024
"A55..55",2,8,2024
"A55..55",7,9,2024
"A55..55",NA,10,2024
"A55..55",1,11,2024
"A55..55",1,12,2024
"A55..55",4,13,2024
"A55..55",2,14,2024
"A55..55",NA,15,2024
"A55..55",1,16,2024
"A55..55",2,17,2024
"A55..55",5,18,2024
"A55..55",4,19,2024
"A55..55",3,20,2024
"A55..55",NA,21,2024
"A55..55",4,22,2024
"A55..55",2,23,2024
"A55..55",5,24,2024
"A55..55",8,25,2024
"A55..55",3,26,2024
"A55..55",2,27,2024
"A55..55",2,28,2024
"A55..55",3,29,2024
"A55..55",3,30,2024
"A55..55",3,31,2024
"A55..55",2,32,2024
"A55..55",6,33,2024
"A55..55",1,34,2024
"A55..55",4,35,2024
"A55..55",4,36,2024
"A55..55",6,37,2024
"A55..55",6,38,2024
"A55..55",7,39,2024
"A55..55",1,40,2024
"A55..55",5,41,2024
"A55..55",5,42,2024
"A55..55",5,43,2024
"A55..55",1,44,2024
"A55..55",6,45,2024
"A55..55",4,46,2024
"A55..55",2,47,2024
"A55..55",2,48,2024
"A55..55",2,49,2024
"A55..55",NA,50,2024
"A55..55",1,51,2024
"A55..55",2,52,2024
"A56..56",NA,1,2024
"A56..56",1,2,2024
"A56..56",4,3,2024
"A56..56",2,4,2024
"A56..56",2,5,2024
"A56..56",1,6,2024
"A56..56",2,7,2024
"A56..56",4,8,2024
"A56..56",6,9,2024
"A56..56",3,10,2024
"A56..56",NA,11,2024
"A56..56",4,12,2024
"A56..56",3,13,2024
"A56..56",4,14,2024
"A56..56",4,15,2024
"A56..56",2,16,2024
"A56..56",3,17,2024
"A56..56",6,18,2024
"A56..56",4,19,2024
"A56..56",2,20,2024
"A56..56",8,21,2024
"A56..56",2,22,2024
"A56..56",3,23,2024
"A56..56",5,24,2024
"A56..56",2,25,2024
"A56..56",NA,26,2024
"A56..56",3,27,2024
"A56..56",3,28,2024
"A56..56",3,29,2024
"A56..56",3,30,2024
"A56..56",4,31,2024
"A56..56",2,32,2024
"A56..56",1,33,2024
"A56..56",1,34,2024
"A56..56",7,35,2024
"A56..56",3,36,2024
"A56..56",7,37,2024
"A56..56",4,38,2024
"A56..56",2,39,2024
"A56..56",6,40,2024
"A56..56",3,41,2024
"A56..56",2,42,2024
"A56..56",2,43,2024
"A56..56",NA,44,2024
"A56..56",4,45,2024
"A56..56",2,46,2024
"A56..56",2,47,2024
"A56..56",4,48,2024
"A56..56",1,49,2024
"A56..56",4,50,2024
"A56..56",NA,51,2024
"A56..56",NA,52,2024
"A57..57",1,1,2024
"A57..57",4,2,2024
"A57..57",NA,3,2024
"A57..57",5,4,2024
"A57..57",4,5,2024
"A57..57",3,6,2024
"A57..57",5,7,2024
"A57..57",2,8,2024
"A57..57",4,9,2024
"A57..57",2,10,2024
"A57..57",4,11,2024
"A57..57",2,12,2024
"A57..57",NA,13,2024
"A57..57",2,14,2024
"A57..57",1,15,2024
"A57..57",2,16,2024
"A57..57",4,17,2024
"A57..57",4,18,2024
"A57..57",3,19,2024
"A57..57",NA,20,2024
"A57..57",3,21,2024
"A57..57",3,22,2024
"A57..57",2,23,2024
"A57..57",2,24,2024
"A57..57",5,25,2024
"A57..57",5,26,2024
"A57..57",4,27,2024
"A57..57",4,28,2024
"A57..57",5,29,2024
"A57..57",2,30,2024
"A57..57",3,31,2024
"A57..57",4,32,2024
"A57..57",4,33,2024
"A57..57",5,34,2024
"A57..57",8,35,2024
"A57..57",1,36,2024
"A57..57",3,37,2024
"A57..57",7,38,2024
"A57..57",3,39,2024
"A57..57",1,40,2024
"A57..57",4,41,2024
"A57..57",4,42,2024
"A57..57",5,43,2024
"A57..57",NA,44,2024
"A57..57",2,45,2024
"A57..57",3,46,2024
"A57..57",4,47,2024
"A57..57",3,48,2024
"A57..57",2,49,2024
"A57..57",3,50,2024
"A57..57",3,51,2024
"A57..57",NA,52,2024
"A58..58",1,1,2024
"A58..58",2,2,2024
"A58..58",1,3,2024
"A58..58",1,4,2024
"A58..58",1,5,2024
"A58..58",1,6,2024
"A58..58",1,7,2024
"A58..58",4,8,2024
"A58..58",5,9,2024
"A58..58",NA,10,2024
"A58..58",1,11,2024
"A58..58",2,12,2024
"A58..58",1,13,2024
"A58..58",3,14,2024
"A58..58",4,15,2024
"A58..58",2,16,2024
"A58..58",4,17,2024
"A58..58",1,18,2024
"A58..58",1,19,2024
"A58..58",2,20,2024
"A58..58",3,21,2024
"A58..58",2,22,2024
"A58..58",4,23,2024
"A58..58",4,24,2024
"A58..58",2,25,2024
"A58..58",2,26,2024
"A58..58",2,27,2024
"A58..58",3,28,2024
"A58..58",4,29,2024
"A58..58",3,30,2024
"A58..58",2,31,2024
"A58..58",4,32,2024
"A58..58",2,33,2024
"A58..58",7,34,2024
"A58..58",6,35,2024
"A58..58",7,36,2024
"A58..58",5,37,2024
"A58..58",2,38,2024
"A58..58",2,39,2024
"A58..58",3,40,2024
"A58..58",5,41,2024
"A58..58",1,42,2024
"A58..58",1,43,2024
"A58..58",3,44,2024
"A58..58",2,45,2024
"A58..58",5,46,2024
"A58..58",1,47,2024
"A58..58",2,48,2024
"A58..58",4,49,2024
"A58..58",1,50,2024
"A58..58",1,51,2024
"A58..58",3,52,2024
"A59..59",2,1,2024
"A59..59",7,2,2024
"A59..59",1,3,2024
"A59..59",3,4,2024
"A59..59",2,5,2024
"A59..59",2,6,2024
"A59..59",2,7,2024
"A59..59",2,8,2024
"A59..59",2,9,2024
"A59..59",8,10,2024
"A59..59",4,11,2024
"A59..59",3,12,2024
"A59..59",NA,13,2024
"A59..59",NA,14,2024
"A59..59",4,15,2024
"A59..59",5,16,2024
"A59..59",2,17,2024
"A59..59",1,18,2024
"A59..59",4,19,2024
"A59..59",2,20,2024
"A59..59",7,21,2024
"A59..59",5,22,2024
"A59..59",4,23,2024
"A59..59",4,24,2024
"A59..59",5,25,2024
"A59..59",3,26,2024
"A59..59",NA,27,2024
"A59..59",3,28,2024
"A59..59",7,29,2024
"A59..59",2,30,2024
"A59..59",3,31,2024
"A59..59",NA,32,2024
"A59..59",10,33,2024
"A59..59",5,34,2024
"A59..59",5,35,2024
"A59..59",8,36,2024
"A59..59",2,37,2024
"A59..59",2,38,2024
"A59..59",4,39,2024
"A59..59",5,40,2024
"A59..59",4,41,2024
"A59..59",4,42,2024
"A59..59",6,43,2024
"A59..59",3,44,2024
"A59..59",3,45,2024
"A59..59",1,46,2024
"A59..59",4,47,2024
"A59..59",1,48,2024
"A59..59",3,49,2024
"A59..59",2,50,2024
"A59..59",2,51,2024
"A59..59",3,52,2024
"A60..60",3,1,2024
"A60..60",5,2,2024
"A60..60",1,3,2024
"A60..60",1,4,2024
"A60..60",NA,5,2024
"A60..60",5,6,2024
"A60..60",4,7,2024
"A60..60",3,8,2024
"A60..60",6,9,2024
"A60..60",3,10,2024
"A60..60",5,11,2024
"A60..60",NA,12,2024
"A60..60",3,13,2024
"A60..60",4,14,2024
"A60..60",2,15,2024
"A60..60",2,16,2024
"A60..60",2,17,2024
"A60..60",3,18,2024
"A60..60",NA,19,2024
"A60..60",6,20,2024
"A60..60",1,21,2024
"A60..60",3,22,2024
"A60..60",1,23,2024
"A60..60",3,24,2024
"A60..60",5,25,2024
"A60..60",3,26,2024
"A60..60",2,27,2024
"A60..60",4,28,2024
"A60..60",4,29,2024
"A60..60",4,30,2024
"A60..60",8,31,2024
"A60..60",5,32,2024
"A60..60",5,33,2024
"A60..60",11,34,2024
"A60..60",4,35,2024
"A60..60",2,36,2024
"A60..60",3,37,2024
"A60..60",2,38,2024
"A60..60",5,39,2024
"A60..60",1,40,2024
"A60..60",3,41,2024
"A60..60",10,42,2024
"A60..60",5,43,2024
"A60..60",4,44,2024
"A60..60",4,45,2024
"A60..60",6,46,2024
"A60..60",2,47,2024
"A60..60",3,48,2024
"A60..60",5,49,2024
"A60..60",NA,50,2024
"A60..60",2,51,2024
"A60..60",2,52,2024
"A61..61",4,1,2024
"A61..61",4,2,2024
"A61..61",3,3,2024
"A61..61",3,4,2024
"A61..61",1,5,2024
"A61..61",4,6,2024
"A61..61",3,7,2024
"A61..61",2,8,2024
"A61..61",2,9,2024
"A61..61",NA,10,2024
"A61..61",2,11,2024
"A61..61",5,12,2024
"A61..61",2,13,2024
"A61..61",4,14,2024
"A61..61",2,15,2024
"A61..61",4,16,2024
"A61..61",2,17,2024
"A61..61",2,18,2024
"A61..61",3,19,2024
"A61..61",NA,20,2024
"A61..61",3,21,2024
"A61..61",2,22,2024
"A61..61",3,23,2024
"A61..61",2,24,2024
"A61..61",4,25,2024
"A61..61",2,26,2024
"A61..61",4,27,2024
"A61..61",7,28,2024
"A61..61",2,29,2024
"A61..61",3,30,2024
"A61..61",3,31,2024
"A61..61",4,32,2024
"A61..61",3,33,2024
"A61..61",7,34,2024
"A61..61",5,35,2024
"A61..61",6,36,2024
"A61..61",4,37,2024
"A61..61",6,38,2024
"A61..61",3,39,2024
"A61..61",1,40,2024
"A61..61",6,41,2024
"A61..61",5,42,2024
"A61..61",6,43,2024
"A61..61",4,44,2024
"A61..61",1,45,2024
"A61..61",1,46,2024
"A61..61",5,47,2024
"A61..61",2,48,2024
"A61..61",2,49,2024
"A61..61",3,50,2024
"A61..61",2,51,2024
"A61..61",NA,52,2024
"A62..62",3,1,2024
"A62..62",5,2,2024
"A62..62",NA,3,2024
"A62..62",1,4,2024
"A62..62",4,5,2024
"A62..62",4,6,2024
"A62..62",1,7,2024
"A62..62",3,8,2024
"A62..62",3,9,2024
"A62..62",6,10,2024
"A62..62",2,11,2024
"A62..62",4,12,2024
"A62..62",3,13,2024
"A62..62",NA,14,2024
"A62..62",2,15,2024
"A62..62",5,16,2024
"A62..62",4,17,2024
"A62..62",1,18,2024
"A62..62",3,19,2024
"A62..62",2,20,2024
"A62..62",1,21,2024
"A62..62",2,22,2024
"A62..62",1,23,2024
"A62..62",3,24,2024
"A62..62",2,25,2024
"A62..62",1,26,2024
"A62..62",4,27,2024
"A62..62",6,28,2024
"A62..62",4,29,2024
"A62..62",2,30,2024
"A62..62",3,31,2024
"A62..62",2,32,2024
"A62..62",4,33,2024
"A62..62",7,34,2024
"A62..62",4,35,2024
"A62..62",3,36,2024
"A62..62",6,37,2024
"A62..62",7,38,2024
"A62..62",5,39,2024
"A62..62",4,40,2024
"A62..62",6,41,2024
"A62..62",2,42,2024
"A62..62",3,43,2024
"A62..62",4,44,2024
"A62..62",3,45,2024
"A62..62",4,46,2024
"A62..62",2,47,2024
"A62..62",5,48,2024
"A62..62",4,49,2024
"A62..62",2,50,2024
"A62..62",1,51,2024
"A62..62",4,52,2024
"A63..63",3,1,2024
"A63..63",1,2,2024
"A63..63",1,3,2024
"A63..63",1,4,2024
"A63..63",2,5,2024
"A63..63",1,6,2024
"A63..63",3,7,2024
"A63..63",4,8,2024
"A63..63",5,9,2024
"A63..63",3,10,2024
"A63..63",1,11,2024
"A63..63",NA,12,2024
"A63..63",1,13,2024
"A63..63",3,14,2024
"A63..63",1,15,2024
"A63..63",2,16,2024
"A63..63",3,17,2024
"A63..63",5,18,2024
"A63..63",2,19,2024
"A63..63",5,20,2024
"A63..63",5,21,2024
"A63..63",4,22,2024
"A63..63",3,23,2024
"A63..63",1,24,2024
"A63..63",4,25,2024
"A63..63",3,26,2024
"A63..63",7,27,2024
"A63..63",5,28,2024
"A63..63",2,29,2024
"A63..63",6,30,2024
"A63..63",NA,31,2024
"A63..63",4,32,2024
"A63..63",6,33,2024
"A63..63",NA,34,2024
"A63..63",5,35,2024
"A63..63",8,36,2024
"A63..63",7,37,2024
"A63..63",3,38,2024
"A63..63",6,39,2024
"A63..63",2,40,2024
"A63..63",6,41,2024
"A63..63",5,42,2024
"A63..63",7,43,2024
"A63..63",1,44,2024
"A63..63",3,45,2024
"A63..63",5,46,2024
"A63..63",4,47,2024
"A63..63",4,48,2024
"A63..63",2,49,2024
"A63..63",4,50,2024
"A63..63",4,51,2024
"A63..63",3,52,2024
"A64..64",1,1,2024
"A64..64",1,2,2024
"A64..64",1,3,2024
"A64..64",NA,4,2024
"A64..64",1,5,2024
"A64..64",4,6,2024
"A64..64",6,7,2024
"A64..64",5,8,2024
"A64..64",3,9,2024
"A64..64",3,10,2024
"A64..64",2,11,2024
"A64..64",3,12,2024
"A64..64",2,13,2024
"A64..64",1,14,2024
"A64..64",2,15,2024
"A64..64",1,16,2024
"A64..64",3,17,2024
"A64..64",NA,18,2024
"A64..64",2,19,2024
"A64..64",1,20,2024
"A64..64",3,21,2024
"A64..64",3,22,2024
"A64..64",2,23,2024
"A64..64",2,24,2024
"A64..64",1,25,2024
"A64..64",1,26,2024
"A64..64",3,27,2024
"A64..64",6,28,2024
"A64..64",2,29,2024
"A64..64",1,30,2024
"A64..64",7,31,2024
"A64..64",4,32,2024
"A64..64",6,33,2024
"A64..64",2,34,2024
"A64..64",2,35,2024
"A64..64",7,36,2024
"A64..64",5,37,2024
"A64..64",8,38,2024
"A64..64",3,39,2024
"A64..64",4,40,2024
"A64..64",8,41,2024
"A64..64",1,42,2024
"A64..64",4,43,2024
"A64..64",5,44,2024
"A64..64",1,45,2024
"A64..64",1,46,2024
"A64..64",NA,47,2024
"A64..64",NA,48,2024
"A64..64",5,49,2024
"A64..64",3,50,2024
"A64..64",6,51,2024
"A64..64",3,52,2024
"A65..65",3,1,2024
"A65..65",3,2,2024
"A65..65",2,3,2024
"A65..65",1,4,2024
"A65..65",3,5,2024
"A65..65",2,6,2024
"A65..65",3,7,2024
"A65..65",2,8,2024
"A65..65",7,9,2024
"A65..65",3,10,2024
"A65..65",1,11,2024
"A65..65",1,12,2024
"A65..65",1,13,2024
"A65..65",2,14,2024
"A65..65",4,15,2024
"A65..65",5,16,2024
"A65..65",3,17,2024
"A65..65",5,18,2024
"A65..65",4,19,2024
"A65..65",2,20,2024
"A65..65",1,21,2024
"A65..65",2,22,2024
"A65..65",5,23,2024
"A65..65",1,24,2024
"A65..65",3,25,2024
"A65..65",5,26,2024
"A65..65",4,27,2024
"A65..65",3,28,2024
"A65..65",4,29,2024
"A65..65",1,30,2024
"A65..65",3,31,2024
"A65..65",3,32,2024
"A65..65",3,33,2024
"A65..65",6,34,2024
"A65..65",5,35,2024
"A65..65",11,36,2024
"A65..65",3,37,2024
"A65..65",5,38,2024
"A65..65",4,39,2024
"A65..65",5,40,2024
"A65..65",4,41,2024
"A65..65",NA,42,2024
"A65..65",4,43,2024
"A65..65",3,44,2024
"A65..65",3,45,2024
"A65..65",3,46,2024
"A65..65",8,47,2024
"A65..65",4,48,2024
"A65..65",1,49,2024
"A65..65",2,50,2024
"A65..65",4,51,2024
"A65..65",NA,52,2024
"A66..66",4,1,2024
"A66..66",1,2,2024
"A66..66",4,3,2024
"A66..66",2,4,2024
"A66..66",3,5,2024
"A66..66",4,6,2024
"A66..66",3,7,2024
"A66..66",2,8,2024
"A66..66",5,9,2024
"A66..66",2,10,2024
"A66..66",4,11,2024
"A66..66",4,12,2024
"A66..66",2,13,2024
"A66..66",2,14,2024
"A66..66",2,15,2024
"A66..66",1,16,2024
"A66..66",4,17,2024
"A66..66",4,18,2024
"A66..66",2,19,2024
"A66..66",1,20,2024
"A66..66",5,21,2024
"A66..66",7,22,2024
"A66..66",3,23,2024
"A66..66",4,24,2024
"A66..66",3,25,2024
"A66..66",4,26,2024
"A66..66",1,27,2024
"A66..66",2,28,2024
"A66..66",2,29,2024
"A66..66",4,30,2024
"A66..66",2,31,2024
"A66..66",4,32,2024
"A66..66",3,33,2024
"A66..66",4,34,2024
"A66..66",8,35,2024
"A66..66",5,36,2024
"A66..66",2,37,2024
"A66..66",10,38,2024
"A66..66",4,39,2024
"A66..66",1,40,2024
"A66..66",3,41,2024
"A66..66",4,42,2024
"A66..66",2,43,2024
"A66..66",4,44,2024
"A66..66",6,45,2024
"A66..66",4,46,2024
"A66..66",3,47,2024
"A66..66",3,48,2024
"A66..66",2,49,2024
"A66..66",3,50,2024
"A66..66",2,51,2024
"A66..66",4,52,2024
"A67..67",5,1,2024
"A67..67",1,2,2024
"A67..67",1,3,2024
"A67..67",3,4,2024
"A67..67",2,5,2024
"A67..67",2,6,2024
"A67..67",5,7,2024
"A67..67",2,8,2024
"A67..67",NA,9,2024
"A67..67",1,10,2024
"A67..67",5,11,2024
"A67..67",2,12,2024
"A67..67",2,13,2024
"A67..67",NA,14,2024
"A67..67",1,15,2024
"A67..67",5,16,2024
"A67..67",2,17,2024
"A67..67",2,18,2024
"A67..67",3,19,2024
"A67..67",1,20,2024
"A67..67",NA,21,2024
"A67..67",4,22,2024
"A67..67",2,23,2024
"A67..67",NA,24,2024
"A67..67",5,25,2024
"A67..67",2,26,2024
"A67..67",2,27,2024
"A67..67",5,28,2024
"A67..67",7,29,2024
"A67..67",5,30,2024
"A67..67",2,31,2024
"A67..67",4,32,2024
"A67..67",3,33,2024
"A67..67",1,34,2024
"A67..67",6,35,2024
"A67..67",3,36,2024
"A67..67",3,37,2024
"A67..67",4,38,2024
"A67..67",4,39,2024
"A67..67",3,40,2024
"A67..67",1,41,2024
"A67..67",4,42,2024
"A67..67",2,43,2024
"A67..67",5,44,2024
"A67..67",6,45,2024
"A67..67",NA,46,2024
"A67..67",3,47,2024
"A67..67",3,48,2024
"A67..67",3,49,2024
"A67..67",1,50,2024
"A67..67",3,51,2024
"A67..67",4,52,2024
"A68..68",2,1,2024
"A68..68",2,2,2024
"A68..68",NA,3,2024
"A68..68",3,4,2024
"A68..68",4,5,2024
"A68..68",1,6,2024
"A68..68",6,7,2024
"A68..68",4,8,2024
"A68..68",4,9,2024
"A68..68",2,10,2024
"A68..68",2,11,2024
"A68..68",4,12,2024
"A68..68",2,13,2024
"A68..68",1,14,2024
"A68..68",3,15,2024
"A68..68",NA,16,2024
"A68..68",3,17,2024
"A68..68",5,18,2024
"A68..68",2,19,2024
"A68..68",1,20,2024
"A68..68",2,21,2024
"A68..68",2,22,2024
"A68..68",1,23,2024
"A68..68",7,24,2024
"A68..68",1,25,2024
"A68..68",2,26,2024
"A68..68",NA,27,2024
"A68..68",5,28,2024
"A68..68",2,29,2024
"A68..68",2,30,2024
"A68..68",2,31,2024
"A68..68",6,32,2024
"A68..68",4,33,2024
"A68..68",2,34,2024
"A68..68",3,35,2024
"A68..68",3,36,2024
"A68..68",2,37,2024
"A68..68",7,38,2024
"A68..68",4,39,2024
"A68..68",2,40,2024
"A68..68",1,41,2024
"A68..68",4,42,2024
"A68..68",4,43,2024
"A68..68",3,44,2024
"A68..68",2,45,2024
"A68..68",3,46,2024
"A68..68",2,47,2024
"A68..68",1,48,2024
"A68..68",2,49,2024
"A68..68",1,50,2024
"A68..68",1,51,2024
"A68..68",2,52,2024
"A69..69",3,1,2024
"A69..69",2,2,2024
"A69..69",2,3,2024
"A69..69",2,4,2024
"A69..69",NA,5,2024
"A69..69",NA,6,2024
"A69..69",2,7,2024
"A69..69",6,8,2024
"A69..69",6,9,2024
"A69..69",1,10,2024
"A69..69",2,11,2024
"A69..69",4,12,2024
"A69..69",2,13,2024
"A69..69",2,14,2024
"A69..69",2,15,2024
"A69..69",3,16,2024
"A69..69",2,17,2024
"A69..69",2,18,2024
"A69..69",NA,19,2024
"A69..69",4,20,2024
"A69..69",1,21,2024
"A69..69",5,22,2024
"A69..69",5,23,2024
"A69..69",1,24,2024
"A69..69",4,25,2024
"A69..69",4,26,2024
"A69..69",2,27,2024
"A69..69",NA,28,2024
"A69..69",3,29,2024
"A69..69",8,30,2024
"A69..69",2,31,2024
"A69..69",4,32,2024
"A69..69",6,33,2024
"A69..69",6,34,2024
"A69..69",7,35,2024
"A69..69",4,36,2024
"A69..69",5,37,2024
"A69..69",6,38,2024
"A69..69",3,39,2024
"A69..69",4,40,2024
"A69..69",5,41,2024
"A69..69",2,42,2024
"A69..69",3,43,2024
"A69..69",3,44,2024
"A69..69",2,45,2024
"A69..69",NA,46,2024
"A69..69",4,47,2024
"A69..69",5,48,2024
"A69..69",2,49,2024
"A69..69",6,50,2024
"A69..69",3,51,2024
"A69..69",1,52,2024
"A70..70",3,1,2024
"A70..70",2,2,2024
"A70..70",1,3,2024
"A70..70",1,4,2024
"A70..70",3,5,2024
"A70..70",NA,6,2024
"A70..70",2,7,2024
"A70..70",3,8,2024
"A70..70",1,9,2024
"A70..70",2,10,2024
"A70..70",1,11,2024
"A70..70",2,12,2024
"A70..70",1,13,2024
"A70..70",2,14,2024
"A70..70",3,15,2024
"A70..70",7,16,2024
"A70..70",3,17,2024
"A70..70",4,18,2024
"A70..70",NA,19,2024
"A70..70",3,20,2024
"A70..70",4,21,2024
"A70..70",NA,22,2024
"A70..70",1,23,2024
"A70..70",1,24,2024
"A70..70",2,25,2024
"A70..70",2,26,2024
"A70..70",4,27,2024
"A70..70",2,28,2024
"A70..70",NA,29,2024
"A70..70",2,30,2024
"A70..70",6,31,2024
"A70..70",3,32,2024
"A70..70",6,33,2024
"A70..70",4,34,2024
"A70..70",NA,35,2024
"A70..70",3,36,2024
"A70..70",6,37,2024
"A70..70",6,38,2024
"A70..70",7,39,2024
"A70..70",2,40,2024
"A70..70",6,41,2024
"A70..70",5,42,2024
"A70..70",3,43,2024
"A70..70",NA,44,2024
"A70..70",2,45,2024
"A70..70",5,46,2024
"A70..70",4,47,2024
"A70..70",3,48,2024
"A70..70",5,49,2024
"A70..70",1,50,2024
"A70..70",4,51,2024
"A70..70",4,52,2024
"A71..71",3,1,2024
"A71..71",2,2,2024
"A71..71",4,3,2024
"A71..71",2,4,2024
"A71..71",NA,5,2024
"A71..71",NA,6,2024
"A71..71",6,7,2024
"A71..71",2,8,2024
"A71..71",2,9,2024
"A71..71",2,10,2024
"A71..71",4,11,2024
"A71..71",2,12,2024
"A71..71",1,13,2024
"A71..71",1,14,2024
"A71..71",1,15,2024
"A71..71",3,16,2024
"A71..71",2,17,2024
"A71..71",2,18,2024
"A71..71",3,19,2024
"A71..71",6,20,2024
"A71..71",4,21,2024
"A71..71",2,22,2024
"A71..71",NA,23,2024
"A71..71",2,24,2024
"A71..71",7,25,2024
"A71..71",5,26,2024
"A71..71",1,27,2024
"A71..71",NA,28,2024
"A71..71",2,29,2024
"A71..71",3,30,2024
"A71..71",2,31,2024
"A71..71",3,32,2024
"A71..71",2,33,2024
"A71..71",2,34,2024
"A71..71",3,35,2024
"A71..71",4,36,2024
"A71..71",7,37,2024
"A71..71",3,38,2024
"A71..71",9,39,2024
"A71..71",7,40,2024
"A71..71",2,41,2024
"A71..71",4,42,2024
"A71..71",4,43,2024
"A71..71",3,44,2024
"A71..71",2,45,2024
"A71..71",2,46,2024
"A71..71",4,47,2024
"A71..71",3,48,2024
"A71..71",3,49,2024
"A71..71",3,50,2024
"A71..71",2,51,2024
"A71..71",NA,52,2024
"A72..72",1,1,2024
"A72..72",NA,2,2024
"A72..72",2,3,2024
"A72..72",2,4,2024
"A72..72",1,5,2024
"A72..72",2,6,2024
"A72..72",3,7,2024
"A72..72",6,8,2024
"A72..72",4,9,2024
"A72..72",3,10,2024
"A72..72",3,11,2024
"A72..72",1,12,2024
"A72..72",NA,13,2024
"A72..72",NA,14,2024
"A72..72",2,15,2024
"A72..72",2,16,2024
"A72..72",2,17,2024
"A72..72",2,18,2024
"A72..72",2,19,2024
"A72..72",4,20,2024
"A72..72",4,21,2024
"A72..72",2,22,2024
"A72..72",2,23,2024
"A72..72",1,24,2024
"A72..72",2,25,2024
"A72..72",5,26,2024
"A72..72",2,27,2024
"A72..72",4,28,2024
"A72..72",2,29,2024
"A72..72",2,30,2024
"A72..72",5,31,2024
"A72..72",4,32,2024
"A72..72",2,33,2024
"A72..72",6,34,2024
"A72..72",2,35,2024
"A72..72",3,36,2024
"A72..72",4,37,2024
"A72..72",4,38,2024
"A72..72",4,39,2024
"A72..72",1,40,2024
"A72..72",2,41,2024
"A72..72",4,42,2024
"A72..72",2,43,2024
"A72..72",5,44,2024
"A72..72",2,45,2024
"A72..72",2,46,2024
"A72..72",4,47,2024
"A72..72",4,48,2024
"A72..72",5,49,2024
"A72..72",2,50,2024
"A72..72",5,51,2024
"A72..72",1,52,2024
"A73..73",2,1,2024
"A73..73",NA,2,2024
"A73..73",4,3,2024
"A73..73",3,4,2024
"A73..73",1,5,2024
"A73..73",2,6,2024
"A73..73",1,7,2024
"A73..73",4,8,2024
"A73..73",2,9,2024
"A73..73",4,10,2024
"A73..73",1,11,2024
"A73..73",NA,12,2024
"A73..73",4,13,2024
"A73..73",1,14,2024
"A73..73",2,15,2024
"A73..73",1,16,2024
"A73..73",1,17,2024
"A73..73",2,18,2024
"A73..73",NA,19,2024
"A73..73",1,20,2024
"A73..73",1,21,2024
"A73..73",5,22,2024
"A73..73",3,23,2024
"A73..73",6,24,2024
"A73..73",2,25,2024
"A73..73",3,26,2024
"A73..73",NA,27,2024
"A73..73",3,28,2024
"A73..73",2,29,2024
"A73..73",1,30,2024
"A73..73",6,31,2024
"A73..73",2,32,2024
"A73..73",4,33,2024
"A73..73",4,34,2024
"A73..73",4,35,2024
"A73..73",2,36,2024
"A73..73",3,37,2024
"A73..73",7,38,2024
"A73..73",4,39,2024
"A73..73",NA,40,2024
"A73..73",2,41,2024
"A73..73",4,42,2024
"A73..73",6,43,2024
"A73..73",2,44,2024
"A73..73",3,45,2024
"A73..73",NA,46,2024
"A73..73",2,47,2024
"A73..73",5,48,2024
"A73..73",1,49,2024
"A73..73",NA,50,2024
"A73..73",5,51,2024
"A73..73",3,52,2024
"A74..74",3,1,2024
"A74..74",1,2,2024
"A74..74",NA,3,2024
"A74..74",1,4,2024
"A74..74",3,5,2024
"A74..74",2,6,2024
"A74..74",2,7,2024
"A74..74",3,8,2024
"A74..74",5,9,2024
"A74..74",4,10,2024
"A74..74",4,11,2024
"A74..74",3,12,2024
"A74..74",2,13,2024
"A74..74",1,14,2024
"A74..74",NA,15,2024
"A74..74",1,16,2024
"A74..74",2,17,2024
"A74..74",1,18,2024
"A74..74",2,19,2024
"A74..74",1,20,2024
"A74..74",1,21,2024
"A74..74",2,22,2024
"A74..74",6,23,2024
"A74..74",1,24,2024
"A74..74",5,25,2024
"A74..74",3,26,2024
"A74..74",4,27,2024
"A74..74",1,28,2024
"A74..74",5,29,2024
"A74..74",4,30,2024
"A74..74",2,31,2024
"A74..74",2,32,2024
"A74..74",1,33,2024
"A74..74",3,34,2024
"A74..74",3,35,2024
"A74..74",3,36,2024
"A74..74",5,37,2024
"A74..74",4,38,2024
"A74..74",2,39,2024
"A74..74",5,40,2024
"A74..74",5,41,2024
"A74..74",2,42,2024
"A74..74",3,43,2024
"A74..74",1,44,2024
"A74..74",5,45,2024
"A74..74",1,46,2024
"A74..74",1,47,2024
"A74..74",2,48,2024
"A74..74",1,49,2024
"A74..74",2,50,2024
"A74..74",1,51,2024
"A74..74",3,52,2024
"A75..75",3,1,2024
"A75..75",3,2,2024
"A75..75",NA,3,2024
"A75..75",4,4,2024
"A75..75",1,5,2024
"A75..75",2,6,2024
"A75..75",4,7,2024
"A75..75",7,8,2024
"A75..75",1,9,2024
"A75..75",2,10,2024
"A75..75",1,11,2024
"A75..75",NA,12,2024
"A75..75",2,13,2024
"A75..75",4,14,2024
"A75..75",2,15,2024
"A75..75",4,16,2024
"A75..75",2,17,2024
"A75..75",1,18,2024
"A75..75",1,19,2024
"A75..75",3,20,2024
"A75..75",3,21,2024
"A75..75",5,22,2024
"A75..75",3,23,2024
"A75..75",1,24,2024
"A75..75",7,25,2024
"A75..75",2,26,2024
"A75..75",4,27,2024
"A75..75",2,28,2024
"A75..75",1,29,2024
"A75..75",4,30,2024
"A75..75",3,31,2024
"A75..75",9,32,2024
"A75..75",2,33,2024
"A75..75",3,34,2024
"A75..75",2,35,2024
"A75..75",2,36,2024
"A75..75",4,37,2024
"A75..75",5,38,2024
"A75..75",3,39,2024
"A75..75",6,40,2024
"A75..75",5,41,2024
"A75..75",2,42,2024
"A75..75",3,43,2024
"A75..75",2,44,2024
"A75..75",4,45,2024
"A75..75",3,46,2024
"A75..75",3,47,2024
"A75..75",3,48,2024
"A75..75",NA,49,2024
"A75..75",1,50,2024
"A75..75",1,51,2024
"A75..75",3,52,2024
"A76..76",2,1,2024
"A76..76",2,2,2024
"A76..76",4,3,2024
"A76..76",NA,4,2024
"A76..76",NA,5,2024
"A76..76",2,6,2024
"A76..76",2,7,2024
"A76..76",4,8,2024
"A76..76",1,9,2024
"A76..76",3,10,2024
"A76..76",NA,11,2024
"A76..76",NA,12,2024
"A76..76",NA,13,2024
"A76..76",1,14,2024
"A76..76",NA,15,2024
"A76..76",1,16,2024
"A76..76",1,17,2024
"A76..76",1,18,2024
"A76..76",NA,19,2024
"A76..76",2,20,2024
"A76..76",NA,21,2024
"A76..76",NA,22,2024
"A76..76",1,23,2024
"A76..76",2,24,2024
"A76..76",1,25,2024
"A76..76",2,26,2024
"A76..76",1,27,2024
"A76..76",3,28,2024
"A76..76",1,29,2024
"A76..76",3,30,2024
"A76..76",2,31,2024
"A76..76",2,32,2024
"A76..76",3,33,2024
"A76..76",2,34,2024
"A76..76",3,35,2024
"A76..76",NA,36,2024
"A76..76",2,37,2024
"A76..76",5,38,2024
"A76..76",2,39,2024
"A76..76",3,40,2024
"A76..76",3,41,2024
"A76..76",5,42,2024
"A76..76",3,43,2024
"A76..76",3,44,2024
"A76..76",NA,45,2024
"A76..76",2,46,2024
"A76..76",3,47,2024
"A76..76",1,48,2024
"A76..76",2,49,2024
"A76..76",NA,50,2024
"A76..76",4,51,2024
"A76..76",NA,52,2024
"A77..77",1,1,2024
"A77..77",2,2,2024
"A77..77",4,3,2024
"A77..77",NA,4,2024
"A77..77",NA,5,2024
"A77..77",1,6,2024
"A77..77",4,7,2024
"A77..77",1,8,2024
"A77..77",7,9,2024
"A77..77",4,10,2024
"A77..77",1,11,2024
"A77..77",1,12,2024
"A77..77",NA,13,2024
"A77..77",1,14,2024
"A77..77",1,15,2024
"A77..77",1,16,2024
"A77..77",3,17,2024
"A77..77",NA,18,2024
"A77..77",3,19,2024
"A77..77",1,20,2024
"A77..77",NA,21,2024
"A77..77",3,22,2024
"A77..77",4,23,2024
"A77..77",1,24,2024
"A77..77",2,25,2024
"A77..77",NA,26,2024
"A77..77",3,27,2024
"A77..77",NA,28,2024
"A77..77",NA,29,2024
"A77..77",2,30,2024
"A77..77",NA,31,2024
"A77..77",1,32,2024
"A77..77",2,33,2024
"A77..77",6,34,2024
"A77..77",5,35,2024
"A77..77",3,36,2024
"A77..77",1,37,2024
"A77..77",2,38,2024
"A77..77",NA,39,2024
"A77..77",6,40,2024
"A77..77",2,41,2024
"A77..77",1,42,2024
"A77..77",1,43,2024
"A77..77",2,44,2024
"A77..77",2,45,2024
"A77..77",1,46,2024
"A77..77",2,47,2024
"A77..77",2,48,2024
"A77..77",1,49,2024
"A77..77",2,50,2024
"A77..77",1,51,2024
"A77..77",1,52,2024
"A78..78",3,1,2024
"A78..78",1,2,2024
"A78..78",1,3,2024
"A78..78",NA,4,2024
"A78..78",NA,5,2024
"A78..78",1,6,2024
"A78..78",6,7,2024
"A78..78",2,8,2024
"A78..78",NA,9,2024
"A78..78",1,10,2024
"A78..78",2,11,2024
"A78..78",2,12,2024
"A78..78",NA,13,2024
"A78..78",NA,14,2024
"A78..78",2,15,2024
"A78..78",1,16,2024
"A78..78",2,17,2024
"A78..78",2,18,2024
"A78..78",1,19,2024
"A78..78",1,20,2024
"A78..78",3,21,2024
"A78..78",2,22,2024
"A78..78",NA,23,2024
"A78..78",4,24,2024
"A78..78",1,25,2024
"A78..78",1,26,2024
"A78..78",2,27,2024
"A78..78",NA,28,2024
"A78..78",2,29,2024
"A78..78",2,30,2024
"A78..78",1,31,2024
"A78..78",NA,32,2024
"A78..78",1,33,2024
"A78..78",NA,34,2024
"A78..78",5,35,2024
"A78..78",3,36,2024
"A78..78",2,37,2024
"A78..78",4,38,2024
"A78..78",NA,39,2024
"A78..78",1,40,2024
"A78..78",3,41,2024
"A78..78",3,42,2024
"A78..78",1,43,2024
"A78..78",3,44,2024
"A78..78",1,45,2024
"A78..78",NA,46,2024
"A78..78",5,47,2024
"A78..78",NA,48,2024
"A78..78",1,49,2024
"A78..78",2,50,2024
"A78..78",1,51,2024
"A78..78",NA,52,2024
"A79..79",1,1,2024
"A79..79",NA,2,2024
"A79..79",1,3,2024
"A79..79",1,4,2024
"A79..79",2,5,2024
"A79..79",2,6,2024
"A79..79",2,7,2024
"A79..79",1,8,2024
"A79..79",NA,9,2024
"A79..79",1,10,2024
"A79..79",NA,11,2024
"A79..79",1,12,2024
"A79..79",2,13,2024
"A79..79",NA,14,2024
"A79..79",2,15,2024
"A79..79",1,16,2024
"A79..79",1,17,2024
"A79..79",1,18,2024
"A79..79",1,19,2024
"A79..79",1,20,2024
"A79..79",NA,21,2024
"A79..79",2,22,2024
"A79..79",2,23,2024
"A79..79",NA,24,2024
"A79..79",2,25,2024
"A79..79",1,26,2024
"A79..79",2,27,2024
"A79..79",1,28,2024
"A79..79",2,29,2024
"A79..79",3,30,2024
"A79..79",NA,31,2024
"A79..79",4,32,2024
"A79..79",2,33,2024
"A79..79",1,34,2024
"A79..79",6,35,2024
"A79..79",1,36,2024
"A79..79",NA,37,2024
"A79..79",2,38,2024
"A79..79",2,39,2024
"A79..79",2,40,2024
"A79..79",NA,41,2024
"A79..79",3,42,2024
"A79..79",NA,43,2024
"A79..79",NA,44,2024
"A79..79",3,45,2024
"A79..79",1,46,2024
"A79..79",2,47,2024
"A79..79",1,48,2024
"A79..79",1,49,2024
"A79..79",NA,50,2024
"A79..79",2,51,2024
"A79..79",1,52,2024
"A80.",16,1,2024
"A80.",17,2,2024
"A80.",17,3,2024
"A80.",12,4,2024
"A80.",14,5,2024
"A80.",18,6,2024
"A80.",25,7,2024
"A80.",24,8,2024
"A80.",31,9,2024
"A80.",26,10,2024
"A80.",24,11,2024
"A80.",20,12,2024
"A80.",12,13,2024
"A80.",20,14,2024
"A80.",18,15,2024
"A80.",11,16,2024
"A80.",15,17,2024
"A80.",22,18,2024
"A80.",22,19,2024
"A80.",20,20,2024
"A80.",11,21,2024
"A80.",22,22,2024
"A80.",22,23,2024
"A80.",17,24,2024
"A80.",24,25,2024
"A80.",17,26,2024
"A80.",24,27,2024
"A80.",22,28,2024
"A80.",33,29,2024
"A80.",30,30,2024
"A80.",20,31,2024
"A80.",23,32,2024
"A80.",38,33,2024
"A80.",31,34,2024
"A80.",29,35,2024
"A80.",23,36,2024
"A80.",26,37,2024
"A80.",31,38,2024
"A80.",29,39,2024
"A80.",18,40,2024
"A80.",21,41,2024
"A80.",19,42,2024
"A80.",18,43,2024
"A80.",17,44,2024
"A80.",19,45,2024
"A80.",20,46,2024
"A80.",30,47,2024
"A80.",14,48,2024
"A80.",23,49,2024
"A80.",20,50,2024
"A80.",20,51,2024
"A80.",12,52,2024
"Unbekannt",NA,1,2024
"Unbekannt",NA,2,2024
"Unbekannt",NA,3,2024
"Unbekannt",NA,4,2024
"Unbekannt",NA,5,2024
"Unbekannt",NA,6,2024
"Unbekannt",NA,7,2024
"Unbekannt",NA,8,2024
"Unbekannt",NA,9,2024
"Unbekannt",NA,10,2024
"Unbekannt",NA,11,2024
"Unbekannt",NA,12,2024
"Unbekannt",NA,13,2024
"Unbekannt",NA,14,2024
"Unbekannt",NA,15,2024
"Unbekannt",NA,16,2024
"Unbekannt",NA,17,2024
"Unbekannt",NA,18,2024
"Unbekannt",NA,19,2024
"Unbekannt",NA,20,2024
"Unbekannt",1,21,2024
"Unbekannt",NA,22,2024
"Unbekannt",NA,23,2024
"Unbekannt",NA,24,2024
"Unbekannt",NA,25,2024
"Unbekannt",NA,26,2024
"Unbekannt",NA,27,2024
"Unbekannt",NA,28,2024
"Unbekannt",NA,29,2024
"Unbekannt",NA,30,2024
"Unbekannt",NA,31,2024
"Unbekannt",NA,32,2024
"Unbekannt",NA,33,2024
"Unbekannt",NA,34,2024
"Unbekannt",NA,35,2024
"Unbekannt",NA,36,2024
"Unbekannt",NA,37,2024
"Unbekannt",NA,38,2024
"Unbekannt",NA,39,2024
"Unbekannt",NA,40,2024
"Unbekannt",1,41,2024
"Unbekannt",1,42,2024
"Unbekannt",NA,43,2024
"Unbekannt",NA,44,2024
"Unbekannt",NA,45,2024
"Unbekannt",NA,46,2024
"Unbekannt",NA,47,2024
"Unbekannt",1,48,2024
"Unbekannt",NA,49,2024
"Unbekannt",NA,50,2024
"Unbekannt",NA,51,2024
"Unbekannt",NA,52,2024
"A00..00",4,1,2023
"A00..00",2,2,2023
"A00..00",5,3,2023
"A00..00",8,4,2023
"A00..00",4,5,2023
"A00..00",4,6,2023
"A00..00",3,7,2023
"A00..00",2,8,2023
"A00..00",2,9,2023
"A00..00",3,10,2023
"A00..00",3,11,2023
"A00..00",3,12,2023
"A00..00",4,13,2023
"A00..00",5,14,2023
"A00..00",6,15,2023
"A00..00",9,16,2023
"A00..00",5,17,2023
"A00..00",3,18,2023
"A00..00",4,19,2023
"A00..00",6,20,2023
"A00..00",5,21,2023
"A00..00",7,22,2023
"A00..00",6,23,2023
"A00..00",5,24,2023
"A00..00",8,25,2023
"A00..00",10,26,2023
"A00..00",8,27,2023
"A00..00",10,28,2023
"A00..00",9,29,2023
"A00..00",10,30,2023
"A00..00",8,31,2023
"A00..00",13,32,2023
"A00..00",10,33,2023
"A00..00",8,34,2023
"A00..00",8,35,2023
"A00..00",7,36,2023
"A00..00",11,37,2023
"A00..00",8,38,2023
"A00..00",13,39,2023
"A00..00",7,40,2023
"A00..00",7,41,2023
"A00..00",8,42,2023
"A00..00",7,43,2023
"A00..00",10,44,2023
"A00..00",8,45,2023
"A00..00",4,46,2023
"A00..00",8,47,2023
"A00..00",4,48,2023
"A00..00",5,49,2023
"A00..00",4,50,2023
"A00..00",3,51,2023
"A00..00",NA,52,2023
"A01..01",5,1,2023
"A01..01",3,2,2023
"A01..01",7,3,2023
"A01..01",6,4,2023
"A01..01",6,5,2023
"A01..01",9,6,2023
"A01..01",6,7,2023
"A01..01",7,8,2023
"A01..01",6,9,2023
"A01..01",8,10,2023
"A01..01",5,11,2023
"A01..01",7,12,2023
"A01..01",7,13,2023
"A01..01",5,14,2023
"A01..01",5,15,2023
"A01..01",8,16,2023
"A01..01",8,17,2023
"A01..01",2,18,2023
"A01..01",4,19,2023
"A01..01",7,20,2023
"A01..01",10,21,2023
"A01..01",2,22,2023
"A01..01",8,23,2023
"A01..01",11,24,2023
"A01..01",12,25,2023
"A01..01",9,26,2023
"A01..01",11,27,2023
"A01..01",17,28,2023
"A01..01",13,29,2023
"A01..01",14,30,2023
"A01..01",12,31,2023
"A01..01",20,32,2023
"A01..01",13,33,2023
"A01..01",12,34,2023
"A01..01",12,35,2023
"A01..01",9,36,2023
"A01..01",28,37,2023
"A01..01",27,38,2023
"A01..01",21,39,2023
"A01..01",7,40,2023
"A01..01",14,41,2023
"A01..01",13,42,2023
"A01..01",12,43,2023
"A01..01",16,44,2023
"A01..01",8,45,2023
"A01..01",10,46,2023
"A01..01",2,47,2023
"A01..01",7,48,2023
"A01..01",5,49,2023
"A01..01",3,50,2023
"A01..01",2,51,2023
"A01..01",8,52,2023
"A02..02",NA,1,2023
"A02..02",7,2,2023
"A02..02",9,3,2023
"A02..02",6,4,2023
"A02..02",2,5,2023
"A02..02",3,6,2023
"A02..02",1,7,2023
"A02..02",NA,8,2023
"A02..02",3,9,2023
"A02..02",1,10,2023
"A02..02",5,11,2023
"A02..02",6,12,2023
"A02..02",5,13,2023
"A02..02",4,14,2023
"A02..02",3,15,2023
"A02..02",2,16,2023
"A02..02",4,17,2023
"A02..02",2,18,2023
"A02..02",8,19,2023
"A02..02",7,20,2023
"A02..02",1,21,2023
"A02..02",5,22,2023
"A02..02",9,23,2023
"A02..02",12,24,2023
"A02..02",7,25,2023
"A02..02",4,26,2023
"A02..02",9,27,2023
"A02..02",11,28,2023
"A02..02",6,29,2023
"A02..02",12,30,2023
"A02..02",5,31,2023
"A02..02",11,32,2023
"A02..02",11,33,2023
"A02..02",16,34,2023
"A02..02",18,35,2023
"A02..02",10,36,2023
"A02..02",13,37,2023
"A02..02",17,38,2023
"A02..02",23,39,2023
"A02..02",18,40,2023
"A02..02",10,41,2023
"A02..02",10,42,2023
"A02..02",10,43,2023
"A02..02",5,44,2023
"A02..02",9,45,2023
"A02..02",7,46,2023
"A02..02",7,47,2023
"A02..02",6,48,2023
"A02..02",2,49,2023
"A02..02",5,50,2023
"A02..02",4,51,2023
"A02..02",3,52,2023
"A03..03",2,1,2023
"A03..03",4,2,2023
"A03..03",8,3,2023
"A03..03",1,4,2023
"A03..03",7,5,2023
"A03..03",2,6,2023
"A03..03",4,7,2023
"A03..03",3,8,2023
"A03..03",5,9,2023
"A03..03",1,10,2023
"A03..03",3,11,2023
"A03..03",2,12,2023
"A03..03",1,13,2023
"A03..03",3,14,2023
"A03..03",3,15,2023
"A03..03",6,16,2023
"A03..03",5,17,2023
"A03..03",2,18,2023
"A03..03",3,19,2023
"A03..03",6,20,2023
"A03..03",6,21,2023
"A03..03",3,22,2023
"A03..03",6,23,2023
"A03..03",4,24,2023
"A03..03",6,25,2023
"A03..03",6,26,2023
"A03..03",9,27,2023
"A03..03",4,28,2023
"A03..03",7,29,2023
"A03..03",7,30,2023
"A03..03",9,31,2023
"A03..03",14,32,2023
"A03..03",16,33,2023
"A03..03",14,34,2023
"A03..03",12,35,2023
"A03..03",14,36,2023
"A03..03",10,37,2023
"A03..03",9,38,2023
"A03..03",13,39,2023
"A03..03",8,40,2023
"A03..03",12,41,2023
"A03..03",14,42,2023
"A03..03",12,43,2023
"A03..03",8,44,2023
"A03..03",12,45,2023
"A03..03",7,46,2023
"A03..03",5,47,2023
"A03..03",4,48,2023
"A03..03",4,49,2023
"A03..03",3,50,2023
"A03..03",4,51,2023
"A03..03",3,52,2023
"A04..04",5,1,2023
"A04..04",5,2,2023
"A04..04",NA,3,2023
"A04..04",3,4,2023
"A04..04",1,5,2023
"A04..04",3,6,2023
"A04..04",4,7,2023
"A04..04",2,8,2023
"A04..04",1,9,2023
"A04..04",2,10,2023
"A04..04",5,11,2023
"A04..04",8,12,2023
"A04..04",4,13,2023
"A04..04",1,14,2023
"A04..04",2,15,2023
"A04..04",1,16,2023
"A04..04",6,17,2023
"A04..04",2,18,2023
"A04..04",5,19,2023
"A04..04",3,20,2023
"A04..04",3,21,2023
"A04..04",6,22,2023
"A04..04",4,23,2023
"A04..04",6,24,2023
"A04..04",7,25,2023
"A04..04",5,26,2023
"A04..04",9,27,2023
"A04..04",6,28,2023
"A04..04",4,29,2023
"A04..04",7,30,2023
"A04..04",10,31,2023
"A04..04",11,32,2023
"A04..04",6,33,2023
"A04..04",8,34,2023
"A04..04",8,35,2023
"A04..04",12,36,2023
"A04..04",6,37,2023
"A04..04",10,38,2023
"A04..04",19,39,2023
"A04..04",15,40,2023
"A04..04",10,41,2023
"A04..04",16,42,2023
"A04..04",5,43,2023
"A04..04",12,44,2023
"A04..04",10,45,2023
"A04..04",6,46,2023
"A04..04",10,47,2023
"A04..04",8,48,2023
"A04..04",2,49,2023
"A04..04",3,50,2023
"A04..04",2,51,2023
"A04..04",NA,52,2023
"A05..05",3,1,2023
"A05..05",3,2,2023
"A05..05",3,3,2023
"A05..05",3,4,2023
"A05..05",1,5,2023
"A05..05",1,6,2023
"A05..05",NA,7,2023
"A05..05",5,8,2023
"A05..05",2,9,2023
"A05..05",2,10,2023
"A05..05",4,11,2023
"A05..05",5,12,2023
"A05..05",4,13,2023
"A05..05",NA,14,2023
"A05..05",1,15,2023
"A05..05",6,16,2023
"A05..05",1,17,2023
"A05..05",2,18,2023
"A05..05",6,19,2023
"A05..05",3,20,2023
"A05..05",2,21,2023
"A05..05",3,22,2023
"A05..05",6,23,2023
"A05..05",7,24,2023
"A05..05",6,25,2023
"A05..05",1,26,2023
"A05..05",6,27,2023
"A05..05",5,28,2023
"A05..05",6,29,2023
"A05..05",4,30,2023
"A05..05",11,31,2023
"A05..05",9,32,2023
"A05..05",11,33,2023
"A05..05",8,34,2023
"A05..05",13,35,2023
"A05..05",11,36,2023
"A05..05",12,37,2023
"A05..05",14,38,2023
"A05..05",22,39,2023
"A05..05",8,40,2023
"A05..05",10,41,2023
"A05..05",11,42,2023
"A05..05",5,43,2023
"A05..05",5,44,2023
"A05..05",5,45,2023
"A05..05",6,46,2023
"A05..05",3,47,2023
"A05..05",NA,48,2023
"A05..05",1,49,2023
"A05..05",3,50,2023
"A05..05",3,51,2023
"A05..05",NA,52,2023
"A06..06",3,1,2023
"A06..06",1,2,2023
"A06..06",2,3,2023
"A06..06",1,4,2023
"A06..06",6,5,2023
"A06..06",2,6,2023
"A06..06",NA,7,2023
"A06..06",1,8,2023
"A06..06",2,9,2023
"A06..06",2,10,2023
"A06..06",3,11,2023
"A06..06",NA,12,2023
"A06..06",1,13,2023
"A06..06",2,14,2023
"A06..06",3,15,2023
"A06..06",3,16,2023
"A06..06",6,17,2023
"A06..06",1,18,2023
"A06..06",3,19,2023
"A06..06",2,20,2023
"A06..06",2,21,2023
"A06..06",2,22,2023
"A06..06",2,23,2023
"A06..06",8,24,2023
"A06..06",7,25,2023
"A06..06",6,26,2023
"A06..06",5,27,2023
"A06..06",3,28,2023
"A06..06",3,29,2023
"A06..06",3,30,2023
"A06..06",5,31,2023
"A06..06",4,32,2023
"A06..06",7,33,2023
"A06..06",5,34,2023
"A06..06",3,35,2023
"A06..06",10,36,2023
"A06..06",9,37,2023
"A06..06",16,38,2023
"A06..06",5,39,2023
"A06..06",4,40,2023
"A06..06",6,41,2023
"A06..06",8,42,2023
"A06..06",3,43,2023
"A06..06",5,44,2023
"A06..06",10,45,2023
"A06..06",8,46,2023
"A06..06",2,47,2023
"A06..06",2,48,2023
"A06..06",4,49,2023
"A06..06",2,50,2023
"A06..06",3,51,2023
"A06..06",2,52,2023
"A07..07",2,1,2023
"A07..07",NA,2,2023
"A07..07",4,3,2023
"A07..07",4,4,2023
"A07..07",1,5,2023
"A07..07",NA,6,2023
"A07..07",1,7,2023
"A07..07",NA,8,2023
"A07..07",2,9,2023
"A07..07",2,10,2023
"A07..07",3,11,2023
"A07..07",2,12,2023
"A07..07",3,13,2023
"A07..07",NA,14,2023
"A07..07",1,15,2023
"A07..07",3,16,2023
"A07..07",1,17,2023
"A07..07",2,18,2023
"A07..07",1,19,2023
"A07..07",NA,20,2023
"A07..07",2,21,2023
"A07..07",4,22,2023
"A07..07",4,23,2023
"A07..07",1,24,2023
"A07..07",7,25,2023
"A07..07",4,26,2023
"A07..07",2,27,2023
"A07..07",5,28,2023
"A07..07",4,29,2023
"A07..07",1,30,2023
"A07..07",9,31,2023
"A07..07",9,32,2023
"A07..07",7,33,2023
"A07..07",11,34,2023
"A07..07",9,35,2023
"A07..07",8,36,2023
"A07..07",11,37,2023
"A07..07",5,38,2023
"A07..07",6,39,2023
"A07..07",6,40,2023
"A07..07",4,41,2023
"A07..07",8,42,2023
"A07..07",6,43,2023
"A07..07",9,44,2023
"A07..07",10,45,2023
"A07..07",3,46,2023
"A07..07",2,47,2023
"A07..07",1,48,2023
"A07..07",3,49,2023
"A07..07",1,50,2023
"A07..07",3,51,2023
"A07..07",2,52,2023
"A08..08",NA,1,2023
"A08..08",4,2,2023
"A08..08",2,3,2023
"A08..08",1,4,2023
"A08..08",3,5,2023
"A08..08",3,6,2023
"A08..08",3,7,2023
"A08..08",2,8,2023
"A08..08",1,9,2023
"A08..08",1,10,2023
"A08..08",1,11,2023
"A08..08",1,12,2023
"A08..08",NA,13,2023
"A08..08",2,14,2023
"A08..08",2,15,2023
"A08..08",4,16,2023
"A08..08",4,17,2023
"A08..08",3,18,2023
"A08..08",4,19,2023
"A08..08",NA,20,2023
"A08..08",NA,21,2023
"A08..08",NA,22,2023
"A08..08",3,23,2023
"A08..08",6,24,2023
"A08..08",6,25,2023
"A08..08",4,26,2023
"A08..08",NA,27,2023
"A08..08",4,28,2023
"A08..08",5,29,2023
"A08..08",7,30,2023
"A08..08",4,31,2023
"A08..08",5,32,2023
"A08..08",9,33,2023
"A08..08",6,34,2023
"A08..08",9,35,2023
"A08..08",10,36,2023
"A08..08",10,37,2023
"A08..08",3,38,2023
"A08..08",6,39,2023
"A08..08",7,40,2023
"A08..08",5,41,2023
"A08..08",8,42,2023
"A08..08",9,43,2023
"A08..08",5,44,2023
"A08..08",9,45,2023
"A08..08",5,46,2023
"A08..08",2,47,2023
"A08..08",3,48,2023
"A08..08",2,49,2023
"A08..08",NA,50,2023
"A08..08",1,51,2023
"A08..08",1,52,2023
"A09..09",3,1,2023
"A09..09",3,2,2023
"A09..09",4,3,2023
"A09..09",1,4,2023
"A09..09",1,5,2023
"A09..09",3,6,2023
"A09..09",2,7,2023
"A09..09",2,8,2023
"A09..09",NA,9,2023
"A09..09",NA,10,2023
"A09..09",3,11,2023
"A09..09",NA,12,2023
"A09..09",1,13,2023
"A09..09",1,14,2023
"A09..09",NA,15,2023
"A09..09",2,16,2023
"A09..09",2,17,2023
"A09..09",3,18,2023
"A09..09",1,19,2023
"A09..09",NA,20,2023
"A09..09",3,21,2023
"A09..09",4,22,2023
"A09..09",3,23,2023
"A09..09",2,24,2023
"A09..09",4,25,2023
"A09..09",7,26,2023
"A09..09",4,27,2023
"A09..09",NA,28,2023
"A09..09",4,29,2023
"A09..09",4,30,2023
"A09..09",2,31,2023
"A09..09",7,32,2023
"A09..09",9,33,2023
"A09..09",5,34,2023
"A09..09",4,35,2023
"A09..09",4,36,2023
"A09..09",9,37,2023
"A09..09",7,38,2023
"A09..09",11,39,2023
"A09..09",2,40,2023
"A09..09",6,41,2023
"A09..09",6,42,2023
"A09..09",4,43,2023
"A09..09",6,44,2023
"A09..09",10,45,2023
"A09..09",2,46,2023
"A09..09",2,47,2023
"A09..09",6,48,2023
"A09..09",2,49,2023
"A09..09",1,50,2023
"A09..09",1,51,2023
"A09..09",2,52,2023
"A10..10",NA,1,2023
"A10..10",1,2,2023
"A10..10",4,3,2023
"A10..10",2,4,2023
"A10..10",2,5,2023
"A10..10",1,6,2023
"A10..10",2,7,2023
"A10..10",1,8,2023
"A10..10",1,9,2023
"A10..10",1,10,2023
"A10..10",1,11,2023
"A10..10",NA,12,2023
"A10..10",2,13,2023
"A10..10",NA,14,2023
"A10..10",1,15,2023
"A10..10",2,16,2023
"A10..10",6,17,2023
"A10..10",1,18,2023
"A10..10",NA,19,2023
"A10..10",1,20,2023
"A10..10",2,21,2023
"A10..10",1,22,2023
"A10..10",5,23,2023
"A10..10",5,24,2023
"A10..10",2,25,2023
"A10..10",3,26,2023
"A10..10",2,27,2023
"A10..10",NA,28,2023
"A10..10",3,29,2023
"A10..10",4,30,2023
"A10..10",4,31,2023
"A10..10",4,32,2023
"A10..10",7,33,2023
"A10..10",7,34,2023
"A10..10",6,35,2023
"A10..10",10,36,2023
"A10..10",8,37,2023
"A10..10",6,38,2023
"A10..10",6,39,2023
"A10..10",5,40,2023
"A10..10",4,41,2023
"A10..10",7,42,2023
"A10..10",3,43,2023
"A10..10",2,44,2023
"A10..10",4,45,2023
"A10..10",2,46,2023
"A10..10",4,47,2023
"A10..10",4,48,2023
"A10..10",NA,49,2023
"A10..10",2,50,2023
"A10..10",3,51,2023
"A10..10",1,52,2023
"A11..11",2,1,2023
"A11..11",2,2,2023
"A11..11",2,3,2023
"A11..11",2,4,2023
"A11..11",3,5,2023
"A11..11",2,6,2023
"A11..11",NA,7,2023
"A11..11",4,8,2023
"A11..11",3,9,2023
"A11..11",2,10,2023
"A11..11",2,11,2023
"A11..11",1,12,2023
"A11..11",NA,13,2023
"A11..11",2,14,2023
"A11..11",2,15,2023
"A11..11",1,16,2023
"A11..11",1,17,2023
"A11..11",1,18,2023
"A11..11",1,19,2023
"A11..11",3,20,2023
"A11..11",4,21,2023
"A11..11",NA,22,2023
"A11..11",1,23,2023
"A11..11",3,24,2023
"A11..11",4,25,2023
"A11..11",4,26,2023
"A11..11",4,27,2023
"A11..11",1,28,2023
"A11..11",4,29,2023
"A11..11",2,30,2023
"A11..11",3,31,2023
"A11..11",6,32,2023
"A11..11",4,33,2023
"A11..11",2,34,2023
"A11..11",3,35,2023
"A11..11",10,36,2023
"A11..11",8,37,2023
"A11..11",5,38,2023
"A11..11",7,39,2023
"A11..11",7,40,2023
"A11..11",2,41,2023
"A11..11",2,42,2023
"A11..11",4,43,2023
"A11..11",NA,44,2023
"A11..11",7,45,2023
"A11..11",1,46,2023
"A11..11",2,47,2023
"A11..11",NA,48,2023
"A11..11",2,49,2023
"A11..11",1,50,2023
"A11..11",2,51,2023
"A11..11",NA,52,2023
"A12..12",NA,1,2023
"A12..12",1,2,2023
"A12..12",5,3,2023
"A12..12",NA,4,2023
"A12..12",2,5,2023
"A12..12",NA,6,2023
"A12..12",1,7,2023
"A12..12",1,8,2023
"A12..12",2,9,2023
"A12..12",1,10,2023
"A12..12",1,11,2023
"A12..12",1,12,2023
"A12..12",NA,13,2023
"A12..12",1,14,2023
"A12..12",NA,15,2023
"A12..12",2,16,2023
"A12..12",4,17,2023
"A12..12",1,18,2023
"A12..12",1,19,2023
"A12..12",1,20,2023
"A12..12",1,21,2023
"A12..12",2,22,2023
"A12..12",3,23,2023
"A12..12",4,24,2023
"A12..12",4,25,2023
"A12..12",1,26,2023
"A12..12",2,27,2023
"A12..12",2,28,2023
"A12..12",3,29,2023
"A12..12",1,30,2023
"A12..12",2,31,2023
"A12..12",5,32,2023
"A12..12",7,33,2023
"A12..12",4,34,2023
"A12..12",6,35,2023
"A12..12",6,36,2023
"A12..12",3,37,2023
"A12..12",4,38,2023
"A12..12",8,39,2023
"A12..12",5,40,2023
"A12..12",3,41,2023
"A12..12",5,42,2023
"A12..12",NA,43,2023
"A12..12",5,44,2023
"A12..12",7,45,2023
"A12..12",2,46,2023
"A12..12",3,47,2023
"A12..12",2,48,2023
"A12..12",NA,49,2023
"A12..12",1,50,2023
"A12..12",1,51,2023
"A12..12",NA,52,2023
"A13..13",NA,1,2023
"A13..13",3,2,2023
"A13..13",1,3,2023
"A13..13",1,4,2023
"A13..13",3,5,2023
"A13..13",1,6,2023
"A13..13",NA,7,2023
"A13..13",4,8,2023
"A13..13",NA,9,2023
"A13..13",NA,10,2023
"A13..13",1,11,2023
"A13..13",3,12,2023
"A13..13",NA,13,2023
"A13..13",NA,14,2023
"A13..13",NA,15,2023
"A13..13",NA,16,2023
"A13..13",2,17,2023
"A13..13",3,18,2023
"A13..13",5,19,2023
"A13..13",2,20,2023
"A13..13",3,21,2023
"A13..13",1,22,2023
"A13..13",1,23,2023
"A13..13",2,24,2023
"A13..13",2,25,2023
"A13..13",2,26,2023
"A13..13",2,27,2023
"A13..13",3,28,2023
"A13..13",NA,29,2023
"A13..13",3,30,2023
"A13..13",4,31,2023
"A13..13",3,32,2023
"A13..13",7,33,2023
"A13..13",7,34,2023
"A13..13",6,35,2023
"A13..13",4,36,2023
"A13..13",11,37,2023
"A13..13",4,38,2023
"A13..13",2,39,2023
"A13..13",NA,40,2023
"A13..13",2,41,2023
"A13..13",2,42,2023
"A13..13",4,43,2023
"A13..13",3,44,2023
"A13..13",6,45,2023
"A13..13",1,46,2023
"A13..13",1,47,2023
"A13..13",1,48,2023
"A13..13",1,49,2023
"A13..13",NA,50,2023
"A13..13",1,51,2023
"A13..13",NA,52,2023
"A14..14",1,1,2023
"A14..14",1,2,2023
"A14..14",4,3,2023
"A14..14",1,4,2023
"A14..14",2,5,2023
"A14..14",2,6,2023
"A14..14",2,7,2023
"A14..14",2,8,2023
"A14..14",NA,9,2023
"A14..14",NA,10,2023
"A14..14",2,11,2023
"A14..14",NA,12,2023
"A14..14",1,13,2023
"A14..14",3,14,2023
"A14..14",NA,15,2023
"A14..14",NA,16,2023
"A14..14",4,17,2023
"A14..14",1,18,2023
"A14..14",2,19,2023
"A14..14",1,20,2023
"A14..14",3,21,2023
"A14..14",3,22,2023
"A14..14",5,23,2023
"A14..14",3,24,2023
"A14..14",2,25,2023
"A14..14",1,26,2023
"A14..14",NA,27,2023
"A14..14",5,28,2023
"A14..14",5,29,2023
"A14..14",7,30,2023
"A14..14",4,31,2023
"A14..14",6,32,2023
"A14..14",2,33,2023
"A14..14",3,34,2023
"A14..14",4,35,2023
"A14..14",5,36,2023
"A14..14",2,37,2023
"A14..14",9,38,2023
"A14..14",2,39,2023
"A14..14",5,40,2023
"A14..14",2,41,2023
"A14..14",5,42,2023
"A14..14",4,43,2023
"A14..14",6,44,2023
"A14..14",3,45,2023
"A14..14",2,46,2023
"A14..14",5,47,2023
"A14..14",1,48,2023
"A14..14",2,49,2023
"A14..14",NA,50,2023
"A14..14",2,51,2023
"A14..14",NA,52,2023
"A15..15",2,1,2023
"A15..15",3,2,2023
"A15..15",2,3,2023
"A15..15",3,4,2023
"A15..15",3,5,2023
"A15..15",NA,6,2023
"A15..15",3,7,2023
"A15..15",1,8,2023
"A15..15",3,9,2023
"A15..15",5,10,2023
"A15..15",NA,11,2023
"A15..15",2,12,2023
"A15..15",1,13,2023
"A15..15",1,14,2023
"A15..15",NA,15,2023
"A15..15",NA,16,2023
"A15..15",3,17,2023
"A15..15",1,18,2023
"A15..15",3,19,2023
"A15..15",1,20,2023
"A15..15",5,21,2023
"A15..15",NA,22,2023
"A15..15",2,23,2023
"A15..15",4,24,2023
"A15..15",1,25,2023
"A15..15",1,26,2023
"A15..15",3,27,2023
"A15..15",4,28,2023
"A15..15",4,29,2023
"A15..15",4,30,2023
"A15..15",5,31,2023
"A15..15",4,32,2023
"A15..15",4,33,2023
"A15..15",4,34,2023
"A15..15",8,35,2023
"A15..15",1,36,2023
"A15..15",6,37,2023
"A15..15",8,38,2023
"A15..15",2,39,2023
"A15..15",2,40,2023
"A15..15",4,41,2023
"A15..15",8,42,2023
"A15..15",4,43,2023
"A15..15",3,44,2023
"A15..15",5,45,2023
"A15..15",1,46,2023
"A15..15",2,47,2023
"A15..15",3,48,2023
"A15..15",1,49,2023
"A15..15",2,50,2023
"A15..15",3,51,2023
"A15..15",NA,52,2023
"A16..16",NA,1,2023
"A16..16",4,2,2023
"A16..16",4,3,2023
"A16..16",1,4,2023
"A16..16",3,5,2023
"A16..16",2,6,2023
"A16..16",2,7,2023
"A16..16",2,8,2023
"A16..16",2,9,2023
"A16..16",2,10,2023
"A16..16",3,11,2023
"A16..16",3,12,2023
"A16..16",3,13,2023
"A16..16",NA,14,2023
"A16..16",1,15,2023
"A16..16",NA,16,2023
"A16..16",2,17,2023
"A16..16",4,18,2023
"A16..16",2,19,2023
"A16..16",NA,20,2023
"A16..16",NA,21,2023
"A16..16",3,22,2023
"A16..16",5,23,2023
"A16..16",4,24,2023
"A16..16",9,25,2023
"A16..16",3,26,2023
"A16..16",3,27,2023
"A16..16",4,28,2023
"A16..16",9,29,2023
"A16..16",6,30,2023
"A16..16",4,31,2023
"A16..16",8,32,2023
"A16..16",9,33,2023
"A16..16",9,34,2023
"A16..16",5,35,2023
"A16..16",3,36,2023
"A16..16",7,37,2023
"A16..16",9,38,2023
"A16..16",7,39,2023
"A16..16",1,40,2023
"A16..16",6,41,2023
"A16..16",5,42,2023
"A16..16",1,43,2023
"A16..16",2,44,2023
"A16..16",3,45,2023
"A16..16",6,46,2023
"A16..16",1,47,2023
"A16..16",2,48,2023
"A16..16",1,49,2023
"A16..16",5,50,2023
"A16..16",NA,51,2023
"A16..16",NA,52,2023
"A17..17",2,1,2023
"A17..17",3,2,2023
"A17..17",3,3,2023
"A17..17",2,4,2023
"A17..17",3,5,2023
"A17..17",1,6,2023
"A17..17",1,7,2023
"A17..17",3,8,2023
"A17..17",3,9,2023
"A17..17",NA,10,2023
"A17..17",2,11,2023
"A17..17",2,12,2023
"A17..17",6,13,2023
"A17..17",NA,14,2023
"A17..17",2,15,2023
"A17..17",2,16,2023
"A17..17",5,17,2023
"A17..17",4,18,2023
"A17..17",4,19,2023
"A17..17",1,20,2023
"A17..17",4,21,2023
"A17..17",3,22,2023
"A17..17",4,23,2023
"A17..17",5,24,2023
"A17..17",1,25,2023
"A17..17",3,26,2023
"A17..17",3,27,2023
"A17..17",3,28,2023
"A17..17",6,29,2023
"A17..17",4,30,2023
"A17..17",4,31,2023
"A17..17",2,32,2023
"A17..17",7,33,2023
"A17..17",7,34,2023
"A17..17",5,35,2023
"A17..17",9,36,2023
"A17..17",6,37,2023
"A17..17",6,38,2023
"A17..17",7,39,2023
"A17..17",1,40,2023
"A17..17",5,41,2023
"A17..17",7,42,2023
"A17..17",6,43,2023
"A17..17",1,44,2023
"A17..17",4,45,2023
"A17..17",1,46,2023
"A17..17",4,47,2023
"A17..17",4,48,2023
"A17..17",3,49,2023
"A17..17",NA,50,2023
"A17..17",1,51,2023
"A17..17",2,52,2023
"A18..18",NA,1,2023
"A18..18",2,2,2023
"A18..18",5,3,2023
"A18..18",1,4,2023
"A18..18",NA,5,2023
"A18..18",2,6,2023
"A18..18",2,7,2023
"A18..18",NA,8,2023
"A18..18",1,9,2023
"A18..18",3,10,2023
"A18..18",2,11,2023
"A18..18",2,12,2023
"A18..18",2,13,2023
"A18..18",1,14,2023
"A18..18",1,15,2023
"A18..18",NA,16,2023
"A18..18",1,17,2023
"A18..18",NA,18,2023
"A18..18",2,19,2023
"A18..18",1,20,2023
"A18..18",2,21,2023
"A18..18",NA,22,2023
"A18..18",1,23,2023
"A18..18",4,24,2023
"A18..18",5,25,2023
"A18..18",3,26,2023
"A18..18",2,27,2023
"A18..18",10,28,2023
"A18..18",3,29,2023
"A18..18",10,30,2023
"A18..18",4,31,2023
"A18..18",6,32,2023
"A18..18",6,33,2023
"A18..18",8,34,2023
"A18..18",9,35,2023
"A18..18",7,36,2023
"A18..18",3,37,2023
"A18..18",9,38,2023
"A18..18",3,39,2023
"A18..18",4,40,2023
"A18..18",1,41,2023
"A18..18",2,42,2023
"A18..18",6,43,2023
"A18..18",4,44,2023
"A18..18",4,45,2023
"A18..18",3,46,2023
"A18..18",3,47,2023
"A18..18",1,48,2023
"A18..18",2,49,2023
"A18..18",2,50,2023
"A18..18",4,51,2023
"A18..18",NA,52,2023
"A19..19",3,1,2023
"A19..19",7,2,2023
"A19..19",4,3,2023
"A19..19",4,4,2023
"A19..19",2,5,2023
"A19..19",1,6,2023
"A19..19",2,7,2023
"A19..19",2,8,2023
"A19..19",2,9,2023
"A19..19",NA,10,2023
"A19..19",4,11,2023
"A19..19",6,12,2023
"A19..19",4,13,2023
"A19..19",2,14,2023
"A19..19",NA,15,2023
"A19..19",1,16,2023
"A19..19",2,17,2023
"A19..19",4,18,2023
"A19..19",3,19,2023
"A19..19",4,20,2023
"A19..19",3,21,2023
"A19..19",2,22,2023
"A19..19",4,23,2023
"A19..19",6,24,2023
"A19..19",4,25,2023
"A19..19",2,26,2023
"A19..19",3,27,2023
"A19..19",3,28,2023
"A19..19",4,29,2023
"A19..19",5,30,2023
"A19..19",11,31,2023
"A19..19",5,32,2023
"A19..19",3,33,2023
"A19..19",8,34,2023
"A19..19",4,35,2023
"A19..19",13,36,2023
"A19..19",8,37,2023
"A19..19",12,38,2023
"A19..19",3,39,2023
"A19..19",6,40,2023
"A19..19",6,41,2023
"A19..19",8,42,2023
"A19..19",1,43,2023
"A19..19",3,44,2023
"A19..19",2,45,2023
"A19..19",4,46,2023
"A19..19",1,47,2023
"A19..19",1,48,2023
"A19..19",1,49,2023
"A19..19",2,50,2023
"A19..19",NA,51,2023
"A19..19",1,52,2023
"A20..20",1,1,2023
"A20..20",4,2,2023
"A20..20",1,3,2023
"A20..20",5,4,2023
"A20..20",2,5,2023
"A20..20",NA,6,2023
"A20..20",1,7,2023
"A20..20",3,8,2023
"A20..20",2,9,2023
"A20..20",5,10,2023
"A20..20",2,11,2023
"A20..20",2,12,2023
"A20..20",4,13,2023
"A20..20",5,14,2023
"A20..20",3,15,2023
"A20..20",3,16,2023
"A20..20",6,17,2023
"A20..20",3,18,2023
"A20..20",2,19,2023
"A20..20",3,20,2023
"A20..20",NA,21,2023
"A20..20",2,22,2023
"A20..20",4,23,2023
"A20..20",2,24,2023
"A20..20",3,25,2023
"A20..20",7,26,2023
"A20..20",4,27,2023
"A20..20",4,28,2023
"A20..20",4,29,2023
"A20..20",5,30,2023
"A20..20",6,31,2023
"A20..20",7,32,2023
"A20..20",13,33,2023
"A20..20",6,34,2023
"A20..20",8,35,2023
"A20..20",5,36,2023
"A20..20",13,37,2023
"A20..20",5,38,2023
"A20..20",9,39,2023
"A20..20",10,40,2023
"A20..20",3,41,2023
"A20..20",5,42,2023
"A20..20",4,43,2023
"A20..20",NA,44,2023
"A20..20",2,45,2023
"A20..20",4,46,2023
"A20..20",4,47,2023
"A20..20",6,48,2023
"A20..20",1,49,2023
"A20..20",1,50,2023
"A20..20",5,51,2023
"A20..20",3,52,2023
"A21..21",2,1,2023
"A21..21",4,2,2023
"A21..21",4,3,2023
"A21..21",5,4,2023
"A21..21",8,5,2023
"A21..21",1,6,2023
"A21..21",NA,7,2023
"A21..21",2,8,2023
"A21..21",4,9,2023
"A21..21",2,10,2023
"A21..21",5,11,2023
"A21..21",4,12,2023
"A21..21",NA,13,2023
"A21..21",2,14,2023
"A21..21",7,15,2023
"A21..21",3,16,2023
"A21..21",7,17,2023
"A21..21",2,18,2023
"A21..21",1,19,2023
"A21..21",2,20,2023
"A21..21",4,21,2023
"A21..21",2,22,2023
"A21..21",4,23,2023
"A21..21",10,24,2023
"A21..21",5,25,2023
"A21..21",3,26,2023
"A21..21",2,27,2023
"A21..21",2,28,2023
"A21..21",2,29,2023
"A21..21",6,30,2023
"A21..21",8,31,2023
"A21..21",3,32,2023
"A21..21",9,33,2023
"A21..21",3,34,2023
"A21..21",7,35,2023
"A21..21",10,36,2023
"A21..21",10,37,2023
"A21..21",10,38,2023
"A21..21",11,39,2023
"A21..21",3,40,2023
"A21..21",4,41,2023
"A21..21",3,42,2023
"A21..21",2,43,2023
"A21..21",2,44,2023
"A21..21",4,45,2023
"A21..21",4,46,2023
"A21..21",5,47,2023
"A21..21",NA,48,2023
"A21..21",2,49,2023
"A21..21",1,50,2023
"A21..21",4,51,2023
"A21..21",NA,52,2023
"A22..22",3,1,2023
"A22..22",3,2,2023
"A22..22",4,3,2023
"A22..22",6,4,2023
"A22..22",3,5,2023
"A22..22",2,6,2023
"A22..22",5,7,2023
"A22..22",2,8,2023
"A22..22",3,9,2023
"A22..22",NA,10,2023
"A22..22",5,11,2023
"A22..22",4,12,2023
"A22..22",6,13,2023
"A22..22",7,14,2023
"A22..22",3,15,2023
"A22..22",4,16,2023
"A22..22",3,17,2023
"A22..22",7,18,2023
"A22..22",3,19,2023
"A22..22",2,20,2023
"A22..22",4,21,2023
"A22..22",2,22,2023
"A22..22",6,23,2023
"A22..22",6,24,2023
"A22..22",2,25,2023
"A22..22",5,26,2023
"A22..22",5,27,2023
"A22..22",4,28,2023
"A22..22",7,29,2023
"A22..22",5,30,2023
"A22..22",7,31,2023
"A22..22",4,32,2023
"A22..22",6,33,2023
"A22..22",7,34,2023
"A22..22",9,35,2023
"A22..22",11,36,2023
"A22..22",10,37,2023
"A22..22",6,38,2023
"A22..22",7,39,2023
"A22..22",6,40,2023
"A22..22",5,41,2023
"A22..22",5,42,2023
"A22..22",5,43,2023
"A22..22",3,44,2023
"A22..22",1,45,2023
"A22..22",NA,46,2023
"A22..22",3,47,2023
"A22..22",2,48,2023
"A22..22",NA,49,2023
"A22..22",3,50,2023
"A22..22",4,51,2023
"A22..22",1,52,2023
"A23..23",1,1,2023
"A23..23",3,2,2023
"A23..23",3,3,2023
"A23..23",1,4,2023
"A23..23",3,5,2023
"A23..23",5,6,2023
"A23..23",3,7,2023
"A23..23",2,8,2023
"A23..23",3,9,2023
"A23..23",2,10,2023
"A23..23",5,11,2023
"A23..23",2,12,2023
"A23..23",5,13,2023
"A23..23",2,14,2023
"A23..23",2,15,2023
"A23..23",2,16,2023
"A23..23",1,17,2023
"A23..23",2,18,2023
"A23..23",3,19,2023
"A23..23",6,20,2023
"A23..23",3,21,2023
"A23..23",NA,22,2023
"A23..23",3,23,2023
"A23..23",1,24,2023
"A23..23",10,25,2023
"A23..23",6,26,2023
"A23..23",2,27,2023
"A23..23",3,28,2023
"A23..23",4,29,2023
"A23..23",7,30,2023
"A23..23",7,31,2023
"A23..23",7,32,2023
"A23..23",2,33,2023
"A23..23",7,34,2023
"A23..23",2,35,2023
"A23..23",8,36,2023
"A23..23",7,37,2023
"A23..23",9,38,2023
"A23..23",10,39,2023
"A23..23",7,40,2023
"A23..23",3,41,2023
"A23..23",4,42,2023
"A23..23",2,43,2023
"A23..23",7,44,2023
"A23..23",4,45,2023
"A23..23",3,46,2023
"A23..23",5,47,2023
"A23..23",2,48,2023
"A23..23",NA,49,2023
"A23..23",1,50,2023
"A23..23",4,51,2023
"A23..23",2,52,2023
"A24..24",2,1,2023
"A24..24",NA,2,2023
"A24..24",3,3,2023
"A24..24",2,4,2023
"A24..24",2,5,2023
"A24..24",2,6,2023
"A24..24",1,7,2023
"A24..24",1,8,2023
"A24..24",NA,9,2023
"A24..24",1,10,2023
"A24..24",6,11,2023
"A24..24",5,12,2023
"A24..24",NA,13,2023
"A24..24",4,14,2023
"A24..24",3,15,2023
"A24..24",3,16,2023
"A24..24",1,17,2023
"A24..24",3,18,2023
"A24..24",1,19,2023
"A24..24",4,20,2023
"A24..24",3,21,2023
"A24..24",2,22,2023
"A24..24",3,23,2023
"A24..24",5,24,2023
"A24..24",3,25,2023
"A24..24",6,26,2023
"A24..24",5,27,2023
"A24..24",7,28,2023
"A24..24",8,29,2023
"A24..24",6,30,2023
"A24..24",7,31,2023
"A24..24",3,32,2023
"A24..24",5,33,2023
"A24..24",4,34,2023
"A24..24",5,35,2023
"A24..24",10,36,2023
"A24..24",8,37,2023
"A24..24",10,38,2023
"A24..24",9,39,2023
"A24..24",7,40,2023
"A24..24",7,41,2023
"A24..24",8,42,2023
"A24..24",4,43,2023
"A24..24",2,44,2023
"A24..24",6,45,2023
"A24..24",1,46,2023
"A24..24",1,47,2023
"A24..24",2,48,2023
"A24..24",3,49,2023
"A24..24",2,50,2023
"A24..24",3,51,2023
"A24..24",NA,52,2023
"A25..25",3,1,2023
"A25..25",1,2,2023
"A25..25",3,3,2023
"A25..25",1,4,2023
"A25..25",2,5,2023
"A25..25",2,6,2023
"A25..25",NA,7,2023
"A25..25",4,8,2023
"A25..25",2,9,2023
"A25..25",1,10,2023
"A25..25",6,11,2023
"A25..25",6,12,2023
"A25..25",4,13,2023
"A25..25",2,14,2023
"A25..25",4,15,2023
"A25..25",2,16,2023
"A25..25",2,17,2023
"A25..25",3,18,2023
"A25..25",6,19,2023
"A25..25",1,20,2023
"A25..25",2,21,2023
"A25..25",5,22,2023
"A25..25",3,23,2023
"A25..25",6,24,2023
"A25..25",4,25,2023
"A25..25",5,26,2023
"A25..25",4,27,2023
"A25..25",5,28,2023
"A25..25",4,29,2023
"A25..25",3,30,2023
"A25..25",4,31,2023
"A25..25",6,32,2023
"A25..25",7,33,2023
"A25..25",11,34,2023
"A25..25",8,35,2023
"A25..25",4,36,2023
"A25..25",8,37,2023
"A25..25",6,38,2023
"A25..25",9,39,2023
"A25..25",9,40,2023
"A25..25",7,41,2023
"A25..25",4,42,2023
"A25..25",4,43,2023
"A25..25",1,44,2023
"A25..25",1,45,2023
"A25..25",2,46,2023
"A25..25",7,47,2023
"A25..25",3,48,2023
"A25..25",2,49,2023
"A25..25",5,50,2023
"A25..25",5,51,2023
"A25..25",1,52,2023
"A26..26",2,1,2023
"A26..26",3,2,2023
"A26..26",1,3,2023
"A26..26",5,4,2023
"A26..26",2,5,2023
"A26..26",2,6,2023
"A26..26",1,7,2023
"A26..26",NA,8,2023
"A26..26",1,9,2023
"A26..26",4,10,2023
"A26..26",2,11,2023
"A26..26",2,12,2023
"A26..26",1,13,2023
"A26..26",NA,14,2023
"A26..26",3,15,2023
"A26..26",2,16,2023
"A26..26",3,17,2023
"A26..26",2,18,2023
"A26..26",4,19,2023
"A26..26",2,20,2023
"A26..26",1,21,2023
"A26..26",5,22,2023
"A26..26",5,23,2023
"A26..26",5,24,2023
"A26..26",5,25,2023
"A26..26",4,26,2023
"A26..26",4,27,2023
"A26..26",6,28,2023
"A26..26",10,29,2023
"A26..26",1,30,2023
"A26..26",4,31,2023
"A26..26",12,32,2023
"A26..26",5,33,2023
"A26..26",5,34,2023
"A26..26",7,35,2023
"A26..26",9,36,2023
"A26..26",7,37,2023
"A26..26",7,38,2023
"A26..26",14,39,2023
"A26..26",5,40,2023
"A26..26",5,41,2023
"A26..26",3,42,2023
"A26..26",3,43,2023
"A26..26",6,44,2023
"A26..26",3,45,2023
"A26..26",2,46,2023
"A26..26",1,47,2023
"A26..26",5,48,2023
"A26..26",4,49,2023
"A26..26",2,50,2023
"A26..26",4,51,2023
"A26..26",1,52,2023
"A27..27",2,1,2023
"A27..27",1,2,2023
"A27..27",4,3,2023
"A27..27",2,4,2023
"A27..27",2,5,2023
"A27..27",1,6,2023
"A27..27",1,7,2023
"A27..27",2,8,2023
"A27..27",1,9,2023
"A27..27",2,10,2023
"A27..27",3,11,2023
"A27..27",4,12,2023
"A27..27",8,13,2023
"A27..27",3,14,2023
"A27..27",4,15,2023
"A27..27",4,16,2023
"A27..27",2,17,2023
"A27..27",1,18,2023
"A27..27",NA,19,2023
"A27..27",2,20,2023
"A27..27",3,21,2023
"A27..27",3,22,2023
"A27..27",6,23,2023
"A27..27",3,24,2023
"A27..27",6,25,2023
"A27..27",5,26,2023
"A27..27",1,27,2023
"A27..27",6,28,2023
"A27..27",7,29,2023
"A27..27",3,30,2023
"A27..27",2,31,2023
"A27..27",4,32,2023
"A27..27",9,33,2023
"A27..27",6,34,2023
"A27..27",7,35,2023
"A27..27",9,36,2023
"A27..27",6,37,2023
"A27..27",5,38,2023
"A27..27",2,39,2023
"A27..27",4,40,2023
"A27..27",6,41,2023
"A27..27",6,42,2023
"A27..27",5,43,2023
"A27..27",4,44,2023
"A27..27",4,45,2023
"A27..27",4,46,2023
"A27..27",3,47,2023
"A27..27",5,48,2023
"A27..27",1,49,2023
"A27..27",1,50,2023
"A27..27",2,51,2023
"A27..27",1,52,2023
"A28..28",2,1,2023
"A28..28",3,2,2023
"A28..28",4,3,2023
"A28..28",5,4,2023
"A28..28",1,5,2023
"A28..28",2,6,2023
"A28..28",2,7,2023
"A28..28",1,8,2023
"A28..28",2,9,2023
"A28..28",1,10,2023
"A28..28",3,11,2023
"A28..28",1,12,2023
"A28..28",1,13,2023
"A28..28",NA,14,2023
"A28..28",2,15,2023
"A28..28",3,16,2023
"A28..28",3,17,2023
"A28..28",2,18,2023
"A28..28",1,19,2023
"A28..28",6,20,2023
"A28..28",2,21,2023
"A28..28",6,22,2023
"A28..28",5,23,2023
"A28..28",5,24,2023
"A28..28",4,25,2023
"A28..28",3,26,2023
"A28..28",5,27,2023
"A28..28",4,28,2023
"A28..28",6,29,2023
"A28..28",2,30,2023
"A28..28",6,31,2023
"A28..28",3,32,2023
"A28..28",4,33,2023
"A28..28",2,34,2023
"A28..28",3,35,2023
"A28..28",7,36,2023
"A28..28",7,37,2023
"A28..28",6,38,2023
"A28..28",7,39,2023
"A28..28",5,40,2023
"A28..28",2,41,2023
"A28..28",7,42,2023
"A28..28",3,43,2023
"A28..28",2,44,2023
"A28..28",3,45,2023
"A28..28",NA,46,2023
"A28..28",3,47,2023
"A28..28",5,48,2023
"A28..28",1,49,2023
"A28..28",4,50,2023
"A28..28",3,51,2023
"A28..28",NA,52,2023
"A29..29",2,1,2023
"A29..29",3,2,2023
"A29..29",4,3,2023
"A29..29",3,4,2023
"A29..29",2,5,2023
"A29..29",4,6,2023
"A29..29",2,7,2023
"A29..29",2,8,2023
"A29..29",2,9,2023
"A29..29",3,10,2023
"A29..29",1,11,2023
"A29..29",2,12,2023
"A29..29",5,13,2023
"A29..29",4,14,2023
"A29..29",1,15,2023
"A29..29",2,16,2023
"A29..29",2,17,2023
"A29..29",2,18,2023
"A29..29",3,19,2023
"A29..29",3,20,2023
"A29..29",1,21,2023
"A29..29",5,22,2023
"A29..29",3,23,2023
"A29..29",6,24,2023
"A29..29",5,25,2023
"A29..29",4,26,2023
"A29..29",2,27,2023
"A29..29",5,28,2023
"A29..29",2,29,2023
"A29..29",5,30,2023
"A29..29",3,31,2023
"A29..29",5,32,2023
"A29..29",3,33,2023
"A29..29",5,34,2023
"A29..29",2,35,2023
"A29..29",3,36,2023
"A29..29",4,37,2023
"A29..29",10,38,2023
"A29..29",8,39,2023
"A29..29",5,40,2023
"A29..29",4,41,2023
"A29..29",5,42,2023
"A29..29",1,43,2023
"A29..29",4,44,2023
"A29..29",4,45,2023
"A29..29",3,46,2023
"A29..29",5,47,2023
"A29..29",3,48,2023
"A29..29",2,49,2023
"A29..29",3,50,2023
"A29..29",NA,51,2023
"A29..29",NA,52,2023
"A30..30",2,1,2023
"A30..30",2,2,2023
"A30..30",2,3,2023
"A30..30",1,4,2023
"A30..30",4,5,2023
"A30..30",1,6,2023
"A30..30",NA,7,2023
"A30..30",2,8,2023
"A30..30",NA,9,2023
"A30..30",2,10,2023
"A30..30",2,11,2023
"A30..30",3,12,2023
"A30..30",3,13,2023
"A30..30",2,14,2023
"A30..30",1,15,2023
"A30..30",3,16,2023
"A30..30",NA,17,2023
"A30..30",1,18,2023
"A30..30",5,19,2023
"A30..30",2,20,2023
"A30..30",4,21,2023
"A30..30",3,22,2023
"A30..30",2,23,2023
"A30..30",5,24,2023
"A30..30",2,25,2023
"A30..30",2,26,2023
"A30..30",3,27,2023
"A30..30",4,28,2023
"A30..30",5,29,2023
"A30..30",5,30,2023
"A30..30",3,31,2023
"A30..30",5,32,2023
"A30..30",3,33,2023
"A30..30",8,34,2023
"A30..30",5,35,2023
"A30..30",7,36,2023
"A30..30",4,37,2023
"A30..30",3,38,2023
"A30..30",5,39,2023
"A30..30",3,40,2023
"A30..30",9,41,2023
"A30..30",2,42,2023
"A30..30",3,43,2023
"A30..30",3,44,2023
"A30..30",4,45,2023
"A30..30",1,46,2023
"A30..30",1,47,2023
"A30..30",4,48,2023
"A30..30",2,49,2023
"A30..30",3,50,2023
"A30..30",3,51,2023
"A30..30",2,52,2023
"A31..31",2,1,2023
"A31..31",3,2,2023
"A31..31",1,3,2023
"A31..31",NA,4,2023
"A31..31",3,5,2023
"A31..31",3,6,2023
"A31..31",4,7,2023
"A31..31",1,8,2023
"A31..31",5,9,2023
"A31..31",1,10,2023
"A31..31",NA,11,2023
"A31..31",2,12,2023
"A31..31",2,13,2023
"A31..31",1,14,2023
"A31..31",3,15,2023
"A31..31",1,16,2023
"A31..31",1,17,2023
"A31..31",1,18,2023
"A31..31",NA,19,2023
"A31..31",NA,20,2023
"A31..31",3,21,2023
"A31..31",2,22,2023
"A31..31",3,23,2023
"A31..31",4,24,2023
"A31..31",3,25,2023
"A31..31",NA,26,2023
"A31..31",6,27,2023
"A31..31",3,28,2023
"A31..31",1,29,2023
"A31..31",4,30,2023
"A31..31",3,31,2023
"A31..31",2,32,2023
"A31..31",3,33,2023
"A31..31",6,34,2023
"A31..31",9,35,2023
"A31..31",NA,36,2023
"A31..31",4,37,2023
"A31..31",7,38,2023
"A31..31",4,39,2023
"A31..31",5,40,2023
"A31..31",10,41,2023
"A31..31",5,42,2023
"A31..31",5,43,2023
"A31..31",1,44,2023
"A31..31",4,45,2023
"A31..31",6,46,2023
"A31..31",NA,47,2023
"A31..31",2,48,2023
"A31..31",2,49,2023
"A31..31",3,50,2023
"A31..31",1,51,2023
"A31..31",4,52,2023
"A32..32",1,1,2023
"A32..32",3,2,2023
"A32..32",3,3,2023
"A32..32",1,4,2023
"A32..32",2,5,2023
"A32..32",4,6,2023
"A32..32",NA,7,2023
"A32..32",NA,8,2023
"A32..32",2,9,2023
"A32..32",2,10,2023
"A32..32",3,11,2023
"A32..32",3,12,2023
"A32..32",5,13,2023
"A32..32",1,14,2023
"A32..32",NA,15,2023
"A32..32",4,16,2023
"A32..32",7,17,2023
"A32..32",1,18,2023
"A32..32",2,19,2023
"A32..32",1,20,2023
"A32..32",2,21,2023
"A32..32",4,22,2023
"A32..32",3,23,2023
"A32..32",5,24,2023
"A32..32",2,25,2023
"A32..32",5,26,2023
"A32..32",2,27,2023
"A32..32",4,28,2023
"A32..32",3,29,2023
"A32..32",6,30,2023
"A32..32",4,31,2023
"A32..32",NA,32,2023
"A32..32",6,33,2023
"A32..32",5,34,2023
"A32..32",2,35,2023
"A32..32",5,36,2023
"A32..32",8,37,2023
"A32..32",6,38,2023
"A32..32",2,39,2023
"A32..32",4,40,2023
"A32..32",6,41,2023
"A32..32",3,42,2023
"A32..32",2,43,2023
"A32..32",2,44,2023
"A32..32",4,45,2023
"A32..32",2,46,2023
"A32..32",1,47,2023
"A32..32",3,48,2023
"A32..32",3,49,2023
"A32..32",2,50,2023
"A32..32",NA,51,2023
"A32..32",1,52,2023
"A33..33",1,1,2023
"A33..33",3,2,2023
"A33..33",3,3,2023
"A33..33",1,4,2023
"A33..33",1,5,2023
"A33..33",1,6,2023
"A33..33",1,7,2023
"A33..33",1,8,2023
"A33..33",3,9,2023
"A33..33",2,10,2023
"A33..33",1,11,2023
"A33..33",NA,12,2023
"A33..33",1,13,2023
"A33..33",1,14,2023
"A33..33",NA,15,2023
"A33..33",1,16,2023
"A33..33",1,17,2023
"A33..33",1,18,2023
"A33..33",3,19,2023
"A33..33",1,20,2023
"A33..33",3,21,2023
"A33..33",4,22,2023
"A33..33",8,23,2023
"A33..33",3,24,2023
"A33..33",2,25,2023
"A33..33",6,26,2023
"A33..33",3,27,2023
"A33..33",2,28,2023
"A33..33",7,29,2023
"A33..33",4,30,2023
"A33..33",NA,31,2023
"A33..33",2,32,2023
"A33..33",1,33,2023
"A33..33",7,34,2023
"A33..33",7,35,2023
"A33..33",1,36,2023
"A33..33",3,37,2023
"A33..33",12,38,2023
"A33..33",4,39,2023
"A33..33",2,40,2023
"A33..33",7,41,2023
"A33..33",2,42,2023
"A33..33",4,43,2023
"A33..33",3,44,2023
"A33..33",1,45,2023
"A33..33",2,46,2023
"A33..33",2,47,2023
"A33..33",2,48,2023
"A33..33",2,49,2023
"A33..33",1,50,2023
"A33..33",2,51,2023
"A33..33",2,52,2023
"A34..34",1,1,2023
"A34..34",3,2,2023
"A34..34",2,3,2023
"A34..34",2,4,2023
"A34..34",1,5,2023
"A34..34",2,6,2023
"A34..34",2,7,2023
"A34..34",2,8,2023
"A34..34",NA,9,2023
"A34..34",2,10,2023
"A34..34",1,11,2023
"A34..34",2,12,2023
"A34..34",3,13,2023
"A34..34",NA,14,2023
"A34..34",2,15,2023
"A34..34",3,16,2023
"A34..34",3,17,2023
"A34..34",1,18,2023
"A34..34",6,19,2023
"A34..34",NA,20,2023
"A34..34",3,21,2023
"A34..34",3,22,2023
"A34..34",4,23,2023
"A34..34",6,24,2023
"A34..34",2,25,2023
"A34..34",2,26,2023
"A34..34",2,27,2023
"A34..34",8,28,2023
"A34..34",4,29,2023
"A34..34",3,30,2023
"A34..34",4,31,2023
"A34..34",NA,32,2023
"A34..34",4,33,2023
"A34..34",4,34,2023
"A34..34",3,35,2023
"A34..34",3,36,2023
"A34..34",5,37,2023
"A34..34",5,38,2023
"A34..34",6,39,2023
"A34..34",4,40,2023
"A34..34",2,41,2023
"A34..34",4,42,2023
"A34..34",3,43,2023
"A34..34",1,44,2023
"A34..34",1,45,2023
"A34..34",2,46,2023
"A34..34",3,47,2023
"A34..34",4,48,2023
"A34..34",NA,49,2023
"A34..34",NA,50,2023
"A34..34",1,51,2023
"A34..34",NA,52,2023
"A35..35",NA,1,2023
"A35..35",NA,2,2023
"A35..35",1,3,2023
"A35..35",1,4,2023
"A35..35",NA,5,2023
"A35..35",3,6,2023
"A35..35",2,7,2023
"A35..35",1,8,2023
"A35..35",2,9,2023
"A35..35",NA,10,2023
"A35..35",2,11,2023
"A35..35",4,12,2023
"A35..35",2,13,2023
"A35..35",4,14,2023
"A35..35",3,15,2023
"A35..35",2,16,2023
"A35..35",1,17,2023
"A35..35",NA,18,2023
"A35..35",4,19,2023
"A35..35",3,20,2023
"A35..35",5,21,2023
"A35..35",NA,22,2023
"A35..35",4,23,2023
"A35..35",2,24,2023
"A35..35",2,25,2023
"A35..35",NA,26,2023
"A35..35",3,27,2023
"A35..35",1,28,2023
"A35..35",2,29,2023
"A35..35",5,30,2023
"A35..35",2,31,2023
"A35..35",1,32,2023
"A35..35",1,33,2023
"A35..35",4,34,2023
"A35..35",2,35,2023
"A35..35",2,36,2023
"A35..35",4,37,2023
"A35..35",2,38,2023
"A35..35",3,39,2023
"A35..35",3,40,2023
"A35..35",2,41,2023
"A35..35",2,42,2023
"A35..35",3,43,2023
"A35..35",1,44,2023
"A35..35",NA,45,2023
"A35..35",2,46,2023
"A35..35",1,47,2023
"A35..35",2,48,2023
"A35..35",1,49,2023
"A35..35",1,50,2023
"A35..35",1,51,2023
"A35..35",2,52,2023
"A36..36",NA,1,2023
"A36..36",5,2,2023
"A36..36",1,3,2023
"A36..36",3,4,2023
"A36..36",1,5,2023
"A36..36",NA,6,2023
"A36..36",NA,7,2023
"A36..36",2,8,2023
"A36..36",NA,9,2023
"A36..36",3,10,2023
"A36..36",3,11,2023
"A36..36",1,12,2023
"A36..36",4,13,2023
"A36..36",2,14,2023
"A36..36",NA,15,2023
"A36..36",2,16,2023
"A36..36",2,17,2023
"A36..36",NA,18,2023
"A36..36",1,19,2023
"A36..36",1,20,2023
"A36..36",NA,21,2023
"A36..36",3,22,2023
"A36..36",4,23,2023
"A36..36",2,24,2023
"A36..36",3,25,2023
"A36..36",2,26,2023
"A36..36",3,27,2023
"A36..36",4,28,2023
"A36..36",4,29,2023
"A36..36",1,30,2023
"A36..36",4,31,2023
"A36..36",3,32,2023
"A36..36",3,33,2023
"A36..36",3,34,2023
"A36..36",2,35,2023
"A36..36",4,36,2023
"A36..36",5,37,2023
"A36..36",3,38,2023
"A36..36",6,39,2023
"A36..36",2,40,2023
"A36..36",2,41,2023
"A36..36",2,42,2023
"A36..36",3,43,2023
"A36..36",3,44,2023
"A36..36",2,45,2023
"A36..36",5,46,2023
"A36..36",1,47,2023
"A36..36",5,48,2023
"A36..36",1,49,2023
"A36..36",4,50,2023
"A36..36",1,51,2023
"A36..36",1,52,2023
"A37..37",2,1,2023
"A37..37",4,2,2023
"A37..37",2,3,2023
"A37..37",1,4,2023
"A37..37",NA,5,2023
"A37..37",NA,6,2023
"A37..37",NA,7,2023
"A37..37",3,8,2023
"A37..37",2,9,2023
"A37..37",1,10,2023
"A37..37",NA,11,2023
"A37..37",2,12,2023
"A37..37",2,13,2023
"A37..37",1,14,2023
"A37..37",NA,15,2023
"A37..37",1,16,2023
"A37..37",NA,17,2023
"A37..37",2,18,2023
"A37..37",2,19,2023
"A37..37",1,20,2023
"A37..37",3,21,2023
"A37..37",2,22,2023
"A37..37",4,23,2023
"A37..37",1,24,2023
"A37..37",2,25,2023
"A37..37",NA,26,2023
"A37..37",2,27,2023
"A37..37",2,28,2023
"A37..37",3,29,2023
"A37..37",2,30,2023
"A37..37",1,31,2023
"A37..37",5,32,2023
"A37..37",5,33,2023
"A37..37",2,34,2023
"A37..37",2,35,2023
"A37..37",6,36,2023
"A37..37",2,37,2023
"A37..37",2,38,2023
"A37..37",1,39,2023
"A37..37",3,40,2023
"A37..37",2,41,2023
"A37..37",4,42,2023
"A37..37",4,43,2023
"A37..37",NA,44,2023
"A37..37",NA,45,2023
"A37..37",1,46,2023
"A37..37",5,47,2023
"A37..37",3,48,2023
"A37..37",3,49,2023
"A37..37",1,50,2023
"A37..37",3,51,2023
"A37..37",1,52,2023
"A38..38",1,1,2023
"A38..38",NA,2,2023
"A38..38",NA,3,2023
"A38..38",NA,4,2023
"A38..38",3,5,2023
"A38..38",NA,6,2023
"A38..38",1,7,2023
"A38..38",NA,8,2023
"A38..38",1,9,2023
"A38..38",2,10,2023
"A38..38",2,11,2023
"A38..38",1,12,2023
"A38..38",1,13,2023
"A38..38",NA,14,2023
"A38..38",1,15,2023
"A38..38",1,16,2023
"A38..38",2,17,2023
"A38..38",NA,18,2023
"A38..38",1,19,2023
"A38..38",2,20,2023
"A38..38",NA,21,2023
"A38..38",2,22,2023
"A38..38",1,23,2023
"A38..38",7,24,2023
"A38..38",3,25,2023
"A38..38",1,26,2023
"A38..38",1,27,2023
"A38..38",2,28,2023
"A38..38",NA,29,2023
"A38..38",NA,30,2023
"A38..38",NA,31,2023
"A38..38",3,32,2023
"A38..38",1,33,2023
"A38..38",3,34,2023
"A38..38",3,35,2023
"A38..38",4,36,2023
"A38..38",2,37,2023
"A38..38",3,38,2023
"A38..38",2,39,2023
"A38..38",5,40,2023
"A38..38",3,41,2023
"A38..38",3,42,2023
"A38..38",2,43,2023
"A38..38",2,44,2023
"A38..38",3,45,2023
"A38..38",2,46,2023
"A38..38",3,47,2023
"A38..38",1,48,2023
"A38..38",3,49,2023
"A38..38",NA,50,2023
"A38..38",1,51,2023
"A38..38",1,52,2023
"A39..39",NA,1,2023
"A39..39",1,2,2023
"A39..39",1,3,2023
"A39..39",1,4,2023
"A39..39",1,5,2023
"A39..39",1,6,2023
"A39..39",NA,7,2023
"A39..39",NA,8,2023
"A39..39",NA,9,2023
"A39..39",3,10,2023
"A39..39",1,11,2023
"A39..39",NA,12,2023
"A39..39",NA,13,2023
"A39..39",NA,14,2023
"A39..39",1,15,2023
"A39..39",1,16,2023
"A39..39",2,17,2023
"A39..39",2,18,2023
"A39..39",3,19,2023
"A39..39",2,20,2023
"A39..39",2,21,2023
"A39..39",2,22,2023
"A39..39",NA,23,2023
"A39..39",3,24,2023
"A39..39",4,25,2023
"A39..39",5,26,2023
"A39..39",2,27,2023
"A39..39",1,28,2023
"A39..39",1,29,2023
"A39..39",1,30,2023
"A39..39",5,31,2023
"A39..39",5,32,2023
"A39..39",3,33,2023
"A39..39",3,34,2023
"A39..39",4,35,2023
"A39..39",3,36,2023
"A39..39",4,37,2023
"A39..39",3,38,2023
"A39..39",2,39,2023
"A39..39",1,40,2023
"A39..39",NA,41,2023
"A39..39",1,42,2023
"A39..39",2,43,2023
"A39..39",3,44,2023
"A39..39",2,45,2023
"A39..39",1,46,2023
"A39..39",2,47,2023
"A39..39",NA,48,2023
"A39..39",1,49,2023
"A39..39",1,50,2023
"A39..39",1,51,2023
"A39..39",1,52,2023
"A40..40",NA,1,2023
"A40..40",2,2,2023
"A40..40",1,3,2023
"A40..40",1,4,2023
"A40..40",1,5,2023
"A40..40",1,6,2023
"A40..40",1,7,2023
"A40..40",1,8,2023
"A40..40",1,9,2023
"A40..40",1,10,2023
"A40..40",1,11,2023
"A40..40",1,12,2023
"A40..40",NA,13,2023
"A40..40",NA,14,2023
"A40..40",1,15,2023
"A40..40",1,16,2023
"A40..40",2,17,2023
"A40..40",1,18,2023
"A40..40",NA,19,2023
"A40..40",NA,20,2023
"A40..40",2,21,2023
"A40..40",1,22,2023
"A40..40",3,23,2023
"A40..40",3,24,2023
"A40..40",2,25,2023
"A40..40",2,26,2023
"A40..40",4,27,2023
"A40..40",6,28,2023
"A40..40",5,29,2023
"A40..40",2,30,2023
"A40..40",2,31,2023
"A40..40",2,32,2023
"A40..40",2,33,2023
"A40..40",3,34,2023
"A40..40",3,35,2023
"A40..40",4,36,2023
"A40..40",3,37,2023
"A40..40",4,38,2023
"A40..40",3,39,2023
"A40..40",2,40,2023
"A40..40",3,41,2023
"A40..40",1,42,2023
"A40..40",2,43,2023
"A40..40",3,44,2023
"A40..40",4,45,2023
"A40..40",3,46,2023
"A40..40",1,47,2023
"A40..40",NA,48,2023
"A40..40",NA,49,2023
"A40..40",4,50,2023
"A40..40",1,51,2023
"A40..40",1,52,2023
"A41..41",2,1,2023
"A41..41",2,2,2023
"A41..41",1,3,2023
"A41..41",5,4,2023
"A41..41",1,5,2023
"A41..41",1,6,2023
"A41..41",1,7,2023
"A41..41",1,8,2023
"A41..41",NA,9,2023
"A41..41",NA,10,2023
"A41..41",NA,11,2023
"A41..41",1,12,2023
"A41..41",2,13,2023
"A41..41",1,14,2023
"A41..41",1,15,2023
"A41..41",1,16,2023
"A41..41",1,17,2023
"A41..41",1,18,2023
"A41..41",1,19,2023
"A41..41",NA,20,2023
"A41..41",1,21,2023
"A41..41",1,22,2023
"A41..41",1,23,2023
"A41..41",NA,24,2023
"A41..41",3,25,2023
"A41..41",NA,26,2023
"A41..41",3,27,2023
"A41..41",2,28,2023
"A41..41",1,29,2023
"A41..41",4,30,2023
"A41..41",2,31,2023
"A41..41",4,32,2023
"A41..41",3,33,2023
"A41..41",2,34,2023
"A41..41",6,35,2023
"A41..41",2,36,2023
"A41..41",3,37,2023
"A41..41",4,38,2023
"A41..41",3,39,2023
"A41..41",2,40,2023
"A41..41",6,41,2023
"A41..41",5,42,2023
"A41..41",3,43,2023
"A41..41",3,44,2023
"A41..41",3,45,2023
"A41..41",2,46,2023
"A41..41",2,47,2023
"A41..41",2,48,2023
"A41..41",2,49,2023
"A41..41",NA,50,2023
"A41..41",NA,51,2023
"A41..41",NA,52,2023
"A42..42",NA,1,2023
"A42..42",1,2,2023
"A42..42",3,3,2023
"A42..42",1,4,2023
"A42..42",1,5,2023
"A42..42",1,6,2023
"A42..42",1,7,2023
"A42..42",NA,8,2023
"A42..42",2,9,2023
"A42..42",3,10,2023
"A42..42",NA,11,2023
"A42..42",1,12,2023
"A42..42",1,13,2023
"A42..42",1,14,2023
"A42..42",1,15,2023
"A42..42",1,16,2023
"A42..42",3,17,2023
"A42..42",NA,18,2023
"A42..42",1,19,2023
"A42..42",1,20,2023
"A42..42",4,21,2023
"A42..42",3,22,2023
"A42..42",2,23,2023
"A42..42",4,24,2023
"A42..42",NA,25,2023
"A42..42",NA,26,2023
"A42..42",2,27,2023
"A42..42",3,28,2023
"A42..42",4,29,2023
"A42..42",5,30,2023
"A42..42",5,31,2023
"A42..42",3,32,2023
"A42..42",3,33,2023
"A42..42",4,34,2023
"A42..42",6,35,2023
"A42..42",2,36,2023
"A42..42",3,37,2023
"A42..42",4,38,2023
"A42..42",3,39,2023
"A42..42",1,40,2023
"A42..42",2,41,2023
"A42..42",2,42,2023
"A42..42",2,43,2023
"A42..42",NA,44,2023
"A42..42",1,45,2023
"A42..42",3,46,2023
"A42..42",2,47,2023
"A42..42",1,48,2023
"A42..42",2,49,2023
"A42..42",1,50,2023
"A42..42",NA,51,2023
"A42..42",1,52,2023
"A43..43",NA,1,2023
"A43..43",NA,2,2023
"A43..43",2,3,2023
"A43..43",NA,4,2023
"A43..43",2,5,2023
"A43..43",NA,6,2023
"A43..43",1,7,2023
"A43..43",NA,8,2023
"A43..43",1,9,2023
"A43..43",1,10,2023
"A43..43",1,11,2023
"A43..43",NA,12,2023
"A43..43",1,13,2023
"A43..43",1,14,2023
"A43..43",NA,15,2023
"A43..43",2,16,2023
"A43..43",NA,17,2023
"A43..43",NA,18,2023
"A43..43",3,19,2023
"A43..43",NA,20,2023
"A43..43",1,21,2023
"A43..43",1,22,2023
"A43..43",1,23,2023
"A43..43",NA,24,2023
"A43..43",5,25,2023
"A43..43",1,26,2023
"A43..43",1,27,2023
"A43..43",3,28,2023
"A43..43",5,29,2023
"A43..43",2,30,2023
"A43..43",4,31,2023
"A43..43",1,32,2023
"A43..43",2,33,2023
"A43..43",6,34,2023
"A43..43",3,35,2023
"A43..43",2,36,2023
"A43..43",4,37,2023
"A43..43",4,38,2023
"A43..43",4,39,2023
"A43..43",2,40,2023
"A43..43",4,41,2023
"A43..43",5,42,2023
"A43..43",2,43,2023
"A43..43",3,44,2023
"A43..43",1,45,2023
"A43..43",NA,46,2023
"A43..43",1,47,2023
"A43..43",NA,48,2023
"A43..43",1,49,2023
"A43..43",2,50,2023
"A43..43",2,51,2023
"A43..43",1,52,2023
"A44..44",1,1,2023
"A44..44",1,2,2023
"A44..44",NA,3,2023
"A44..44",1,4,2023
"A44..44",1,5,2023
"A44..44",NA,6,2023
"A44..44",NA,7,2023
"A44..44",1,8,2023
"A44..44",1,9,2023
"A44..44",NA,10,2023
"A44..44",1,11,2023
"A44..44",2,12,2023
"A44..44",NA,13,2023
"A44..44",1,14,2023
"A44..44",1,15,2023
"A44..44",NA,16,2023
"A44..44",NA,17,2023
"A44..44",4,18,2023
"A44..44",NA,19,2023
"A44..44",1,20,2023
"A44..44",1,21,2023
"A44..44",2,22,2023
"A44..44",2,23,2023
"A44..44",1,24,2023
"A44..44",1,25,2023
"A44..44",1,26,2023
"A44..44",2,27,2023
"A44..44",3,28,2023
"A44..44",2,29,2023
"A44..44",7,30,2023
"A44..44",1,31,2023
"A44..44",1,32,2023
"A44..44",4,33,2023
"A44..44",1,34,2023
"A44..44",2,35,2023
"A44..44",4,36,2023
"A44..44",4,37,2023
"A44..44",2,38,2023
"A44..44",2,39,2023
"A44..44",NA,40,2023
"A44..44",1,41,2023
"A44..44",3,42,2023
"A44..44",5,43,2023
"A44..44",1,44,2023
"A44..44",2,45,2023
"A44..44",NA,46,2023
"A44..44",1,47,2023
"A44..44",NA,48,2023
"A44..44",1,49,2023
"A44..44",1,50,2023
"A44..44",NA,51,2023
"A44..44",NA,52,2023
"A45..45",1,1,2023
"A45..45",2,2,2023
"A45..45",3,3,2023
"A45..45",2,4,2023
"A45..45",3,5,2023
"A45..45",2,6,2023
"A45..45",NA,7,2023
"A45..45",NA,8,2023
"A45..45",3,9,2023
"A45..45",NA,10,2023
"A45..45",1,11,2023
"A45..45",2,12,2023
"A45..45",1,13,2023
"A45..45",NA,14,2023
"A45..45",2,15,2023
"A45..45",1,16,2023
"A45..45",4,17,2023
"A45..45",NA,18,2023
"A45..45",5,19,2023
"A45..45",1,20,2023
"A45..45",1,21,2023
"A45..45",4,22,2023
"A45..45",1,23,2023
"A45..45",NA,24,2023
"A45..45",1,25,2023
"A45..45",4,26,2023
"A45..45",1,27,2023
"A45..45",6,28,2023
"A45..45",3,29,2023
"A45..45",2,30,2023
"A45..45",2,31,2023
"A45..45",5,32,2023
"A45..45",1,33,2023
"A45..45",3,34,2023
"A45..45",1,35,2023
"A45..45",3,36,2023
"A45..45",3,37,2023
"A45..45",4,38,2023
"A45..45",NA,39,2023
"A45..45",2,40,2023
"A45..45",NA,41,2023
"A45..45",2,42,2023
"A45..45",1,43,2023
"A45..45",1,44,2023
"A45..45",1,45,2023
"A45..45",2,46,2023
"A45..45",3,47,2023
"A45..45",NA,48,2023
"A45..45",3,49,2023
"A45..45",3,50,2023
"A45..45",NA,51,2023
"A45..45",NA,52,2023
"A46..46",1,1,2023
"A46..46",2,2,2023
"A46..46",NA,3,2023
"A46..46",NA,4,2023
"A46..46",NA,5,2023
"A46..46",1,6,2023
"A46..46",NA,7,2023
"A46..46",2,8,2023
"A46..46",1,9,2023
"A46..46",NA,10,2023
"A46..46",NA,11,2023
"A46..46",1,12,2023
"A46..46",2,13,2023
"A46..46",2,14,2023
"A46..46",1,15,2023
"A46..46",4,16,2023
"A46..46",1,17,2023
"A46..46",1,18,2023
"A46..46",2,19,2023
"A46..46",NA,20,2023
"A46..46",1,21,2023
"A46..46",NA,22,2023
"A46..46",1,23,2023
"A46..46",NA,24,2023
"A46..46",2,25,2023
"A46..46",1,26,2023
"A46..46",NA,27,2023
"A46..46",3,28,2023
"A46..46",3,29,2023
"A46..46",6,30,2023
"A46..46",6,31,2023
"A46..46",NA,32,2023
"A46..46",3,33,2023
"A46..46",4,34,2023
"A46..46",3,35,2023
"A46..46",3,36,2023
"A46..46",3,37,2023
"A46..46",3,38,2023
"A46..46",4,39,2023
"A46..46",NA,40,2023
"A46..46",6,41,2023
"A46..46",2,42,2023
"A46..46",NA,43,2023
"A46..46",4,44,2023
"A46..46",NA,45,2023
"A46..46",2,46,2023
"A46..46",NA,47,2023
"A46..46",1,48,2023
"A46..46",1,49,2023
"A46..46",1,50,2023
"A46..46",2,51,2023
"A46..46",NA,52,2023
"A47..47",NA,1,2023
"A47..47",2,2,2023
"A47..47",1,3,2023
"A47..47",1,4,2023
"A47..47",1,5,2023
"A47..47",NA,6,2023
"A47..47",2,7,2023
"A47..47",NA,8,2023
"A47..47",1,9,2023
"A47..47",NA,10,2023
"A47..47",2,11,2023
"A47..47",NA,12,2023
"A47..47",2,13,2023
"A47..47",NA,14,2023
"A47..47",1,15,2023
"A47..47",2,16,2023
"A47..47",2,17,2023
"A47..47",3,18,2023
"A47..47",1,19,2023
"A47..47",3,20,2023
"A47..47",1,21,2023
"A47..47",NA,22,2023
"A47..47",1,23,2023
"A47..47",1,24,2023
"A47..47",1,25,2023
"A47..47",4,26,2023
"A47..47",3,27,2023
"A47..47",6,28,2023
"A47..47",NA,29,2023
"A47..47",NA,30,2023
"A47..47",1,31,2023
"A47..47",1,32,2023
"A47..47",4,33,2023
"A47..47",NA,34,2023
"A47..47",6,35,2023
"A47..47",2,36,2023
"A47..47",3,37,2023
"A47..47",8,38,2023
"A47..47",4,39,2023
"A47..47",2,40,2023
"A47..47",2,41,2023
"A47..47",2,42,2023
"A47..47",3,43,2023
"A47..47",2,44,2023
"A47..47",1,45,2023
"A47..47",5,46,2023
"A47..47",2,47,2023
"A47..47",2,48,2023
"A47..47",NA,49,2023
"A47..47",4,50,2023
"A47..47",1,51,2023
"A47..47",2,52,2023
"A48..48",NA,1,2023
"A48..48",NA,2,2023
"A48..48",NA,3,2023
"A48..48",2,4,2023
"A48..48",3,5,2023
"A48..48",NA,6,2023
"A48..48",1,7,2023
"A48..48",NA,8,2023
"A48..48",1,9,2023
"A48..48",NA,10,2023
"A48..48",NA,11,2023
"A48..48",NA,12,2023
"A48..48",NA,13,2023
"A48..48",1,14,2023
"A48..48",NA,15,2023
"A48..48",1,16,2023
"A48..48",2,17,2023
"A48..48",3,18,2023
"A48..48",1,19,2023
"A48..48",1,20,2023
"A48..48",2,21,2023
"A48..48",3,22,2023
"A48..48",NA,23,2023
"A48..48",1,24,2023
"A48..48",2,25,2023
"A48..48",5,26,2023
"A48..48",NA,27,2023
"A48..48",NA,28,2023
"A48..48",1,29,2023
"A48..48",1,30,2023
"A48..48",4,31,2023
"A48..48",NA,32,2023
"A48..48",3,33,2023
"A48..48",2,34,2023
"A48..48",4,35,2023
"A48..48",3,36,2023
"A48..48",1,37,2023
"A48..48",2,38,2023
"A48..48",1,39,2023
"A48..48",5,40,2023
"A48..48",4,41,2023
"A48..48",4,42,2023
"A48..48",3,43,2023
"A48..48",NA,44,2023
"A48..48",2,45,2023
"A48..48",1,46,2023
"A48..48",2,47,2023
"A48..48",1,48,2023
"A48..48",1,49,2023
"A48..48",2,50,2023
"A48..48",1,51,2023
"A48..48",NA,52,2023
"A49..49",NA,1,2023
"A49..49",NA,2,2023
"A49..49",1,3,2023
"A49..49",NA,4,2023
"A49..49",2,5,2023
"A49..49",NA,6,2023
"A49..49",1,7,2023
"A49..49",1,8,2023
"A49..49",3,9,2023
"A49..49",1,10,2023
"A49..49",1,11,2023
"A49..49",1,12,2023
"A49..49",1,13,2023
"A49..49",2,14,2023
"A49..49",1,15,2023
"A49..49",3,16,2023
"A49..49",2,17,2023
"A49..49",1,18,2023
"A49..49",NA,19,2023
"A49..49",NA,20,2023
"A49..49",2,21,2023
"A49..49",NA,22,2023
"A49..49",3,23,2023
"A49..49",1,24,2023
"A49..49",2,25,2023
"A49..49",2,26,2023
"A49..49",3,27,2023
"A49..49",1,28,2023
"A49..49",2,29,2023
"A49..49",4,30,2023
"A49..49",1,31,2023
"A49..49",3,32,2023
"A49..49",3,33,2023
"A49..49",1,34,2023
"A49..49",4,35,2023
"A49..49",1,36,2023
"A49..49",2,37,2023
"A49..49",1,38,2023
"A49..49",2,39,2023
"A49..49",2,40,2023
"A49..49",5,41,2023
"A49..49",NA,42,2023
"A49..49",4,43,2023
"A49..49",1,44,2023
"A49..49",2,45,2023
"A49..49",4,46,2023
"A49..49",3,47,2023
"A49..49",1,48,2023
"A49..49",1,49,2023
"A49..49",2,50,2023
"A49..49",1,51,2023
"A49..49",2,52,2023
"A50..50",1,1,2023
"A50..50",3,2,2023
"A50..50",1,3,2023
"A50..50",NA,4,2023
"A50..50",2,5,2023
"A50..50",1,6,2023
"A50..50",1,7,2023
"A50..50",NA,8,2023
"A50..50",NA,9,2023
"A50..50",NA,10,2023
"A50..50",NA,11,2023
"A50..50",2,12,2023
"A50..50",1,13,2023
"A50..50",NA,14,2023
"A50..50",1,15,2023
"A50..50",NA,16,2023
"A50..50",1,17,2023
"A50..50",2,18,2023
"A50..50",1,19,2023
"A50..50",NA,20,2023
"A50..50",3,21,2023
"A50..50",NA,22,2023
"A50..50",2,23,2023
"A50..50",NA,24,2023
"A50..50",2,25,2023
"A50..50",5,26,2023
"A50..50",1,27,2023
"A50..50",1,28,2023
"A50..50",3,29,2023
"A50..50",2,30,2023
"A50..50",1,31,2023
"A50..50",3,32,2023
"A50..50",2,33,2023
"A50..50",2,34,2023
"A50..50",5,35,2023
"A50..50",1,36,2023
"A50..50",3,37,2023
"A50..50",4,38,2023
"A50..50",2,39,2023
"A50..50",4,40,2023
"A50..50",5,41,2023
"A50..50",5,42,2023
"A50..50",1,43,2023
"A50..50",1,44,2023
"A50..50",2,45,2023
"A50..50",NA,46,2023
"A50..50",1,47,2023
"A50..50",2,48,2023
"A50..50",2,49,2023
"A50..50",NA,50,2023
"A50..50",3,51,2023
"A50..50",NA,52,2023
"A51..51",1,1,2023
"A51..51",1,2,2023
"A51..51",NA,3,2023
"A51..51",2,4,2023
"A51..51",2,5,2023
"A51..51",2,6,2023
"A51..51",1,7,2023
"A51..51",2,8,2023
"A51..51",NA,9,2023
"A51..51",1,10,2023
"A51..51",2,11,2023
"A51..51",2,12,2023
"A51..51",2,13,2023
"A51..51",1,14,2023
"A51..51",3,15,2023
"A51..51",NA,16,2023
"A51..51",1,17,2023
"A51..51",2,18,2023
"A51..51",1,19,2023
"A51..51",1,20,2023
"A51..51",2,21,2023
"A51..51",2,22,2023
"A51..51",3,23,2023
"A51..51",2,24,2023
"A51..51",5,25,2023
"A51..51",NA,26,2023
"A51..51",NA,27,2023
"A51..51",2,28,2023
"A51..51",2,29,2023
"A51..51",4,30,2023
"A51..51",1,31,2023
"A51..51",2,32,2023
"A51..51",2,33,2023
"A51..51",2,34,2023
"A51..51",3,35,2023
"A51..51",3,36,2023
"A51..51",3,37,2023
"A51..51",1,38,2023
"A51..51",1,39,2023
"A51..51",3,40,2023
"A51..51",2,41,2023
"A51..51",2,42,2023
"A51..51",3,43,2023
"A51..51",6,44,2023
"A51..51",1,45,2023
"A51..51",3,46,2023
"A51..51",3,47,2023
"A51..51",3,48,2023
"A51..51",1,49,2023
"A51..51",1,50,2023
"A51..51",NA,51,2023
"A51..51",NA,52,2023
"A52..52",NA,1,2023
"A52..52",3,2,2023
"A52..52",1,3,2023
"A52..52",NA,4,2023
"A52..52",2,5,2023
"A52..52",NA,6,2023
"A52..52",NA,7,2023
"A52..52",NA,8,2023
"A52..52",2,9,2023
"A52..52",1,10,2023
"A52..52",2,11,2023
"A52..52",2,12,2023
"A52..52",3,13,2023
"A52..52",2,14,2023
"A52..52",3,15,2023
"A52..52",1,16,2023
"A52..52",1,17,2023
"A52..52",NA,18,2023
"A52..52",2,19,2023
"A52..52",1,20,2023
"A52..52",2,21,2023
"A52..52",NA,22,2023
"A52..52",2,23,2023
"A52..52",1,24,2023
"A52..52",1,25,2023
"A52..52",2,26,2023
"A52..52",7,27,2023
"A52..52",5,28,2023
"A52..52",2,29,2023
"A52..52",2,30,2023
"A52..52",3,31,2023
"A52..52",2,32,2023
"A52..52",2,33,2023
"A52..52",5,34,2023
"A52..52",4,35,2023
"A52..52",1,36,2023
"A52..52",5,37,2023
"A52..52",1,38,2023
"A52..52",1,39,2023
"A52..52",2,40,2023
"A52..52",1,41,2023
"A52..52",4,42,2023
"A52..52",2,43,2023
"A52..52",1,44,2023
"A52..52",4,45,2023
"A52..52",1,46,2023
"A52..52",NA,47,2023
"A52..52",1,48,2023
"A52..52",2,49,2023
"A52..52",1,50,2023
"A52..52",2,51,2023
"A52..52",2,52,2023
"A53..53",4,1,2023
"A53..53",3,2,2023
"A53..53",1,3,2023
"A53..53",NA,4,2023
"A53..53",2,5,2023
"A53..53",1,6,2023
"A53..53",NA,7,2023
"A53..53",1,8,2023
"A53..53",NA,9,2023
"A53..53",NA,10,2023
"A53..53",3,11,2023
"A53..53",3,12,2023
"A53..53",1,13,2023
"A53..53",1,14,2023
"A53..53",1,15,2023
"A53..53",1,16,2023
"A53..53",NA,17,2023
"A53..53",3,18,2023
"A53..53",1,19,2023
"A53..53",1,20,2023
"A53..53",1,21,2023
"A53..53",2,22,2023
"A53..53",1,23,2023
"A53..53",4,24,2023
"A53..53",NA,25,2023
"A53..53",2,26,2023
"A53..53",2,27,2023
"A53..53",8,28,2023
"A53..53",1,29,2023
"A53..53",1,30,2023
"A53..53",1,31,2023
"A53..53",2,32,2023
"A53..53",4,33,2023
"A53..53",4,34,2023
"A53..53",6,35,2023
"A53..53",4,36,2023
"A53..53",3,37,2023
"A53..53",3,38,2023
"A53..53",5,39,2023
"A53..53",2,40,2023
"A53..53",6,41,2023
"A53..53",3,42,2023
"A53..53",3,43,2023
"A53..53",3,44,2023
"A53..53",4,45,2023
"A53..53",2,46,2023
"A53..53",1,47,2023
"A53..53",1,48,2023
"A53..53",1,49,2023
"A53..53",2,50,2023
"A53..53",4,51,2023
"A53..53",1,52,2023
"A54..54",2,1,2023
"A54..54",1,2,2023
"A54..54",2,3,2023
"A54..54",2,4,2023
"A54..54",NA,5,2023
"A54..54",NA,6,2023
"A54..54",1,7,2023
"A54..54",NA,8,2023
"A54..54",NA,9,2023
"A54..54",2,10,2023
"A54..54",2,11,2023
"A54..54",2,12,2023
"A54..54",4,13,2023
"A54..54",NA,14,2023
"A54..54",2,15,2023
"A54..54",1,16,2023
"A54..54",1,17,2023
"A54..54",3,18,2023
"A54..54",1,19,2023
"A54..54",1,20,2023
"A54..54",1,21,2023
"A54..54",3,22,2023
"A54..54",2,23,2023
"A54..54",2,24,2023
"A54..54",1,25,2023
"A54..54",3,26,2023
"A54..54",4,27,2023
"A54..54",3,28,2023
"A54..54",4,29,2023
"A54..54",3,30,2023
"A54..54",3,31,2023
"A54..54",3,32,2023
"A54..54",5,33,2023
"A54..54",2,34,2023
"A54..54",8,35,2023
"A54..54",3,36,2023
"A54..54",6,37,2023
"A54..54",3,38,2023
"A54..54",5,39,2023
"A54..54",4,40,2023
"A54..54",4,41,2023
"A54..54",4,42,2023
"A54..54",1,43,2023
"A54..54",3,44,2023
"A54..54",1,45,2023
"A54..54",1,46,2023
"A54..54",3,47,2023
"A54..54",2,48,2023
"A54..54",2,49,2023
"A54..54",2,50,2023
"A54..54",3,51,2023
"A54..54",NA,52,2023
"A55..55",2,1,2023
"A55..55",3,2,2023
"A55..55",1,3,2023
"A55..55",1,4,2023
"A55..55",3,5,2023
"A55..55",3,6,2023
"A55..55",1,7,2023
"A55..55",2,8,2023
"A55..55",1,9,2023
"A55..55",3,10,2023
"A55..55",3,11,2023
"A55..55",3,12,2023
"A55..55",1,13,2023
"A55..55",1,14,2023
"A55..55",6,15,2023
"A55..55",NA,16,2023
"A55..55",2,17,2023
"A55..55",1,18,2023
"A55..55",4,19,2023
"A55..55",1,20,2023
"A55..55",3,21,2023
"A55..55",2,22,2023
"A55..55",2,23,2023
"A55..55",6,24,2023
"A55..55",4,25,2023
"A55..55",4,26,2023
"A55..55",3,27,2023
"A55..55",9,28,2023
"A55..55",3,29,2023
"A55..55",1,30,2023
"A55..55",2,31,2023
"A55..55",2,32,2023
"A55..55",2,33,2023
"A55..55",5,34,2023
"A55..55",4,35,2023
"A55..55",3,36,2023
"A55..55",4,37,2023
"A55..55",5,38,2023
"A55..55",4,39,2023
"A55..55",6,40,2023
"A55..55",4,41,2023
"A55..55",6,42,2023
"A55..55",2,43,2023
"A55..55",2,44,2023
"A55..55",3,45,2023
"A55..55",1,46,2023
"A55..55",6,47,2023
"A55..55",1,48,2023
"A55..55",3,49,2023
"A55..55",5,50,2023
"A55..55",3,51,2023
"A55..55",2,52,2023
"A56..56",1,1,2023
"A56..56",1,2,2023
"A56..56",3,3,2023
"A56..56",1,4,2023
"A56..56",2,5,2023
"A56..56",NA,6,2023
"A56..56",3,7,2023
"A56..56",NA,8,2023
"A56..56",4,9,2023
"A56..56",3,10,2023
"A56..56",1,11,2023
"A56..56",1,12,2023
"A56..56",1,13,2023
"A56..56",2,14,2023
"A56..56",NA,15,2023
"A56..56",2,16,2023
"A56..56",3,17,2023
"A56..56",1,18,2023
"A56..56",2,19,2023
"A56..56",NA,20,2023
"A56..56",2,21,2023
"A56..56",1,22,2023
"A56..56",5,23,2023
"A56..56",2,24,2023
"A56..56",1,25,2023
"A56..56",8,26,2023
"A56..56",3,27,2023
"A56..56",4,28,2023
"A56..56",6,29,2023
"A56..56",6,30,2023
"A56..56",2,31,2023
"A56..56",5,32,2023
"A56..56",4,33,2023
"A56..56",2,34,2023
"A56..56",4,35,2023
"A56..56",4,36,2023
"A56..56",7,37,2023
"A56..56",4,38,2023
"A56..56",6,39,2023
"A56..56",3,40,2023
"A56..56",2,41,2023
"A56..56",2,42,2023
"A56..56",3,43,2023
"A56..56",1,44,2023
"A56..56",1,45,2023
"A56..56",7,46,2023
"A56..56",2,47,2023
"A56..56",3,48,2023
"A56..56",1,49,2023
"A56..56",NA,50,2023
"A56..56",3,51,2023
"A56..56",2,52,2023
"A57..57",2,1,2023
"A57..57",2,2,2023
"A57..57",2,3,2023
"A57..57",2,4,2023
"A57..57",NA,5,2023
"A57..57",NA,6,2023
"A57..57",3,7,2023
"A57..57",2,8,2023
"A57..57",2,9,2023
"A57..57",2,10,2023
"A57..57",2,11,2023
"A57..57",NA,12,2023
"A57..57",3,13,2023
"A57..57",NA,14,2023
"A57..57",3,15,2023
"A57..57",1,16,2023
"A57..57",3,17,2023
"A57..57",1,18,2023
"A57..57",1,19,2023
"A57..57",3,20,2023
"A57..57",3,21,2023
"A57..57",1,22,2023
"A57..57",2,23,2023
"A57..57",7,24,2023
"A57..57",2,25,2023
"A57..57",1,26,2023
"A57..57",4,27,2023
"A57..57",2,28,2023
"A57..57",1,29,2023
"A57..57",4,30,2023
"A57..57",4,31,2023
"A57..57",2,32,2023
"A57..57",4,33,2023
"A57..57",2,34,2023
"A57..57",2,35,2023
"A57..57",6,36,2023
"A57..57",7,37,2023
"A57..57",5,38,2023
"A57..57",6,39,2023
"A57..57",4,40,2023
"A57..57",5,41,2023
"A57..57",5,42,2023
"A57..57",NA,43,2023
"A57..57",1,44,2023
"A57..57",4,45,2023
"A57..57",3,46,2023
"A57..57",4,47,2023
"A57..57",1,48,2023
"A57..57",NA,49,2023
"A57..57",2,50,2023
"A57..57",2,51,2023
"A57..57",NA,52,2023
"A58..58",1,1,2023
"A58..58",2,2,2023
"A58..58",2,3,2023
"A58..58",1,4,2023
"A58..58",1,5,2023
"A58..58",2,6,2023
"A58..58",1,7,2023
"A58..58",4,8,2023
"A58..58",1,9,2023
"A58..58",3,10,2023
"A58..58",NA,11,2023
"A58..58",2,12,2023
"A58..58",1,13,2023
"A58..58",2,14,2023
"A58..58",NA,15,2023
"A58..58",2,16,2023
"A58..58",3,17,2023
"A58..58",1,18,2023
"A58..58",2,19,2023
"A58..58",2,20,2023
"A58..58",2,21,2023
"A58..58",1,22,2023
"A58..58",NA,23,2023
"A58..58",3,24,2023
"A58..58",3,25,2023
"A58..58",4,26,2023
"A58..58",2,27,2023
"A58..58",7,28,2023
"A58..58",2,29,2023
"A58..58",5,30,2023
"A58..58",4,31,2023
"A58..58",4,32,2023
"A58..58",1,33,2023
"A58..58",2,34,2023
"A58..58",5,35,2023
"A58..58",3,36,2023
"A58..58",1,37,2023
"A58..58",4,38,2023
"A58..58",6,39,2023
"A58..58",5,40,2023
"A58..58",4,41,2023
"A58..58",7,42,2023
"A58..58",3,43,2023
"A58..58",5,44,2023
"A58..58",3,45,2023
"A58..58",1,46,2023
"A58..58",3,47,2023
"A58..58",3,48,2023
"A58..58",5,49,2023
"A58..58",4,50,2023
"A58..58",2,51,2023
"A58..58",NA,52,2023
"A59..59",1,1,2023
"A59..59",3,2,2023
"A59..59",4,3,2023
"A59..59",2,4,2023
"A59..59",1,5,2023
"A59..59",4,6,2023
"A59..59",3,7,2023
"A59..59",NA,8,2023
"A59..59",4,9,2023
"A59..59",NA,10,2023
"A59..59",NA,11,2023
"A59..59",NA,12,2023
"A59..59",4,13,2023
"A59..59",1,14,2023
"A59..59",1,15,2023
"A59..59",1,16,2023
"A59..59",3,17,2023
"A59..59",1,18,2023
"A59..59",NA,19,2023
"A59..59",3,20,2023
"A59..59",4,21,2023
"A59..59",3,22,2023
"A59..59",2,23,2023
"A59..59",1,24,2023
"A59..59",4,25,2023
"A59..59",3,26,2023
"A59..59",2,27,2023
"A59..59",3,28,2023
"A59..59",1,29,2023
"A59..59",3,30,2023
"A59..59",3,31,2023
"A59..59",1,32,2023
"A59..59",3,33,2023
"A59..59",3,34,2023
"A59..59",4,35,2023
"A59..59",5,36,2023
"A59..59",3,37,2023
"A59..59",6,38,2023
"A59..59",5,39,2023
"A59..59",1,40,2023
"A59..59",3,41,2023
"A59..59",2,42,2023
"A59..59",6,43,2023
"A59..59",3,44,2023
"A59..59",2,45,2023
"A59..59",5,46,2023
"A59..59",4,47,2023
"A59..59",3,48,2023
"A59..59",2,49,2023
"A59..59",3,50,2023
"A59..59",3,51,2023
"A59..59",1,52,2023
"A60..60",3,1,2023
"A60..60",4,2,2023
"A60..60",4,3,2023
"A60..60",3,4,2023
"A60..60",2,5,2023
"A60..60",1,6,2023
"A60..60",3,7,2023
"A60..60",NA,8,2023
"A60..60",1,9,2023
"A60..60",1,10,2023
"A60..60",4,11,2023
"A60..60",3,12,2023
"A60..60",1,13,2023
"A60..60",1,14,2023
"A60..60",2,15,2023
"A60..60",2,16,2023
"A60..60",1,17,2023
"A60..60",6,18,2023
"A60..60",1,19,2023
"A60..60",2,20,2023
"A60..60",2,21,2023
"A60..60",2,22,2023
"A60..60",2,23,2023
"A60..60",3,24,2023
"A60..60",4,25,2023
"A60..60",2,26,2023
"A60..60",1,27,2023
"A60..60",4,28,2023
"A60..60",6,29,2023
"A60..60",5,30,2023
"A60..60",4,31,2023
"A60..60",1,32,2023
"A60..60",6,33,2023
"A60..60",6,34,2023
"A60..60",5,35,2023
"A60..60",6,36,2023
"A60..60",3,37,2023
"A60..60",5,38,2023
"A60..60",5,39,2023
"A60..60",5,40,2023
"A60..60",7,41,2023
"A60..60",3,42,2023
"A60..60",3,43,2023
"A60..60",4,44,2023
"A60..60",3,45,2023
"A60..60",4,46,2023
"A60..60",2,47,2023
"A60..60",2,48,2023
"A60..60",4,49,2023
"A60..60",3,50,2023
"A60..60",2,51,2023
"A60..60",2,52,2023
"A61..61",NA,1,2023
"A61..61",2,2,2023
"A61..61",4,3,2023
"A61..61",4,4,2023
"A61..61",1,5,2023
"A61..61",5,6,2023
"A61..61",3,7,2023
"A61..61",2,8,2023
"A61..61",2,9,2023
"A61..61",3,10,2023
"A61..61",2,11,2023
"A61..61",2,12,2023
"A61..61",1,13,2023
"A61..61",1,14,2023
"A61..61",2,15,2023
"A61..61",8,16,2023
"A61..61",2,17,2023
"A61..61",5,18,2023
"A61..61",1,19,2023
"A61..61",NA,20,2023
"A61..61",5,21,2023
"A61..61",4,22,2023
"A61..61",5,23,2023
"A61..61",3,24,2023
"A61..61",1,25,2023
"A61..61",4,26,2023
"A61..61",2,27,2023
"A61..61",2,28,2023
"A61..61",2,29,2023
"A61..61",4,30,2023
"A61..61",4,31,2023
"A61..61",3,32,2023
"A61..61",5,33,2023
"A61..61",2,34,2023
"A61..61",4,35,2023
"A61..61",4,36,2023
"A61..61",2,37,2023
"A61..61",3,38,2023
"A61..61",3,39,2023
"A61..61",2,40,2023
"A61..61",9,41,2023
"A61..61",5,42,2023
"A61..61",10,43,2023
"A61..61",3,44,2023
"A61..61",3,45,2023
"A61..61",5,46,2023
"A61..61",2,47,2023
"A61..61",NA,48,2023
"A61..61",1,49,2023
"A61..61",3,50,2023
"A61..61",3,51,2023
"A61..61",NA,52,2023
"A62..62",3,1,2023
"A62..62",3,2,2023
"A62..62",4,3,2023
"A62..62",2,4,2023
"A62..62",3,5,2023
"A62..62",3,6,2023
"A62..62",2,7,2023
"A62..62",2,8,2023
"A62..62",NA,9,2023
"A62..62",1,10,2023
"A62..62",1,11,2023
"A62..62",3,12,2023
"A62..62",NA,13,2023
"A62..62",3,14,2023
"A62..62",NA,15,2023
"A62..62",NA,16,2023
"A62..62",4,17,2023
"A62..62",1,18,2023
"A62..62",NA,19,2023
"A62..62",2,20,2023
"A62..62",6,21,2023
"A62..62",3,22,2023
"A62..62",2,23,2023
"A62..62",4,24,2023
"A62..62",3,25,2023
"A62..62",5,26,2023
"A62..62",3,27,2023
"A62..62",5,28,2023
"A62..62",4,29,2023
"A62..62",4,30,2023
"A62..62",1,31,2023
"A62..62",1,32,2023
"A62..62",3,33,2023
"A62..62",2,34,2023
"A62..62",4,35,2023
"A62..62",4,36,2023
"A62..62",2,37,2023
"A62..62",4,38,2023
"A62..62",7,39,2023
"A62..62",2,40,2023
"A62..62",7,41,2023
"A62..62",5,42,2023
"A62..62",3,43,2023
"A62..62",6,44,2023
"A62..62",2,45,2023
"A62..62",3,46,2023
"A62..62",4,47,2023
"A62..62",2,48,2023
"A62..62",1,49,2023
"A62..62",3,50,2023
"A62..62",2,51,2023
"A62..62",1,52,2023
"A63..63",3,1,2023
"A63..63",NA,2,2023
"A63..63",NA,3,2023
"A63..63",NA,4,2023
"A63..63",2,5,2023
"A63..63",5,6,2023
"A63..63",1,7,2023
"A63..63",1,8,2023
"A63..63",4,9,2023
"A63..63",NA,10,2023
"A63..63",3,11,2023
"A63..63",1,12,2023
"A63..63",2,13,2023
"A63..63",1,14,2023
"A63..63",NA,15,2023
"A63..63",1,16,2023
"A63..63",1,17,2023
"A63..63",1,18,2023
"A63..63",3,19,2023
"A63..63",1,20,2023
"A63..63",1,21,2023
"A63..63",2,22,2023
"A63..63",1,23,2023
"A63..63",7,24,2023
"A63..63",4,25,2023
"A63..63",3,26,2023
"A63..63",7,27,2023
"A63..63",4,28,2023
"A63..63",3,29,2023
"A63..63",2,30,2023
"A63..63",3,31,2023
"A63..63",4,32,2023
"A63..63",5,33,2023
"A63..63",7,34,2023
"A63..63",8,35,2023
"A63..63",2,36,2023
"A63..63",4,37,2023
"A63..63",7,38,2023
"A63..63",5,39,2023
"A63..63",3,40,2023
"A63..63",7,41,2023
"A63..63",4,42,2023
"A63..63",2,43,2023
"A63..63",NA,44,2023
"A63..63",4,45,2023
"A63..63",3,46,2023
"A63..63",3,47,2023
"A63..63",2,48,2023
"A63..63",1,49,2023
"A63..63",3,50,2023
"A63..63",5,51,2023
"A63..63",1,52,2023
"A64..64",2,1,2023
"A64..64",3,2,2023
"A64..64",NA,3,2023
"A64..64",NA,4,2023
"A64..64",1,5,2023
"A64..64",2,6,2023
"A64..64",3,7,2023
"A64..64",2,8,2023
"A64..64",1,9,2023
"A64..64",4,10,2023
"A64..64",2,11,2023
"A64..64",NA,12,2023
"A64..64",NA,13,2023
"A64..64",2,14,2023
"A64..64",2,15,2023
"A64..64",3,16,2023
"A64..64",2,17,2023
"A64..64",2,18,2023
"A64..64",5,19,2023
"A64..64",1,20,2023
"A64..64",3,21,2023
"A64..64",4,22,2023
"A64..64",1,23,2023
"A64..64",5,24,2023
"A64..64",8,25,2023
"A64..64",2,26,2023
"A64..64",3,27,2023
"A64..64",2,28,2023
"A64..64",4,29,2023
"A64..64",2,30,2023
"A64..64",3,31,2023
"A64..64",4,32,2023
"A64..64",7,33,2023
"A64..64",2,34,2023
"A64..64",3,35,2023
"A64..64",1,36,2023
"A64..64",4,37,2023
"A64..64",4,38,2023
"A64..64",7,39,2023
"A64..64",4,40,2023
"A64..64",6,41,2023
"A64..64",4,42,2023
"A64..64",1,43,2023
"A64..64",1,44,2023
"A64..64",NA,45,2023
"A64..64",2,46,2023
"A64..64",NA,47,2023
"A64..64",2,48,2023
"A64..64",5,49,2023
"A64..64",4,50,2023
"A64..64",4,51,2023
"A64..64",1,52,2023
"A65..65",2,1,2023
"A65..65",2,2,2023
"A65..65",3,3,2023
"A65..65",NA,4,2023
"A65..65",2,5,2023
"A65..65",3,6,2023
"A65..65",NA,7,2023
"A65..65",NA,8,2023
"A65..65",1,9,2023
"A65..65",1,10,2023
"A65..65",2,11,2023
"A65..65",2,12,2023
"A65..65",2,13,2023
"A65..65",1,14,2023
"A65..65",4,15,2023
"A65..65",2,16,2023
"A65..65",3,17,2023
"A65..65",NA,18,2023
"A65..65",2,19,2023
"A65..65",1,20,2023
"A65..65",7,21,2023
"A65..65",2,22,2023
"A65..65",1,23,2023
"A65..65",2,24,2023
"A65..65",2,25,2023
"A65..65",4,26,2023
"A65..65",2,27,2023
"A65..65",5,28,2023
"A65..65",2,29,2023
"A65..65",2,30,2023
"A65..65",4,31,2023
"A65..65",2,32,2023
"A65..65",2,33,2023
"A65..65",3,34,2023
"A65..65",8,35,2023
"A65..65",4,36,2023
"A65..65",8,37,2023
"A65..65",4,38,2023
"A65..65",3,39,2023
"A65..65",2,40,2023
"A65..65",2,41,2023
"A65..65",NA,42,2023
"A65..65",1,43,2023
"A65..65",3,44,2023
"A65..65",2,45,2023
"A65..65",2,46,2023
"A65..65",2,47,2023
"A65..65",3,48,2023
"A65..65",2,49,2023
"A65..65",3,50,2023
"A65..65",1,51,2023
"A65..65",NA,52,2023
"A66..66",2,1,2023
"A66..66",2,2,2023
"A66..66",2,3,2023
"A66..66",NA,4,2023
"A66..66",1,5,2023
"A66..66",1,6,2023
"A66..66",1,7,2023
"A66..66",2,8,2023
"A66..66",1,9,2023
"A66..66",NA,10,2023
"A66..66",1,11,2023
"A66..66",2,12,2023
"A66..66",2,13,2023
"A66..66",1,14,2023
"A66..66",1,15,2023
"A66..66",NA,16,2023
"A66..66",NA,17,2023
"A66..66",1,18,2023
"A66..66",NA,19,2023
"A66..66",NA,20,2023
"A66..66",4,21,2023
"A66..66",4,22,2023
"A66..66",2,23,2023
"A66..66",4,24,2023
"A66..66",4,25,2023
"A66..66",3,26,2023
"A66..66",5,27,2023
"A66..66",5,28,2023
"A66..66",3,29,2023
"A66..66",3,30,2023
"A66..66",2,31,2023
"A66..66",2,32,2023
"A66..66",3,33,2023
"A66..66",5,34,2023
"A66..66",3,35,2023
"A66..66",5,36,2023
"A66..66",2,37,2023
"A66..66",8,38,2023
"A66..66",3,39,2023
"A66..66",NA,40,2023
"A66..66",3,41,2023
"A66..66",10,42,2023
"A66..66",3,43,2023
"A66..66",3,44,2023
"A66..66",3,45,2023
"A66..66",5,46,2023
"A66..66",2,47,2023
"A66..66",1,48,2023
"A66..66",1,49,2023
"A66..66",1,50,2023
"A66..66",2,51,2023
"A66..66",2,52,2023
"A67..67",1,1,2023
"A67..67",2,2,2023
"A67..67",1,3,2023
"A67..67",2,4,2023
"A67..67",1,5,2023
"A67..67",3,6,2023
"A67..67",2,7,2023
"A67..67",1,8,2023
"A67..67",2,9,2023
"A67..67",2,10,2023
"A67..67",2,11,2023
"A67..67",1,12,2023
"A67..67",9,13,2023
"A67..67",NA,14,2023
"A67..67",1,15,2023
"A67..67",2,16,2023
"A67..67",2,17,2023
"A67..67",3,18,2023
"A67..67",2,19,2023
"A67..67",NA,20,2023
"A67..67",4,21,2023
"A67..67",1,22,2023
"A67..67",2,23,2023
"A67..67",2,24,2023
"A67..67",1,25,2023
"A67..67",3,26,2023
"A67..67",4,27,2023
"A67..67",1,28,2023
"A67..67",5,29,2023
"A67..67",3,30,2023
"A67..67",5,31,2023
"A67..67",3,32,2023
"A67..67",5,33,2023
"A67..67",4,34,2023
"A67..67",4,35,2023
"A67..67",3,36,2023
"A67..67",2,37,2023
"A67..67",6,38,2023
"A67..67",3,39,2023
"A67..67",3,40,2023
"A67..67",1,41,2023
"A67..67",6,42,2023
"A67..67",3,43,2023
"A67..67",NA,44,2023
"A67..67",4,45,2023
"A67..67",2,46,2023
"A67..67",1,47,2023
"A67..67",1,48,2023
"A67..67",3,49,2023
"A67..67",1,50,2023
"A67..67",2,51,2023
"A67..67",2,52,2023
"A68..68",3,1,2023
"A68..68",NA,2,2023
"A68..68",NA,3,2023
"A68..68",4,4,2023
"A68..68",7,5,2023
"A68..68",NA,6,2023
"A68..68",NA,7,2023
"A68..68",1,8,2023
"A68..68",1,9,2023
"A68..68",NA,10,2023
"A68..68",3,11,2023
"A68..68",4,12,2023
"A68..68",2,13,2023
"A68..68",1,14,2023
"A68..68",2,15,2023
"A68..68",3,16,2023
"A68..68",NA,17,2023
"A68..68",NA,18,2023
"A68..68",2,19,2023
"A68..68",4,20,2023
"A68..68",2,21,2023
"A68..68",1,22,2023
"A68..68",4,23,2023
"A68..68",5,24,2023
"A68..68",3,25,2023
"A68..68",6,26,2023
"A68..68",NA,27,2023
"A68..68",1,28,2023
"A68..68",4,29,2023
"A68..68",5,30,2023
"A68..68",5,31,2023
"A68..68",1,32,2023
"A68..68",4,33,2023
"A68..68",2,34,2023
"A68..68",4,35,2023
"A68..68",5,36,2023
"A68..68",8,37,2023
"A68..68",4,38,2023
"A68..68",1,39,2023
"A68..68",9,40,2023
"A68..68",2,41,2023
"A68..68",1,42,2023
"A68..68",2,43,2023
"A68..68",3,44,2023
"A68..68",5,45,2023
"A68..68",4,46,2023
"A68..68",2,47,2023
"A68..68",4,48,2023
"A68..68",NA,49,2023
"A68..68",3,50,2023
"A68..68",1,51,2023
"A68..68",1,52,2023
"A69..69",1,1,2023
"A69..69",3,2,2023
"A69..69",2,3,2023
"A69..69",NA,4,2023
"A69..69",2,5,2023
"A69..69",2,6,2023
"A69..69",5,7,2023
"A69..69",2,8,2023
"A69..69",2,9,2023
"A69..69",1,10,2023
"A69..69",2,11,2023
"A69..69",2,12,2023
"A69..69",NA,13,2023
"A69..69",5,14,2023
"A69..69",2,15,2023
"A69..69",NA,16,2023
"A69..69",1,17,2023
"A69..69",2,18,2023
"A69..69",3,19,2023
"A69..69",3,20,2023
"A69..69",2,21,2023
"A69..69",1,22,2023
"A69..69",4,23,2023
"A69..69",3,24,2023
"A69..69",3,25,2023
"A69..69",3,26,2023
"A69..69",2,27,2023
"A69..69",2,28,2023
"A69..69",3,29,2023
"A69..69",1,30,2023
"A69..69",5,31,2023
"A69..69",3,32,2023
"A69..69",3,33,2023
"A69..69",2,34,2023
"A69..69",4,35,2023
"A69..69",7,36,2023
"A69..69",5,37,2023
"A69..69",7,38,2023
"A69..69",5,39,2023
"A69..69",5,40,2023
"A69..69",NA,41,2023
"A69..69",2,42,2023
"A69..69",2,43,2023
"A69..69",5,44,2023
"A69..69",1,45,2023
"A69..69",4,46,2023
"A69..69",1,47,2023
"A69..69",1,48,2023
"A69..69",NA,49,2023
"A69..69",3,50,2023
"A69..69",NA,51,2023
"A69..69",3,52,2023
"A70..70",2,1,2023
"A70..70",NA,2,2023
"A70..70",2,3,2023
"A70..70",1,4,2023
"A70..70",NA,5,2023
"A70..70",2,6,2023
"A70..70",4,7,2023
"A70..70",2,8,2023
"A70..70",3,9,2023
"A70..70",2,10,2023
"A70..70",3,11,2023
"A70..70",3,12,2023
"A70..70",NA,13,2023
"A70..70",2,14,2023
"A70..70",2,15,2023
"A70..70",NA,16,2023
"A70..70",NA,17,2023
"A70..70",NA,18,2023
"A70..70",3,19,2023
"A70..70",1,20,2023
"A70..70",NA,21,2023
"A70..70",NA,22,2023
"A70..70",3,23,2023
"A70..70",2,24,2023
"A70..70",3,25,2023
"A70..70",NA,26,2023
"A70..70",3,27,2023
"A70..70",3,28,2023
"A70..70",7,29,2023
"A70..70",4,30,2023
"A70..70",6,31,2023
"A70..70",1,32,2023
"A70..70",1,33,2023
"A70..70",5,34,2023
"A70..70",3,35,2023
"A70..70",3,36,2023
"A70..70",3,37,2023
"A70..70",2,38,2023
"A70..70",2,39,2023
"A70..70",1,40,2023
"A70..70",6,41,2023
"A70..70",1,42,2023
"A70..70",3,43,2023
"A70..70",NA,44,2023
"A70..70",4,45,2023
"A70..70",4,46,2023
"A70..70",3,47,2023
"A70..70",5,48,2023
"A70..70",1,49,2023
"A70..70",3,50,2023
"A70..70",NA,51,2023
"A70..70",NA,52,2023
"A71..71",1,1,2023
"A71..71",NA,2,2023
"A71..71",3,3,2023
"A71..71",3,4,2023
"A71..71",NA,5,2023
"A71..71",3,6,2023
"A71..71",2,7,2023
"A71..71",2,8,2023
"A71..71",2,9,2023
"A71..71",1,10,2023
"A71..71",2,11,2023
"A71..71",1,12,2023
"A71..71",2,13,2023
"A71..71",1,14,2023
"A71..71",3,15,2023
"A71..71",3,16,2023
"A71..71",2,17,2023
"A71..71",1,18,2023
"A71..71",1,19,2023
"A71..71",2,20,2023
"A71..71",2,21,2023
"A71..71",1,22,2023
"A71..71",1,23,2023
"A71..71",4,24,2023
"A71..71",2,25,2023
"A71..71",2,26,2023
"A71..71",1,27,2023
"A71..71",5,28,2023
"A71..71",2,29,2023
"A71..71",4,30,2023
"A71..71",2,31,2023
"A71..71",3,32,2023
"A71..71",5,33,2023
"A71..71",2,34,2023
"A71..71",4,35,2023
"A71..71",7,36,2023
"A71..71",2,37,2023
"A71..71",3,38,2023
"A71..71",4,39,2023
"A71..71",1,40,2023
"A71..71",4,41,2023
"A71..71",5,42,2023
"A71..71",3,43,2023
"A71..71",3,44,2023
"A71..71",1,45,2023
"A71..71",3,46,2023
"A71..71",4,47,2023
"A71..71",2,48,2023
"A71..71",2,49,2023
"A71..71",4,50,2023
"A71..71",1,51,2023
"A71..71",2,52,2023
"A72..72",4,1,2023
"A72..72",3,2,2023
"A72..72",NA,3,2023
"A72..72",1,4,2023
"A72..72",3,5,2023
"A72..72",5,6,2023
"A72..72",2,7,2023
"A72..72",1,8,2023
"A72..72",1,9,2023
"A72..72",1,10,2023
"A72..72",1,11,2023
"A72..72",2,12,2023
"A72..72",2,13,2023
"A72..72",3,14,2023
"A72..72",NA,15,2023
"A72..72",2,16,2023
"A72..72",NA,17,2023
"A72..72",1,18,2023
"A72..72",2,19,2023
"A72..72",2,20,2023
"A72..72",1,21,2023
"A72..72",3,22,2023
"A72..72",1,23,2023
"A72..72",3,24,2023
"A72..72",2,25,2023
"A72..72",3,26,2023
"A72..72",2,27,2023
"A72..72",4,28,2023
"A72..72",3,29,2023
"A72..72",4,30,2023
"A72..72",3,31,2023
"A72..72",2,32,2023
"A72..72",1,33,2023
"A72..72",3,34,2023
"A72..72",9,35,2023
"A72..72",3,36,2023
"A72..72",2,37,2023
"A72..72",5,38,2023
"A72..72",3,39,2023
"A72..72",1,40,2023
"A72..72",NA,41,2023
"A72..72",1,42,2023
"A72..72",5,43,2023
"A72..72",1,44,2023
"A72..72",3,45,2023
"A72..72",4,46,2023
"A72..72",3,47,2023
"A72..72",1,48,2023
"A72..72",3,49,2023
"A72..72",1,50,2023
"A72..72",3,51,2023
"A72..72",1,52,2023
"A73..73",3,1,2023
"A73..73",1,2,2023
"A73..73",2,3,2023
"A73..73",1,4,2023
"A73..73",1,5,2023
"A73..73",2,6,2023
"A73..73",3,7,2023
"A73..73",1,8,2023
"A73..73",2,9,2023
"A73..73",3,10,2023
"A73..73",2,11,2023
"A73..73",1,12,2023
"A73..73",3,13,2023
"A73..73",3,14,2023
"A73..73",1,15,2023
"A73..73",3,16,2023
"A73..73",2,17,2023
"A73..73",2,18,2023
"A73..73",7,19,2023
"A73..73",2,20,2023
"A73..73",3,21,2023
"A73..73",NA,22,2023
"A73..73",4,23,2023
"A73..73",NA,24,2023
"A73..73",2,25,2023
"A73..73",4,26,2023
"A73..73",4,27,2023
"A73..73",3,28,2023
"A73..73",2,29,2023
"A73..73",2,30,2023
"A73..73",2,31,2023
"A73..73",5,32,2023
"A73..73",2,33,2023
"A73..73",3,34,2023
"A73..73",1,35,2023
"A73..73",4,36,2023
"A73..73",6,37,2023
"A73..73",4,38,2023
"A73..73",6,39,2023
"A73..73",3,40,2023
"A73..73",5,41,2023
"A73..73",7,42,2023
"A73..73",6,43,2023
"A73..73",4,44,2023
"A73..73",5,45,2023
"A73..73",6,46,2023
"A73..73",2,47,2023
"A73..73",2,48,2023
"A73..73",1,49,2023
"A73..73",NA,50,2023
"A73..73",1,51,2023
"A73..73",4,52,2023
"A74..74",NA,1,2023
"A74..74",1,2,2023
"A74..74",2,3,2023
"A74..74",3,4,2023
"A74..74",3,5,2023
"A74..74",NA,6,2023
"A74..74",NA,7,2023
"A74..74",1,8,2023
"A74..74",1,9,2023
"A74..74",1,10,2023
"A74..74",1,11,2023
"A74..74",1,12,2023
"A74..74",1,13,2023
"A74..74",4,14,2023
"A74..74",NA,15,2023
"A74..74",2,16,2023
"A74..74",2,17,2023
"A74..74",1,18,2023
"A74..74",3,19,2023
"A74..74",2,20,2023
"A74..74",1,21,2023
"A74..74",2,22,2023
"A74..74",1,23,2023
"A74..74",NA,24,2023
"A74..74",4,25,2023
"A74..74",2,26,2023
"A74..74",NA,27,2023
"A74..74",2,28,2023
"A74..74",2,29,2023
"A74..74",NA,30,2023
"A74..74",3,31,2023
"A74..74",3,32,2023
"A74..74",4,33,2023
"A74..74",7,34,2023
"A74..74",1,35,2023
"A74..74",2,36,2023
"A74..74",1,37,2023
"A74..74",2,38,2023
"A74..74",5,39,2023
"A74..74",1,40,2023
"A74..74",3,41,2023
"A74..74",3,42,2023
"A74..74",4,43,2023
"A74..74",3,44,2023
"A74..74",5,45,2023
"A74..74",3,46,2023
"A74..74",1,47,2023
"A74..74",1,48,2023
"A74..74",3,49,2023
"A74..74",NA,50,2023
"A74..74",3,51,2023
"A74..74",2,52,2023
"A75..75",2,1,2023
"A75..75",3,2,2023
"A75..75",NA,3,2023
"A75..75",1,4,2023
"A75..75",NA,5,2023
"A75..75",1,6,2023
"A75..75",2,7,2023
"A75..75",1,8,2023
"A75..75",3,9,2023
"A75..75",NA,10,2023
"A75..75",NA,11,2023
"A75..75",1,12,2023
"A75..75",NA,13,2023
"A75..75",2,14,2023
"A75..75",2,15,2023
"A75..75",1,16,2023
"A75..75",2,17,2023
"A75..75",NA,18,2023
"A75..75",5,19,2023
"A75..75",2,20,2023
"A75..75",1,21,2023
"A75..75",NA,22,2023
"A75..75",2,23,2023
"A75..75",6,24,2023
"A75..75",4,25,2023
"A75..75",NA,26,2023
"A75..75",3,27,2023
"A75..75",5,28,2023
"A75..75",NA,29,2023
"A75..75",2,30,2023
"A75..75",2,31,2023
"A75..75",4,32,2023
"A75..75",4,33,2023
"A75..75",2,34,2023
"A75..75",2,35,2023
"A75..75",1,36,2023
"A75..75",7,37,2023
"A75..75",2,38,2023
"A75..75",2,39,2023
"A75..75",4,40,2023
"A75..75",5,41,2023
"A75..75",1,42,2023
"A75..75",2,43,2023
"A75..75",2,44,2023
"A75..75",3,45,2023
"A75..75",3,46,2023
"A75..75",3,47,2023
"A75..75",NA,48,2023
"A75..75",NA,49,2023
"A75..75",2,50,2023
"A75..75",5,51,2023
"A75..75",NA,52,2023
"A76..76",NA,1,2023
"A76..76",1,2,2023
"A76..76",2,3,2023
"A76..76",3,4,2023
"A76..76",1,5,2023
"A76..76",3,6,2023
"A76..76",2,7,2023
"A76..76",NA,8,2023
"A76..76",1,9,2023
"A76..76",1,10,2023
"A76..76",NA,11,2023
"A76..76",3,12,2023
"A76..76",4,13,2023
"A76..76",1,14,2023
"A76..76",NA,15,2023
"A76..76",NA,16,2023
"A76..76",1,17,2023
"A76..76",NA,18,2023
"A76..76",1,19,2023
"A76..76",NA,20,2023
"A76..76",1,21,2023
"A76..76",1,22,2023
"A76..76",1,23,2023
"A76..76",NA,24,2023
"A76..76",4,25,2023
"A76..76",2,26,2023
"A76..76",NA,27,2023
"A76..76",1,28,2023
"A76..76",2,29,2023
"A76..76",4,30,2023
"A76..76",2,31,2023
"A76..76",1,32,2023
"A76..76",3,33,2023
"A76..76",1,34,2023
"A76..76",3,35,2023
"A76..76",2,36,2023
"A76..76",3,37,2023
"A76..76",4,38,2023
"A76..76",2,39,2023
"A76..76",2,40,2023
"A76..76",4,41,2023
"A76..76",3,42,2023
"A76..76",3,43,2023
"A76..76",NA,44,2023
"A76..76",2,45,2023
"A76..76",2,46,2023
"A76..76",1,47,2023
"A76..76",2,48,2023
"A76..76",1,49,2023
"A76..76",2,50,2023
"A76..76",NA,51,2023
"A76..76",2,52,2023
"A77..77",1,1,2023
"A77..77",1,2,2023
"A77..77",2,3,2023
"A77..77",NA,4,2023
"A77..77",3,5,2023
"A77..77",2,6,2023
"A77..77",NA,7,2023
"A77..77",NA,8,2023
"A77..77",1,9,2023
"A77..77",1,10,2023
"A77..77",1,11,2023
"A77..77",NA,12,2023
"A77..77",NA,13,2023
"A77..77",2,14,2023
"A77..77",1,15,2023
"A77..77",2,16,2023
"A77..77",1,17,2023
"A77..77",1,18,2023
"A77..77",4,19,2023
"A77..77",3,20,2023
"A77..77",1,21,2023
"A77..77",1,22,2023
"A77..77",1,23,2023
"A77..77",NA,24,2023
"A77..77",3,25,2023
"A77..77",NA,26,2023
"A77..77",2,27,2023
"A77..77",1,28,2023
"A77..77",3,29,2023
"A77..77",NA,30,2023
"A77..77",5,31,2023
"A77..77",NA,32,2023
"A77..77",5,33,2023
"A77..77",1,34,2023
"A77..77",2,35,2023
"A77..77",2,36,2023
"A77..77",3,37,2023
"A77..77",2,38,2023
"A77..77",NA,39,2023
"A77..77",4,40,2023
"A77..77",1,41,2023
"A77..77",1,42,2023
"A77..77",4,43,2023
"A77..77",1,44,2023
"A77..77",NA,45,2023
"A77..77",4,46,2023
"A77..77",4,47,2023
"A77..77",3,48,2023
"A77..77",4,49,2023
"A77..77",3,50,2023
"A77..77",1,51,2023
"A77..77",1,52,2023
"A78..78",3,1,2023
"A78..78",2,2,2023
"A78..78",NA,3,2023
"A78..78",1,4,2023
"A78..78",3,5,2023
"A78..78",3,6,2023
"A78..78",1,7,2023
"A78..78",1,8,2023
"A78..78",2,9,2023
"A78..78",2,10,2023
"A78..78",4,11,2023
"A78..78",2,12,2023
"A78..78",3,13,2023
"A78..78",NA,14,2023
"A78..78",2,15,2023
"A78..78",NA,16,2023
"A78..78",4,17,2023
"A78..78",3,18,2023
"A78..78",NA,19,2023
"A78..78",2,20,2023
"A78..78",4,21,2023
"A78..78",2,22,2023
"A78..78",2,23,2023
"A78..78",2,24,2023
"A78..78",NA,25,2023
"A78..78",2,26,2023
"A78..78",NA,27,2023
"A78..78",2,28,2023
"A78..78",4,29,2023
"A78..78",4,30,2023
"A78..78",4,31,2023
"A78..78",NA,32,2023
"A78..78",NA,33,2023
"A78..78",3,34,2023
"A78..78",3,35,2023
"A78..78",1,36,2023
"A78..78",3,37,2023
"A78..78",1,38,2023
"A78..78",1,39,2023
"A78..78",1,40,2023
"A78..78",2,41,2023
"A78..78",2,42,2023
"A78..78",2,43,2023
"A78..78",NA,44,2023
"A78..78",3,45,2023
"A78..78",4,46,2023
"A78..78",NA,47,2023
"A78..78",2,48,2023
"A78..78",2,49,2023
"A78..78",1,50,2023
"A78..78",2,51,2023
"A78..78",1,52,2023
"A79..79",4,1,2023
"A79..79",2,2,2023
"A79..79",2,3,2023
"A79..79",1,4,2023
"A79..79",1,5,2023
"A79..79",3,6,2023
"A79..79",1,7,2023
"A79..79",NA,8,2023
"A79..79",4,9,2023
"A79..79",3,10,2023
"A79..79",NA,11,2023
"A79..79",1,12,2023
"A79..79",NA,13,2023
"A79..79",1,14,2023
"A79..79",1,15,2023
"A79..79",4,16,2023
"A79..79",5,17,2023
"A79..79",2,18,2023
"A79..79",NA,19,2023
"A79..79",2,20,2023
"A79..79",NA,21,2023
"A79..79",3,22,2023
"A79..79",1,23,2023
"A79..79",NA,24,2023
"A79..79",2,25,2023
"A79..79",2,26,2023
"A79..79",2,27,2023
"A79..79",NA,28,2023
"A79..79",1,29,2023
"A79..79",3,30,2023
"A79..79",3,31,2023
"A79..79",4,32,2023
"A79..79",1,33,2023
"A79..79",4,34,2023
"A79..79",3,35,2023
"A79..79",3,36,2023
"A79..79",2,37,2023
"A79..79",3,38,2023
"A79..79",2,39,2023
"A79..79",3,40,2023
"A79..79",3,41,2023
"A79..79",1,42,2023
"A79..79",NA,43,2023
"A79..79",1,44,2023
"A79..79",1,45,2023
"A79..79",1,46,2023
"A79..79",1,47,2023
"A79..79",2,48,2023
"A79..79",1,49,2023
"A79..79",NA,50,2023
"A79..79",1,51,2023
"A79..79",NA,52,2023
"A80.",15,1,2023
"A80.",36,2,2023
"A80.",27,3,2023
"A80.",13,4,2023
"A80.",18,5,2023
"A80.",10,6,2023
"A80.",18,7,2023
"A80.",9,8,2023
"A80.",16,9,2023
"A80.",21,10,2023
"A80.",11,11,2023
"A80.",7,12,2023
"A80.",10,13,2023
"A80.",25,14,2023
"A80.",13,15,2023
"A80.",16,16,2023
"A80.",12,17,2023
"A80.",14,18,2023
"A80.",16,19,2023
"A80.",11,20,2023
"A80.",18,21,2023
"A80.",16,22,2023
"A80.",14,23,2023
"A80.",16,24,2023
"A80.",17,25,2023
"A80.",17,26,2023
"A80.",29,27,2023
"A80.",15,28,2023
"A80.",20,29,2023
"A80.",22,30,2023
"A80.",18,31,2023
"A80.",14,32,2023
"A80.",20,33,2023
"A80.",24,34,2023
"A80.",26,35,2023
"A80.",30,36,2023
"A80.",29,37,2023
"A80.",19,38,2023
"A80.",27,39,2023
"A80.",19,40,2023
"A80.",28,41,2023
"A80.",23,42,2023
"A80.",17,43,2023
"A80.",21,44,2023
"A80.",17,45,2023
"A80.",19,46,2023
"A80.",21,47,2023
"A80.",18,48,2023
"A80.",15,49,2023
"A80.",14,50,2023
"A80.",18,51,2023
"A80.",11,52,2023
"Unbekannt",NA,1,2023
"Unbekannt",NA,2,2023
"Unbekannt",NA,3,2023
"Unbekannt",NA,4,2023
"Unbekannt",NA,5,2023
"Unbekannt",NA,6,2023
"Unbekannt",NA,7,2023
"Unbekannt",NA,8,2023
"Unbekannt",NA,9,2023
"Unbekannt",NA,10,2023
"Unbekannt",NA,11,2023
"Unbekannt",NA,12,2023
"Unbekannt",NA,13,2023
"Unbekannt",NA,14,2023
"Unbekannt",NA,15,2023
"Unbekannt",NA,16,2023
"Unbekannt",NA,17,2023
"Unbekannt",NA,18,2023
"Unbekannt",NA,19,2023
"Unbekannt",1,20,2023
"Unbekannt",NA,21,2023
"Unbekannt",NA,22,2023
"Unbekannt",NA,23,2023
"Unbekannt",1,24,2023
"Unbekannt",NA,25,2023
"Unbekannt",NA,26,2023
"Unbekannt",NA,27,2023
"Unbekannt",1,28,2023
"Unbekannt",NA,29,2023
"Unbekannt",NA,30,2023
"Unbekannt",NA,31,2023
"Unbekannt",1,32,2023
"Unbekannt",NA,33,2023
"Unbekannt",1,34,2023
"Unbekannt",NA,35,2023
"Unbekannt",NA,36,2023
"Unbekannt",1,37,2023
"Unbekannt",1,38,2023
"Unbekannt",NA,39,2023
"Unbekannt",NA,40,2023
"Unbekannt",NA,41,2023
"Unbekannt",NA,42,2023
"Unbekannt",NA,43,2023
"Unbekannt",NA,44,2023
"Unbekannt",NA,45,2023
"Unbekannt",NA,46,2023
"Unbekannt",NA,47,2023
"Unbekannt",NA,48,2023
"Unbekannt",NA,49,2023
"Unbekannt",NA,50,2023
"Unbekannt",NA,51,2023
"Unbekannt",NA,52,2023
