"stratum","value","week","year"
"Baden.WÃ.rttemberg",12,1,2026
"Baden.WÃ.rttemberg",10,2,2026
"Baden.WÃ.rttemberg",21,3,2026
"Baden.WÃ.rttemberg",21,4,2026
"Baden.WÃ.rttemberg",24,5,2026
"Baden.WÃ.rttemberg",20,6,2026
"Baden.WÃ.rttemberg",24,7,2026
"Baden.WÃ.rttemberg",21,8,2026
"Baden.WÃ.rttemberg",21,9,2026
"Baden.WÃ.rttemberg",16,10,2026
"Baden.WÃ.rttemberg",18,11,2026
"Baden.WÃ.rttemberg",22,12,2026
"Baden.WÃ.rttemberg",21,13,2026
"Baden.WÃ.rttemberg",16,14,2026
"Baden.WÃ.rttemberg",21,15,2026
"Baden.WÃ.rttemberg",20,16,2026
"Baden.WÃ.rttemberg",24,17,2026
"Baden.WÃ.rttemberg",6,18,2026
"Bayern",17,1,2026
"Bayern",22,2,2026
"Bayern",34,3,2026
"Bayern",25,4,2026
"Bayern",19,5,2026
"Bayern",30,6,2026
"Bayern",30,7,2026
"Bayern",27,8,2026
"Bayern",32,9,2026
"Bayern",37,10,2026
"Bayern",42,11,2026
"Bayern",26,12,2026
"Bayern",34,13,2026
"Bayern",19,14,2026
"Bayern",21,15,2026
"Bayern",40,16,2026
"Bayern",31,17,2026
"Bayern",16,18,2026
"Berlin",2,1,2026
"Berlin",7,2,2026
"Berlin",3,3,2026
"Berlin",3,4,2026
"Berlin",3,5,2026
"Berlin",8,6,2026
"Berlin",6,7,2026
"Berlin",9,8,2026
"Berlin",11,9,2026
"Berlin",8,10,2026
"Berlin",7,11,2026
"Berlin",8,12,2026
"Berlin",9,13,2026
"Berlin",6,14,2026
"Berlin",5,15,2026
"Berlin",10,16,2026
"Berlin",11,17,2026
"Berlin",5,18,2026
"Brandenburg",NA,1,2026
"Brandenburg",7,2,2026
"Brandenburg",3,3,2026
"Brandenburg",3,4,2026
"Brandenburg",6,5,2026
"Brandenburg",5,6,2026
"Brandenburg",5,7,2026
"Brandenburg",9,8,2026
"Brandenburg",8,9,2026
"Brandenburg",8,10,2026
"Brandenburg",NA,11,2026
"Brandenburg",5,12,2026
"Brandenburg",7,13,2026
"Brandenburg",6,14,2026
"Brandenburg",7,15,2026
"Brandenburg",5,16,2026
"Brandenburg",6,17,2026
"Brandenburg",3,18,2026
"Bremen",NA,1,2026
"Bremen",NA,2,2026
"Bremen",1,3,2026
"Bremen",1,4,2026
"Bremen",1,5,2026
"Bremen",NA,6,2026
"Bremen",1,7,2026
"Bremen",1,8,2026
"Bremen",1,9,2026
"Bremen",NA,10,2026
"Bremen",1,11,2026
"Bremen",NA,12,2026
"Bremen",2,13,2026
"Bremen",NA,14,2026
"Bremen",NA,15,2026
"Bremen",1,16,2026
"Bremen",NA,17,2026
"Bremen",1,18,2026
"Hamburg",1,1,2026
"Hamburg",4,2,2026
"Hamburg",NA,3,2026
"Hamburg",2,4,2026
"Hamburg",2,5,2026
"Hamburg",5,6,2026
"Hamburg",NA,7,2026
"Hamburg",2,8,2026
"Hamburg",3,9,2026
"Hamburg",5,10,2026
"Hamburg",4,11,2026
"Hamburg",1,12,2026
"Hamburg",8,13,2026
"Hamburg",2,14,2026
"Hamburg",2,15,2026
"Hamburg",5,16,2026
"Hamburg",3,17,2026
"Hamburg",1,18,2026
"Hessen",9,1,2026
"Hessen",9,2,2026
"Hessen",15,3,2026
"Hessen",15,4,2026
"Hessen",16,5,2026
"Hessen",8,6,2026
"Hessen",15,7,2026
"Hessen",13,8,2026
"Hessen",16,9,2026
"Hessen",9,10,2026
"Hessen",17,11,2026
"Hessen",12,12,2026
"Hessen",21,13,2026
"Hessen",9,14,2026
"Hessen",7,15,2026
"Hessen",22,16,2026
"Hessen",17,17,2026
"Hessen",4,18,2026
"Mecklenburg.Vorpommern",5,1,2026
"Mecklenburg.Vorpommern",4,2,2026
"Mecklenburg.Vorpommern",5,3,2026
"Mecklenburg.Vorpommern",7,4,2026
"Mecklenburg.Vorpommern",4,5,2026
"Mecklenburg.Vorpommern",3,6,2026
"Mecklenburg.Vorpommern",2,7,2026
"Mecklenburg.Vorpommern",5,8,2026
"Mecklenburg.Vorpommern",12,9,2026
"Mecklenburg.Vorpommern",4,10,2026
"Mecklenburg.Vorpommern",4,11,2026
"Mecklenburg.Vorpommern",3,12,2026
"Mecklenburg.Vorpommern",3,13,2026
"Mecklenburg.Vorpommern",2,14,2026
"Mecklenburg.Vorpommern",3,15,2026
"Mecklenburg.Vorpommern",7,16,2026
"Mecklenburg.Vorpommern",6,17,2026
"Mecklenburg.Vorpommern",1,18,2026
"Niedersachsen",10,1,2026
"Niedersachsen",25,2,2026
"Niedersachsen",18,3,2026
"Niedersachsen",15,4,2026
"Niedersachsen",17,5,2026
"Niedersachsen",18,6,2026
"Niedersachsen",15,7,2026
"Niedersachsen",13,8,2026
"Niedersachsen",16,9,2026
"Niedersachsen",25,10,2026
"Niedersachsen",23,11,2026
"Niedersachsen",12,12,2026
"Niedersachsen",11,13,2026
"Niedersachsen",15,14,2026
"Niedersachsen",11,15,2026
"Niedersachsen",20,16,2026
"Niedersachsen",23,17,2026
"Niedersachsen",8,18,2026
"Nordrhein.Westfalen",17,1,2026
"Nordrhein.Westfalen",21,2,2026
"Nordrhein.Westfalen",29,3,2026
"Nordrhein.Westfalen",28,4,2026
"Nordrhein.Westfalen",28,5,2026
"Nordrhein.Westfalen",33,6,2026
"Nordrhein.Westfalen",37,7,2026
"Nordrhein.Westfalen",25,8,2026
"Nordrhein.Westfalen",48,9,2026
"Nordrhein.Westfalen",50,10,2026
"Nordrhein.Westfalen",38,11,2026
"Nordrhein.Westfalen",36,12,2026
"Nordrhein.Westfalen",27,13,2026
"Nordrhein.Westfalen",29,14,2026
"Nordrhein.Westfalen",32,15,2026
"Nordrhein.Westfalen",44,16,2026
"Nordrhein.Westfalen",47,17,2026
"Nordrhein.Westfalen",10,18,2026
"Rheinland.Pfalz",4,1,2026
"Rheinland.Pfalz",10,2,2026
"Rheinland.Pfalz",9,3,2026
"Rheinland.Pfalz",6,4,2026
"Rheinland.Pfalz",10,5,2026
"Rheinland.Pfalz",14,6,2026
"Rheinland.Pfalz",12,7,2026
"Rheinland.Pfalz",13,8,2026
"Rheinland.Pfalz",7,9,2026
"Rheinland.Pfalz",8,10,2026
"Rheinland.Pfalz",10,11,2026
"Rheinland.Pfalz",22,12,2026
"Rheinland.Pfalz",10,13,2026
"Rheinland.Pfalz",8,14,2026
"Rheinland.Pfalz",4,15,2026
"Rheinland.Pfalz",6,16,2026
"Rheinland.Pfalz",12,17,2026
"Rheinland.Pfalz",1,18,2026
"Saarland",NA,1,2026
"Saarland",3,2,2026
"Saarland",NA,3,2026
"Saarland",NA,4,2026
"Saarland",3,5,2026
"Saarland",2,6,2026
"Saarland",1,7,2026
"Saarland",1,8,2026
"Saarland",4,9,2026
"Saarland",NA,10,2026
"Saarland",NA,11,2026
"Saarland",5,12,2026
"Saarland",4,13,2026
"Saarland",3,14,2026
"Saarland",2,15,2026
"Saarland",1,16,2026
"Saarland",3,17,2026
"Saarland",NA,18,2026
"Sachsen",4,1,2026
"Sachsen",9,2,2026
"Sachsen",5,3,2026
"Sachsen",9,4,2026
"Sachsen",13,5,2026
"Sachsen",7,6,2026
"Sachsen",13,7,2026
"Sachsen",7,8,2026
"Sachsen",25,9,2026
"Sachsen",20,10,2026
"Sachsen",11,11,2026
"Sachsen",8,12,2026
"Sachsen",13,13,2026
"Sachsen",5,14,2026
"Sachsen",8,15,2026
"Sachsen",8,16,2026
"Sachsen",11,17,2026
"Sachsen",3,18,2026
"Sachsen.Anhalt",5,1,2026
"Sachsen.Anhalt",4,2,2026
"Sachsen.Anhalt",5,3,2026
"Sachsen.Anhalt",4,4,2026
"Sachsen.Anhalt",14,5,2026
"Sachsen.Anhalt",2,6,2026
"Sachsen.Anhalt",15,7,2026
"Sachsen.Anhalt",10,8,2026
"Sachsen.Anhalt",11,9,2026
"Sachsen.Anhalt",7,10,2026
"Sachsen.Anhalt",7,11,2026
"Sachsen.Anhalt",7,12,2026
"Sachsen.Anhalt",3,13,2026
"Sachsen.Anhalt",4,14,2026
"Sachsen.Anhalt",13,15,2026
"Sachsen.Anhalt",12,16,2026
"Sachsen.Anhalt",5,17,2026
"Sachsen.Anhalt",1,18,2026
"Schleswig.Holstein",3,1,2026
"Schleswig.Holstein",8,2,2026
"Schleswig.Holstein",6,3,2026
"Schleswig.Holstein",3,4,2026
"Schleswig.Holstein",11,5,2026
"Schleswig.Holstein",5,6,2026
"Schleswig.Holstein",1,7,2026
"Schleswig.Holstein",10,8,2026
"Schleswig.Holstein",4,9,2026
"Schleswig.Holstein",9,10,2026
"Schleswig.Holstein",4,11,2026
"Schleswig.Holstein",3,12,2026
"Schleswig.Holstein",2,13,2026
"Schleswig.Holstein",4,14,2026
"Schleswig.Holstein",4,15,2026
"Schleswig.Holstein",3,16,2026
"Schleswig.Holstein",11,17,2026
"Schleswig.Holstein",1,18,2026
"ThÃ.ringen",8,1,2026
"ThÃ.ringen",16,2,2026
"ThÃ.ringen",10,3,2026
"ThÃ.ringen",12,4,2026
"ThÃ.ringen",21,5,2026
"ThÃ.ringen",38,6,2026
"ThÃ.ringen",19,7,2026
"ThÃ.ringen",19,8,2026
"ThÃ.ringen",9,9,2026
"ThÃ.ringen",21,10,2026
"ThÃ.ringen",20,11,2026
"ThÃ.ringen",19,12,2026
"ThÃ.ringen",9,13,2026
"ThÃ.ringen",5,14,2026
"ThÃ.ringen",8,15,2026
"ThÃ.ringen",8,16,2026
"ThÃ.ringen",15,17,2026
"ThÃ.ringen",1,18,2026
"Baden.WÃ.rttemberg",16,1,2025
"Baden.WÃ.rttemberg",16,2,2025
"Baden.WÃ.rttemberg",11,3,2025
"Baden.WÃ.rttemberg",22,4,2025
"Baden.WÃ.rttemberg",19,5,2025
"Baden.WÃ.rttemberg",20,6,2025
"Baden.WÃ.rttemberg",16,7,2025
"Baden.WÃ.rttemberg",17,8,2025
"Baden.WÃ.rttemberg",20,9,2025
"Baden.WÃ.rttemberg",18,10,2025
"Baden.WÃ.rttemberg",13,11,2025
"Baden.WÃ.rttemberg",28,12,2025
"Baden.WÃ.rttemberg",16,13,2025
"Baden.WÃ.rttemberg",21,14,2025
"Baden.WÃ.rttemberg",21,15,2025
"Baden.WÃ.rttemberg",13,16,2025
"Baden.WÃ.rttemberg",13,17,2025
"Baden.WÃ.rttemberg",24,18,2025
"Baden.WÃ.rttemberg",25,19,2025
"Baden.WÃ.rttemberg",35,20,2025
"Baden.WÃ.rttemberg",32,21,2025
"Baden.WÃ.rttemberg",28,22,2025
"Baden.WÃ.rttemberg",24,23,2025
"Baden.WÃ.rttemberg",21,24,2025
"Baden.WÃ.rttemberg",24,25,2025
"Baden.WÃ.rttemberg",38,26,2025
"Baden.WÃ.rttemberg",48,27,2025
"Baden.WÃ.rttemberg",60,28,2025
"Baden.WÃ.rttemberg",37,29,2025
"Baden.WÃ.rttemberg",34,30,2025
"Baden.WÃ.rttemberg",60,31,2025
"Baden.WÃ.rttemberg",52,32,2025
"Baden.WÃ.rttemberg",44,33,2025
"Baden.WÃ.rttemberg",40,34,2025
"Baden.WÃ.rttemberg",66,35,2025
"Baden.WÃ.rttemberg",65,36,2025
"Baden.WÃ.rttemberg",66,37,2025
"Baden.WÃ.rttemberg",70,38,2025
"Baden.WÃ.rttemberg",76,39,2025
"Baden.WÃ.rttemberg",66,40,2025
"Baden.WÃ.rttemberg",59,41,2025
"Baden.WÃ.rttemberg",37,42,2025
"Baden.WÃ.rttemberg",37,43,2025
"Baden.WÃ.rttemberg",39,44,2025
"Baden.WÃ.rttemberg",37,45,2025
"Baden.WÃ.rttemberg",30,46,2025
"Baden.WÃ.rttemberg",28,47,2025
"Baden.WÃ.rttemberg",34,48,2025
"Baden.WÃ.rttemberg",24,49,2025
"Baden.WÃ.rttemberg",32,50,2025
"Baden.WÃ.rttemberg",18,51,2025
"Baden.WÃ.rttemberg",5,52,2025
"Bayern",8,1,2025
"Bayern",23,2,2025
"Bayern",22,3,2025
"Bayern",25,4,2025
"Bayern",31,5,2025
"Bayern",25,6,2025
"Bayern",13,7,2025
"Bayern",19,8,2025
"Bayern",23,9,2025
"Bayern",25,10,2025
"Bayern",30,11,2025
"Bayern",28,12,2025
"Bayern",30,13,2025
"Bayern",31,14,2025
"Bayern",32,15,2025
"Bayern",25,16,2025
"Bayern",24,17,2025
"Bayern",40,18,2025
"Bayern",49,19,2025
"Bayern",67,20,2025
"Bayern",54,21,2025
"Bayern",31,22,2025
"Bayern",57,23,2025
"Bayern",40,24,2025
"Bayern",51,25,2025
"Bayern",74,26,2025
"Bayern",69,27,2025
"Bayern",65,28,2025
"Bayern",46,29,2025
"Bayern",60,30,2025
"Bayern",45,31,2025
"Bayern",56,32,2025
"Bayern",44,33,2025
"Bayern",71,34,2025
"Bayern",86,35,2025
"Bayern",75,36,2025
"Bayern",100,37,2025
"Bayern",91,38,2025
"Bayern",95,39,2025
"Bayern",48,40,2025
"Bayern",61,41,2025
"Bayern",51,42,2025
"Bayern",41,43,2025
"Bayern",41,44,2025
"Bayern",40,45,2025
"Bayern",34,46,2025
"Bayern",38,47,2025
"Bayern",32,48,2025
"Bayern",33,49,2025
"Bayern",27,50,2025
"Bayern",33,51,2025
"Bayern",13,52,2025
"Berlin",7,1,2025
"Berlin",9,2,2025
"Berlin",8,3,2025
"Berlin",10,4,2025
"Berlin",8,5,2025
"Berlin",4,6,2025
"Berlin",7,7,2025
"Berlin",4,8,2025
"Berlin",6,9,2025
"Berlin",7,10,2025
"Berlin",7,11,2025
"Berlin",4,12,2025
"Berlin",11,13,2025
"Berlin",8,14,2025
"Berlin",6,15,2025
"Berlin",2,16,2025
"Berlin",6,17,2025
"Berlin",12,18,2025
"Berlin",10,19,2025
"Berlin",5,20,2025
"Berlin",11,21,2025
"Berlin",11,22,2025
"Berlin",16,23,2025
"Berlin",6,24,2025
"Berlin",11,25,2025
"Berlin",9,26,2025
"Berlin",5,27,2025
"Berlin",9,28,2025
"Berlin",9,29,2025
"Berlin",4,30,2025
"Berlin",6,31,2025
"Berlin",8,32,2025
"Berlin",10,33,2025
"Berlin",13,34,2025
"Berlin",10,35,2025
"Berlin",10,36,2025
"Berlin",14,37,2025
"Berlin",14,38,2025
"Berlin",11,39,2025
"Berlin",9,40,2025
"Berlin",10,41,2025
"Berlin",9,42,2025
"Berlin",16,43,2025
"Berlin",10,44,2025
"Berlin",19,45,2025
"Berlin",15,46,2025
"Berlin",10,47,2025
"Berlin",15,48,2025
"Berlin",4,49,2025
"Berlin",9,50,2025
"Berlin",4,51,2025
"Berlin",1,52,2025
"Brandenburg",5,1,2025
"Brandenburg",2,2,2025
"Brandenburg",6,3,2025
"Brandenburg",6,4,2025
"Brandenburg",2,5,2025
"Brandenburg",3,6,2025
"Brandenburg",5,7,2025
"Brandenburg",5,8,2025
"Brandenburg",9,9,2025
"Brandenburg",6,10,2025
"Brandenburg",5,11,2025
"Brandenburg",5,12,2025
"Brandenburg",3,13,2025
"Brandenburg",4,14,2025
"Brandenburg",7,15,2025
"Brandenburg",6,16,2025
"Brandenburg",11,17,2025
"Brandenburg",8,18,2025
"Brandenburg",12,19,2025
"Brandenburg",10,20,2025
"Brandenburg",5,21,2025
"Brandenburg",2,22,2025
"Brandenburg",10,23,2025
"Brandenburg",4,24,2025
"Brandenburg",9,25,2025
"Brandenburg",9,26,2025
"Brandenburg",6,27,2025
"Brandenburg",7,28,2025
"Brandenburg",4,29,2025
"Brandenburg",9,30,2025
"Brandenburg",7,31,2025
"Brandenburg",7,32,2025
"Brandenburg",8,33,2025
"Brandenburg",7,34,2025
"Brandenburg",6,35,2025
"Brandenburg",7,36,2025
"Brandenburg",14,37,2025
"Brandenburg",15,38,2025
"Brandenburg",8,39,2025
"Brandenburg",5,40,2025
"Brandenburg",8,41,2025
"Brandenburg",4,42,2025
"Brandenburg",8,43,2025
"Brandenburg",6,44,2025
"Brandenburg",18,45,2025
"Brandenburg",8,46,2025
"Brandenburg",12,47,2025
"Brandenburg",8,48,2025
"Brandenburg",5,49,2025
"Brandenburg",5,50,2025
"Brandenburg",4,51,2025
"Brandenburg",2,52,2025
"Bremen",NA,1,2025
"Bremen",NA,2,2025
"Bremen",1,3,2025
"Bremen",NA,4,2025
"Bremen",2,5,2025
"Bremen",1,6,2025
"Bremen",NA,7,2025
"Bremen",1,8,2025
"Bremen",NA,9,2025
"Bremen",NA,10,2025
"Bremen",1,11,2025
"Bremen",NA,12,2025
"Bremen",3,13,2025
"Bremen",NA,14,2025
"Bremen",2,15,2025
"Bremen",NA,16,2025
"Bremen",1,17,2025
"Bremen",1,18,2025
"Bremen",2,19,2025
"Bremen",1,20,2025
"Bremen",NA,21,2025
"Bremen",1,22,2025
"Bremen",3,23,2025
"Bremen",NA,24,2025
"Bremen",1,25,2025
"Bremen",NA,26,2025
"Bremen",3,27,2025
"Bremen",NA,28,2025
"Bremen",2,29,2025
"Bremen",NA,30,2025
"Bremen",2,31,2025
"Bremen",2,32,2025
"Bremen",1,33,2025
"Bremen",3,34,2025
"Bremen",2,35,2025
"Bremen",2,36,2025
"Bremen",NA,37,2025
"Bremen",3,38,2025
"Bremen",2,39,2025
"Bremen",1,40,2025
"Bremen",4,41,2025
"Bremen",1,42,2025
"Bremen",1,43,2025
"Bremen",1,44,2025
"Bremen",2,45,2025
"Bremen",1,46,2025
"Bremen",NA,47,2025
"Bremen",NA,48,2025
"Bremen",NA,49,2025
"Bremen",2,50,2025
"Bremen",NA,51,2025
"Bremen",NA,52,2025
"Hamburg",3,1,2025
"Hamburg",5,2,2025
"Hamburg",3,3,2025
"Hamburg",2,4,2025
"Hamburg",4,5,2025
"Hamburg",3,6,2025
"Hamburg",3,7,2025
"Hamburg",4,8,2025
"Hamburg",4,9,2025
"Hamburg",4,10,2025
"Hamburg",2,11,2025
"Hamburg",7,12,2025
"Hamburg",7,13,2025
"Hamburg",3,14,2025
"Hamburg",2,15,2025
"Hamburg",4,16,2025
"Hamburg",5,17,2025
"Hamburg",2,18,2025
"Hamburg",7,19,2025
"Hamburg",8,20,2025
"Hamburg",5,21,2025
"Hamburg",3,22,2025
"Hamburg",7,23,2025
"Hamburg",2,24,2025
"Hamburg",6,25,2025
"Hamburg",4,26,2025
"Hamburg",4,27,2025
"Hamburg",5,28,2025
"Hamburg",4,29,2025
"Hamburg",2,30,2025
"Hamburg",6,31,2025
"Hamburg",5,32,2025
"Hamburg",6,33,2025
"Hamburg",3,34,2025
"Hamburg",5,35,2025
"Hamburg",11,36,2025
"Hamburg",9,37,2025
"Hamburg",6,38,2025
"Hamburg",8,39,2025
"Hamburg",9,40,2025
"Hamburg",4,41,2025
"Hamburg",13,42,2025
"Hamburg",6,43,2025
"Hamburg",4,44,2025
"Hamburg",7,45,2025
"Hamburg",4,46,2025
"Hamburg",8,47,2025
"Hamburg",4,48,2025
"Hamburg",5,49,2025
"Hamburg",4,50,2025
"Hamburg",6,51,2025
"Hamburg",5,52,2025
"Hessen",6,1,2025
"Hessen",12,2,2025
"Hessen",14,3,2025
"Hessen",24,4,2025
"Hessen",17,5,2025
"Hessen",17,6,2025
"Hessen",16,7,2025
"Hessen",7,8,2025
"Hessen",22,9,2025
"Hessen",9,10,2025
"Hessen",13,11,2025
"Hessen",19,12,2025
"Hessen",24,13,2025
"Hessen",12,14,2025
"Hessen",22,15,2025
"Hessen",12,16,2025
"Hessen",16,17,2025
"Hessen",18,18,2025
"Hessen",22,19,2025
"Hessen",25,20,2025
"Hessen",16,21,2025
"Hessen",20,22,2025
"Hessen",13,23,2025
"Hessen",13,24,2025
"Hessen",17,25,2025
"Hessen",19,26,2025
"Hessen",24,27,2025
"Hessen",21,28,2025
"Hessen",17,29,2025
"Hessen",25,30,2025
"Hessen",21,31,2025
"Hessen",21,32,2025
"Hessen",36,33,2025
"Hessen",34,34,2025
"Hessen",31,35,2025
"Hessen",22,36,2025
"Hessen",28,37,2025
"Hessen",46,38,2025
"Hessen",33,39,2025
"Hessen",30,40,2025
"Hessen",30,41,2025
"Hessen",28,42,2025
"Hessen",32,43,2025
"Hessen",26,44,2025
"Hessen",33,45,2025
"Hessen",21,46,2025
"Hessen",15,47,2025
"Hessen",12,48,2025
"Hessen",14,49,2025
"Hessen",22,50,2025
"Hessen",11,51,2025
"Hessen",2,52,2025
"Mecklenburg.Vorpommern",1,1,2025
"Mecklenburg.Vorpommern",6,2,2025
"Mecklenburg.Vorpommern",NA,3,2025
"Mecklenburg.Vorpommern",4,4,2025
"Mecklenburg.Vorpommern",3,5,2025
"Mecklenburg.Vorpommern",3,6,2025
"Mecklenburg.Vorpommern",2,7,2025
"Mecklenburg.Vorpommern",8,8,2025
"Mecklenburg.Vorpommern",7,9,2025
"Mecklenburg.Vorpommern",2,10,2025
"Mecklenburg.Vorpommern",3,11,2025
"Mecklenburg.Vorpommern",4,12,2025
"Mecklenburg.Vorpommern",2,13,2025
"Mecklenburg.Vorpommern",2,14,2025
"Mecklenburg.Vorpommern",1,15,2025
"Mecklenburg.Vorpommern",4,16,2025
"Mecklenburg.Vorpommern",7,17,2025
"Mecklenburg.Vorpommern",5,18,2025
"Mecklenburg.Vorpommern",7,19,2025
"Mecklenburg.Vorpommern",3,20,2025
"Mecklenburg.Vorpommern",8,21,2025
"Mecklenburg.Vorpommern",2,22,2025
"Mecklenburg.Vorpommern",6,23,2025
"Mecklenburg.Vorpommern",6,24,2025
"Mecklenburg.Vorpommern",6,25,2025
"Mecklenburg.Vorpommern",3,26,2025
"Mecklenburg.Vorpommern",8,27,2025
"Mecklenburg.Vorpommern",8,28,2025
"Mecklenburg.Vorpommern",7,29,2025
"Mecklenburg.Vorpommern",3,30,2025
"Mecklenburg.Vorpommern",5,31,2025
"Mecklenburg.Vorpommern",2,32,2025
"Mecklenburg.Vorpommern",9,33,2025
"Mecklenburg.Vorpommern",6,34,2025
"Mecklenburg.Vorpommern",6,35,2025
"Mecklenburg.Vorpommern",8,36,2025
"Mecklenburg.Vorpommern",14,37,2025
"Mecklenburg.Vorpommern",12,38,2025
"Mecklenburg.Vorpommern",10,39,2025
"Mecklenburg.Vorpommern",11,40,2025
"Mecklenburg.Vorpommern",11,41,2025
"Mecklenburg.Vorpommern",11,42,2025
"Mecklenburg.Vorpommern",9,43,2025
"Mecklenburg.Vorpommern",8,44,2025
"Mecklenburg.Vorpommern",13,45,2025
"Mecklenburg.Vorpommern",7,46,2025
"Mecklenburg.Vorpommern",3,47,2025
"Mecklenburg.Vorpommern",5,48,2025
"Mecklenburg.Vorpommern",4,49,2025
"Mecklenburg.Vorpommern",5,50,2025
"Mecklenburg.Vorpommern",6,51,2025
"Mecklenburg.Vorpommern",1,52,2025
"Niedersachsen",12,1,2025
"Niedersachsen",24,2,2025
"Niedersachsen",14,3,2025
"Niedersachsen",19,4,2025
"Niedersachsen",16,5,2025
"Niedersachsen",13,6,2025
"Niedersachsen",17,7,2025
"Niedersachsen",10,8,2025
"Niedersachsen",6,9,2025
"Niedersachsen",15,10,2025
"Niedersachsen",11,11,2025
"Niedersachsen",20,12,2025
"Niedersachsen",17,13,2025
"Niedersachsen",15,14,2025
"Niedersachsen",16,15,2025
"Niedersachsen",14,16,2025
"Niedersachsen",16,17,2025
"Niedersachsen",21,18,2025
"Niedersachsen",24,19,2025
"Niedersachsen",19,20,2025
"Niedersachsen",20,21,2025
"Niedersachsen",9,22,2025
"Niedersachsen",27,23,2025
"Niedersachsen",25,24,2025
"Niedersachsen",26,25,2025
"Niedersachsen",26,26,2025
"Niedersachsen",24,27,2025
"Niedersachsen",10,28,2025
"Niedersachsen",24,29,2025
"Niedersachsen",26,30,2025
"Niedersachsen",33,31,2025
"Niedersachsen",41,32,2025
"Niedersachsen",40,33,2025
"Niedersachsen",32,34,2025
"Niedersachsen",39,35,2025
"Niedersachsen",22,36,2025
"Niedersachsen",33,37,2025
"Niedersachsen",37,38,2025
"Niedersachsen",26,39,2025
"Niedersachsen",30,40,2025
"Niedersachsen",24,41,2025
"Niedersachsen",18,42,2025
"Niedersachsen",23,43,2025
"Niedersachsen",33,44,2025
"Niedersachsen",40,45,2025
"Niedersachsen",20,46,2025
"Niedersachsen",29,47,2025
"Niedersachsen",25,48,2025
"Niedersachsen",24,49,2025
"Niedersachsen",19,50,2025
"Niedersachsen",20,51,2025
"Niedersachsen",7,52,2025
"Nordrhein.Westfalen",24,1,2025
"Nordrhein.Westfalen",41,2,2025
"Nordrhein.Westfalen",51,3,2025
"Nordrhein.Westfalen",35,4,2025
"Nordrhein.Westfalen",42,5,2025
"Nordrhein.Westfalen",21,6,2025
"Nordrhein.Westfalen",34,7,2025
"Nordrhein.Westfalen",31,8,2025
"Nordrhein.Westfalen",31,9,2025
"Nordrhein.Westfalen",31,10,2025
"Nordrhein.Westfalen",30,11,2025
"Nordrhein.Westfalen",21,12,2025
"Nordrhein.Westfalen",34,13,2025
"Nordrhein.Westfalen",37,14,2025
"Nordrhein.Westfalen",43,15,2025
"Nordrhein.Westfalen",20,16,2025
"Nordrhein.Westfalen",30,17,2025
"Nordrhein.Westfalen",35,18,2025
"Nordrhein.Westfalen",50,19,2025
"Nordrhein.Westfalen",37,20,2025
"Nordrhein.Westfalen",42,21,2025
"Nordrhein.Westfalen",33,22,2025
"Nordrhein.Westfalen",59,23,2025
"Nordrhein.Westfalen",42,24,2025
"Nordrhein.Westfalen",43,25,2025
"Nordrhein.Westfalen",31,26,2025
"Nordrhein.Westfalen",50,27,2025
"Nordrhein.Westfalen",57,28,2025
"Nordrhein.Westfalen",50,29,2025
"Nordrhein.Westfalen",58,30,2025
"Nordrhein.Westfalen",66,31,2025
"Nordrhein.Westfalen",65,32,2025
"Nordrhein.Westfalen",66,33,2025
"Nordrhein.Westfalen",86,34,2025
"Nordrhein.Westfalen",101,35,2025
"Nordrhein.Westfalen",84,36,2025
"Nordrhein.Westfalen",88,37,2025
"Nordrhein.Westfalen",78,38,2025
"Nordrhein.Westfalen",57,39,2025
"Nordrhein.Westfalen",62,40,2025
"Nordrhein.Westfalen",69,41,2025
"Nordrhein.Westfalen",60,42,2025
"Nordrhein.Westfalen",42,43,2025
"Nordrhein.Westfalen",120,44,2025
"Nordrhein.Westfalen",93,45,2025
"Nordrhein.Westfalen",64,46,2025
"Nordrhein.Westfalen",44,47,2025
"Nordrhein.Westfalen",42,48,2025
"Nordrhein.Westfalen",39,49,2025
"Nordrhein.Westfalen",27,50,2025
"Nordrhein.Westfalen",40,51,2025
"Nordrhein.Westfalen",12,52,2025
"Rheinland.Pfalz",6,1,2025
"Rheinland.Pfalz",7,2,2025
"Rheinland.Pfalz",15,3,2025
"Rheinland.Pfalz",12,4,2025
"Rheinland.Pfalz",9,5,2025
"Rheinland.Pfalz",15,6,2025
"Rheinland.Pfalz",7,7,2025
"Rheinland.Pfalz",16,8,2025
"Rheinland.Pfalz",8,9,2025
"Rheinland.Pfalz",10,10,2025
"Rheinland.Pfalz",9,11,2025
"Rheinland.Pfalz",10,12,2025
"Rheinland.Pfalz",11,13,2025
"Rheinland.Pfalz",7,14,2025
"Rheinland.Pfalz",17,15,2025
"Rheinland.Pfalz",11,16,2025
"Rheinland.Pfalz",7,17,2025
"Rheinland.Pfalz",8,18,2025
"Rheinland.Pfalz",24,19,2025
"Rheinland.Pfalz",14,20,2025
"Rheinland.Pfalz",12,21,2025
"Rheinland.Pfalz",15,22,2025
"Rheinland.Pfalz",14,23,2025
"Rheinland.Pfalz",15,24,2025
"Rheinland.Pfalz",10,25,2025
"Rheinland.Pfalz",16,26,2025
"Rheinland.Pfalz",19,27,2025
"Rheinland.Pfalz",14,28,2025
"Rheinland.Pfalz",17,29,2025
"Rheinland.Pfalz",31,30,2025
"Rheinland.Pfalz",24,31,2025
"Rheinland.Pfalz",25,32,2025
"Rheinland.Pfalz",13,33,2025
"Rheinland.Pfalz",12,34,2025
"Rheinland.Pfalz",23,35,2025
"Rheinland.Pfalz",17,36,2025
"Rheinland.Pfalz",27,37,2025
"Rheinland.Pfalz",15,38,2025
"Rheinland.Pfalz",17,39,2025
"Rheinland.Pfalz",14,40,2025
"Rheinland.Pfalz",13,41,2025
"Rheinland.Pfalz",16,42,2025
"Rheinland.Pfalz",8,43,2025
"Rheinland.Pfalz",17,44,2025
"Rheinland.Pfalz",21,45,2025
"Rheinland.Pfalz",13,46,2025
"Rheinland.Pfalz",17,47,2025
"Rheinland.Pfalz",19,48,2025
"Rheinland.Pfalz",17,49,2025
"Rheinland.Pfalz",7,50,2025
"Rheinland.Pfalz",8,51,2025
"Rheinland.Pfalz",6,52,2025
"Saarland",3,1,2025
"Saarland",1,2,2025
"Saarland",1,3,2025
"Saarland",1,4,2025
"Saarland",NA,5,2025
"Saarland",4,6,2025
"Saarland",1,7,2025
"Saarland",2,8,2025
"Saarland",1,9,2025
"Saarland",2,10,2025
"Saarland",2,11,2025
"Saarland",2,12,2025
"Saarland",2,13,2025
"Saarland",6,14,2025
"Saarland",2,15,2025
"Saarland",1,16,2025
"Saarland",1,17,2025
"Saarland",NA,18,2025
"Saarland",5,19,2025
"Saarland",7,20,2025
"Saarland",4,21,2025
"Saarland",1,22,2025
"Saarland",8,23,2025
"Saarland",4,24,2025
"Saarland",2,25,2025
"Saarland",1,26,2025
"Saarland",3,27,2025
"Saarland",3,28,2025
"Saarland",5,29,2025
"Saarland",3,30,2025
"Saarland",5,31,2025
"Saarland",7,32,2025
"Saarland",NA,33,2025
"Saarland",3,34,2025
"Saarland",4,35,2025
"Saarland",6,36,2025
"Saarland",4,37,2025
"Saarland",6,38,2025
"Saarland",7,39,2025
"Saarland",5,40,2025
"Saarland",2,41,2025
"Saarland",6,42,2025
"Saarland",1,43,2025
"Saarland",3,44,2025
"Saarland",2,45,2025
"Saarland",4,46,2025
"Saarland",2,47,2025
"Saarland",3,48,2025
"Saarland",5,49,2025
"Saarland",3,50,2025
"Saarland",3,51,2025
"Saarland",2,52,2025
"Sachsen",5,1,2025
"Sachsen",14,2,2025
"Sachsen",12,3,2025
"Sachsen",15,4,2025
"Sachsen",11,5,2025
"Sachsen",13,6,2025
"Sachsen",31,7,2025
"Sachsen",13,8,2025
"Sachsen",6,9,2025
"Sachsen",6,10,2025
"Sachsen",15,11,2025
"Sachsen",16,12,2025
"Sachsen",16,13,2025
"Sachsen",4,14,2025
"Sachsen",8,15,2025
"Sachsen",13,16,2025
"Sachsen",6,17,2025
"Sachsen",9,18,2025
"Sachsen",17,19,2025
"Sachsen",12,20,2025
"Sachsen",9,21,2025
"Sachsen",9,22,2025
"Sachsen",23,23,2025
"Sachsen",8,24,2025
"Sachsen",10,25,2025
"Sachsen",11,26,2025
"Sachsen",9,27,2025
"Sachsen",15,28,2025
"Sachsen",13,29,2025
"Sachsen",19,30,2025
"Sachsen",20,31,2025
"Sachsen",13,32,2025
"Sachsen",12,33,2025
"Sachsen",28,34,2025
"Sachsen",19,35,2025
"Sachsen",17,36,2025
"Sachsen",17,37,2025
"Sachsen",17,38,2025
"Sachsen",21,39,2025
"Sachsen",16,40,2025
"Sachsen",10,41,2025
"Sachsen",18,42,2025
"Sachsen",32,43,2025
"Sachsen",34,44,2025
"Sachsen",17,45,2025
"Sachsen",14,46,2025
"Sachsen",7,47,2025
"Sachsen",3,48,2025
"Sachsen",14,49,2025
"Sachsen",10,50,2025
"Sachsen",22,51,2025
"Sachsen",5,52,2025
"Sachsen.Anhalt",7,1,2025
"Sachsen.Anhalt",16,2,2025
"Sachsen.Anhalt",15,3,2025
"Sachsen.Anhalt",6,4,2025
"Sachsen.Anhalt",8,5,2025
"Sachsen.Anhalt",4,6,2025
"Sachsen.Anhalt",6,7,2025
"Sachsen.Anhalt",8,8,2025
"Sachsen.Anhalt",3,9,2025
"Sachsen.Anhalt",1,10,2025
"Sachsen.Anhalt",6,11,2025
"Sachsen.Anhalt",8,12,2025
"Sachsen.Anhalt",8,13,2025
"Sachsen.Anhalt",9,14,2025
"Sachsen.Anhalt",8,15,2025
"Sachsen.Anhalt",8,16,2025
"Sachsen.Anhalt",5,17,2025
"Sachsen.Anhalt",11,18,2025
"Sachsen.Anhalt",12,19,2025
"Sachsen.Anhalt",4,20,2025
"Sachsen.Anhalt",8,21,2025
"Sachsen.Anhalt",4,22,2025
"Sachsen.Anhalt",8,23,2025
"Sachsen.Anhalt",7,24,2025
"Sachsen.Anhalt",7,25,2025
"Sachsen.Anhalt",7,26,2025
"Sachsen.Anhalt",6,27,2025
"Sachsen.Anhalt",8,28,2025
"Sachsen.Anhalt",7,29,2025
"Sachsen.Anhalt",10,30,2025
"Sachsen.Anhalt",7,31,2025
"Sachsen.Anhalt",5,32,2025
"Sachsen.Anhalt",6,33,2025
"Sachsen.Anhalt",9,34,2025
"Sachsen.Anhalt",7,35,2025
"Sachsen.Anhalt",7,36,2025
"Sachsen.Anhalt",12,37,2025
"Sachsen.Anhalt",11,38,2025
"Sachsen.Anhalt",14,39,2025
"Sachsen.Anhalt",9,40,2025
"Sachsen.Anhalt",9,41,2025
"Sachsen.Anhalt",7,42,2025
"Sachsen.Anhalt",9,43,2025
"Sachsen.Anhalt",9,44,2025
"Sachsen.Anhalt",11,45,2025
"Sachsen.Anhalt",6,46,2025
"Sachsen.Anhalt",5,47,2025
"Sachsen.Anhalt",7,48,2025
"Sachsen.Anhalt",8,49,2025
"Sachsen.Anhalt",10,50,2025
"Sachsen.Anhalt",5,51,2025
"Sachsen.Anhalt",1,52,2025
"Schleswig.Holstein",6,1,2025
"Schleswig.Holstein",4,2,2025
"Schleswig.Holstein",4,3,2025
"Schleswig.Holstein",3,4,2025
"Schleswig.Holstein",1,5,2025
"Schleswig.Holstein",3,6,2025
"Schleswig.Holstein",7,7,2025
"Schleswig.Holstein",5,8,2025
"Schleswig.Holstein",3,9,2025
"Schleswig.Holstein",2,10,2025
"Schleswig.Holstein",1,11,2025
"Schleswig.Holstein",4,12,2025
"Schleswig.Holstein",5,13,2025
"Schleswig.Holstein",11,14,2025
"Schleswig.Holstein",9,15,2025
"Schleswig.Holstein",4,16,2025
"Schleswig.Holstein",1,17,2025
"Schleswig.Holstein",3,18,2025
"Schleswig.Holstein",7,19,2025
"Schleswig.Holstein",14,20,2025
"Schleswig.Holstein",4,21,2025
"Schleswig.Holstein",4,22,2025
"Schleswig.Holstein",5,23,2025
"Schleswig.Holstein",4,24,2025
"Schleswig.Holstein",3,25,2025
"Schleswig.Holstein",12,26,2025
"Schleswig.Holstein",5,27,2025
"Schleswig.Holstein",6,28,2025
"Schleswig.Holstein",6,29,2025
"Schleswig.Holstein",9,30,2025
"Schleswig.Holstein",4,31,2025
"Schleswig.Holstein",9,32,2025
"Schleswig.Holstein",8,33,2025
"Schleswig.Holstein",5,34,2025
"Schleswig.Holstein",5,35,2025
"Schleswig.Holstein",8,36,2025
"Schleswig.Holstein",10,37,2025
"Schleswig.Holstein",9,38,2025
"Schleswig.Holstein",13,39,2025
"Schleswig.Holstein",7,40,2025
"Schleswig.Holstein",8,41,2025
"Schleswig.Holstein",4,42,2025
"Schleswig.Holstein",7,43,2025
"Schleswig.Holstein",6,44,2025
"Schleswig.Holstein",11,45,2025
"Schleswig.Holstein",10,46,2025
"Schleswig.Holstein",6,47,2025
"Schleswig.Holstein",11,48,2025
"Schleswig.Holstein",7,49,2025
"Schleswig.Holstein",5,50,2025
"Schleswig.Holstein",9,51,2025
"Schleswig.Holstein",3,52,2025
"ThÃ.ringen",11,1,2025
"ThÃ.ringen",17,2,2025
"ThÃ.ringen",10,3,2025
"ThÃ.ringen",15,4,2025
"ThÃ.ringen",5,5,2025
"ThÃ.ringen",11,6,2025
"ThÃ.ringen",5,7,2025
"ThÃ.ringen",6,8,2025
"ThÃ.ringen",5,9,2025
"ThÃ.ringen",9,10,2025
"ThÃ.ringen",8,11,2025
"ThÃ.ringen",11,12,2025
"ThÃ.ringen",9,13,2025
"ThÃ.ringen",10,14,2025
"ThÃ.ringen",3,15,2025
"ThÃ.ringen",10,16,2025
"ThÃ.ringen",11,17,2025
"ThÃ.ringen",22,18,2025
"ThÃ.ringen",30,19,2025
"ThÃ.ringen",11,20,2025
"ThÃ.ringen",15,21,2025
"ThÃ.ringen",16,22,2025
"ThÃ.ringen",47,23,2025
"ThÃ.ringen",18,24,2025
"ThÃ.ringen",17,25,2025
"ThÃ.ringen",10,26,2025
"ThÃ.ringen",8,27,2025
"ThÃ.ringen",9,28,2025
"ThÃ.ringen",10,29,2025
"ThÃ.ringen",9,30,2025
"ThÃ.ringen",9,31,2025
"ThÃ.ringen",22,32,2025
"ThÃ.ringen",11,33,2025
"ThÃ.ringen",13,34,2025
"ThÃ.ringen",15,35,2025
"ThÃ.ringen",16,36,2025
"ThÃ.ringen",20,37,2025
"ThÃ.ringen",23,38,2025
"ThÃ.ringen",12,39,2025
"ThÃ.ringen",15,40,2025
"ThÃ.ringen",11,41,2025
"ThÃ.ringen",12,42,2025
"ThÃ.ringen",26,43,2025
"ThÃ.ringen",8,44,2025
"ThÃ.ringen",8,45,2025
"ThÃ.ringen",4,46,2025
"ThÃ.ringen",18,47,2025
"ThÃ.ringen",8,48,2025
"ThÃ.ringen",10,49,2025
"ThÃ.ringen",8,50,2025
"ThÃ.ringen",14,51,2025
"ThÃ.ringen",11,52,2025
"Baden.WÃ.rttemberg",12,1,2024
"Baden.WÃ.rttemberg",15,2,2024
"Baden.WÃ.rttemberg",26,3,2024
"Baden.WÃ.rttemberg",28,4,2024
"Baden.WÃ.rttemberg",22,5,2024
"Baden.WÃ.rttemberg",17,6,2024
"Baden.WÃ.rttemberg",8,7,2024
"Baden.WÃ.rttemberg",16,8,2024
"Baden.WÃ.rttemberg",13,9,2024
"Baden.WÃ.rttemberg",27,10,2024
"Baden.WÃ.rttemberg",23,11,2024
"Baden.WÃ.rttemberg",25,12,2024
"Baden.WÃ.rttemberg",15,13,2024
"Baden.WÃ.rttemberg",16,14,2024
"Baden.WÃ.rttemberg",19,15,2024
"Baden.WÃ.rttemberg",21,16,2024
"Baden.WÃ.rttemberg",22,17,2024
"Baden.WÃ.rttemberg",21,18,2024
"Baden.WÃ.rttemberg",21,19,2024
"Baden.WÃ.rttemberg",22,20,2024
"Baden.WÃ.rttemberg",15,21,2024
"Baden.WÃ.rttemberg",40,22,2024
"Baden.WÃ.rttemberg",41,23,2024
"Baden.WÃ.rttemberg",53,24,2024
"Baden.WÃ.rttemberg",45,25,2024
"Baden.WÃ.rttemberg",34,26,2024
"Baden.WÃ.rttemberg",30,27,2024
"Baden.WÃ.rttemberg",53,28,2024
"Baden.WÃ.rttemberg",52,29,2024
"Baden.WÃ.rttemberg",40,30,2024
"Baden.WÃ.rttemberg",42,31,2024
"Baden.WÃ.rttemberg",50,32,2024
"Baden.WÃ.rttemberg",66,33,2024
"Baden.WÃ.rttemberg",52,34,2024
"Baden.WÃ.rttemberg",84,35,2024
"Baden.WÃ.rttemberg",88,36,2024
"Baden.WÃ.rttemberg",99,37,2024
"Baden.WÃ.rttemberg",113,38,2024
"Baden.WÃ.rttemberg",90,39,2024
"Baden.WÃ.rttemberg",50,40,2024
"Baden.WÃ.rttemberg",60,41,2024
"Baden.WÃ.rttemberg",51,42,2024
"Baden.WÃ.rttemberg",41,43,2024
"Baden.WÃ.rttemberg",42,44,2024
"Baden.WÃ.rttemberg",31,45,2024
"Baden.WÃ.rttemberg",34,46,2024
"Baden.WÃ.rttemberg",47,47,2024
"Baden.WÃ.rttemberg",22,48,2024
"Baden.WÃ.rttemberg",26,49,2024
"Baden.WÃ.rttemberg",24,50,2024
"Baden.WÃ.rttemberg",21,51,2024
"Baden.WÃ.rttemberg",21,52,2024
"Bayern",16,1,2024
"Bayern",23,2,2024
"Bayern",24,3,2024
"Bayern",28,4,2024
"Bayern",14,5,2024
"Bayern",28,6,2024
"Bayern",24,7,2024
"Bayern",16,8,2024
"Bayern",24,9,2024
"Bayern",20,10,2024
"Bayern",31,11,2024
"Bayern",27,12,2024
"Bayern",17,13,2024
"Bayern",27,14,2024
"Bayern",32,15,2024
"Bayern",43,16,2024
"Bayern",29,17,2024
"Bayern",35,18,2024
"Bayern",36,19,2024
"Bayern",32,20,2024
"Bayern",31,21,2024
"Bayern",40,22,2024
"Bayern",65,23,2024
"Bayern",69,24,2024
"Bayern",54,25,2024
"Bayern",53,26,2024
"Bayern",64,27,2024
"Bayern",44,28,2024
"Bayern",43,29,2024
"Bayern",52,30,2024
"Bayern",47,31,2024
"Bayern",63,32,2024
"Bayern",55,33,2024
"Bayern",76,34,2024
"Bayern",95,35,2024
"Bayern",99,36,2024
"Bayern",100,37,2024
"Bayern",94,38,2024
"Bayern",78,39,2024
"Bayern",65,40,2024
"Bayern",68,41,2024
"Bayern",60,42,2024
"Bayern",52,43,2024
"Bayern",36,44,2024
"Bayern",54,45,2024
"Bayern",40,46,2024
"Bayern",61,47,2024
"Bayern",36,48,2024
"Bayern",27,49,2024
"Bayern",33,50,2024
"Bayern",31,51,2024
"Bayern",15,52,2024
"Berlin",7,1,2024
"Berlin",10,2,2024
"Berlin",6,3,2024
"Berlin",6,4,2024
"Berlin",6,5,2024
"Berlin",7,6,2024
"Berlin",9,7,2024
"Berlin",12,8,2024
"Berlin",17,9,2024
"Berlin",7,10,2024
"Berlin",6,11,2024
"Berlin",10,12,2024
"Berlin",2,13,2024
"Berlin",3,14,2024
"Berlin",14,15,2024
"Berlin",11,16,2024
"Berlin",10,17,2024
"Berlin",16,18,2024
"Berlin",5,19,2024
"Berlin",18,20,2024
"Berlin",9,21,2024
"Berlin",17,22,2024
"Berlin",19,23,2024
"Berlin",15,24,2024
"Berlin",14,25,2024
"Berlin",15,26,2024
"Berlin",11,27,2024
"Berlin",25,28,2024
"Berlin",25,29,2024
"Berlin",21,30,2024
"Berlin",14,31,2024
"Berlin",25,32,2024
"Berlin",19,33,2024
"Berlin",19,34,2024
"Berlin",19,35,2024
"Berlin",22,36,2024
"Berlin",30,37,2024
"Berlin",36,38,2024
"Berlin",19,39,2024
"Berlin",14,40,2024
"Berlin",28,41,2024
"Berlin",16,42,2024
"Berlin",17,43,2024
"Berlin",13,44,2024
"Berlin",16,45,2024
"Berlin",17,46,2024
"Berlin",9,47,2024
"Berlin",10,48,2024
"Berlin",13,49,2024
"Berlin",5,50,2024
"Berlin",8,51,2024
"Berlin",6,52,2024
"Brandenburg",5,1,2024
"Brandenburg",15,2,2024
"Brandenburg",2,3,2024
"Brandenburg",1,4,2024
"Brandenburg",4,5,2024
"Brandenburg",4,6,2024
"Brandenburg",13,7,2024
"Brandenburg",12,8,2024
"Brandenburg",9,9,2024
"Brandenburg",11,10,2024
"Brandenburg",8,11,2024
"Brandenburg",4,12,2024
"Brandenburg",6,13,2024
"Brandenburg",2,14,2024
"Brandenburg",7,15,2024
"Brandenburg",8,16,2024
"Brandenburg",10,17,2024
"Brandenburg",10,18,2024
"Brandenburg",10,19,2024
"Brandenburg",8,20,2024
"Brandenburg",3,21,2024
"Brandenburg",11,22,2024
"Brandenburg",14,23,2024
"Brandenburg",12,24,2024
"Brandenburg",19,25,2024
"Brandenburg",5,26,2024
"Brandenburg",4,27,2024
"Brandenburg",15,28,2024
"Brandenburg",6,29,2024
"Brandenburg",8,30,2024
"Brandenburg",13,31,2024
"Brandenburg",16,32,2024
"Brandenburg",13,33,2024
"Brandenburg",10,34,2024
"Brandenburg",21,35,2024
"Brandenburg",15,36,2024
"Brandenburg",14,37,2024
"Brandenburg",9,38,2024
"Brandenburg",8,39,2024
"Brandenburg",10,40,2024
"Brandenburg",10,41,2024
"Brandenburg",11,42,2024
"Brandenburg",12,43,2024
"Brandenburg",7,44,2024
"Brandenburg",7,45,2024
"Brandenburg",18,46,2024
"Brandenburg",8,47,2024
"Brandenburg",11,48,2024
"Brandenburg",3,49,2024
"Brandenburg",5,50,2024
"Brandenburg",4,51,2024
"Brandenburg",2,52,2024
"Bremen",2,1,2024
"Bremen",2,2,2024
"Bremen",1,3,2024
"Bremen",NA,4,2024
"Bremen",NA,5,2024
"Bremen",NA,6,2024
"Bremen",1,7,2024
"Bremen",2,8,2024
"Bremen",NA,9,2024
"Bremen",2,10,2024
"Bremen",3,11,2024
"Bremen",NA,12,2024
"Bremen",1,13,2024
"Bremen",2,14,2024
"Bremen",2,15,2024
"Bremen",NA,16,2024
"Bremen",NA,17,2024
"Bremen",1,18,2024
"Bremen",1,19,2024
"Bremen",NA,20,2024
"Bremen",2,21,2024
"Bremen",2,22,2024
"Bremen",NA,23,2024
"Bremen",NA,24,2024
"Bremen",3,25,2024
"Bremen",2,26,2024
"Bremen",1,27,2024
"Bremen",2,28,2024
"Bremen",NA,29,2024
"Bremen",2,30,2024
"Bremen",2,31,2024
"Bremen",7,32,2024
"Bremen",9,33,2024
"Bremen",NA,34,2024
"Bremen",1,35,2024
"Bremen",NA,36,2024
"Bremen",NA,37,2024
"Bremen",2,38,2024
"Bremen",5,39,2024
"Bremen",2,40,2024
"Bremen",4,41,2024
"Bremen",NA,42,2024
"Bremen",3,43,2024
"Bremen",NA,44,2024
"Bremen",1,45,2024
"Bremen",NA,46,2024
"Bremen",1,47,2024
"Bremen",1,48,2024
"Bremen",4,49,2024
"Bremen",NA,50,2024
"Bremen",NA,51,2024
"Bremen",NA,52,2024
"Hamburg",2,1,2024
"Hamburg",10,2,2024
"Hamburg",6,3,2024
"Hamburg",NA,4,2024
"Hamburg",2,5,2024
"Hamburg",2,6,2024
"Hamburg",5,7,2024
"Hamburg",6,8,2024
"Hamburg",7,9,2024
"Hamburg",NA,10,2024
"Hamburg",5,11,2024
"Hamburg",2,12,2024
"Hamburg",5,13,2024
"Hamburg",3,14,2024
"Hamburg",5,15,2024
"Hamburg",8,16,2024
"Hamburg",4,17,2024
"Hamburg",5,18,2024
"Hamburg",5,19,2024
"Hamburg",8,20,2024
"Hamburg",3,21,2024
"Hamburg",5,22,2024
"Hamburg",8,23,2024
"Hamburg",10,24,2024
"Hamburg",6,25,2024
"Hamburg",6,26,2024
"Hamburg",4,27,2024
"Hamburg",1,28,2024
"Hamburg",4,29,2024
"Hamburg",8,30,2024
"Hamburg",4,31,2024
"Hamburg",6,32,2024
"Hamburg",6,33,2024
"Hamburg",13,34,2024
"Hamburg",11,35,2024
"Hamburg",11,36,2024
"Hamburg",13,37,2024
"Hamburg",13,38,2024
"Hamburg",4,39,2024
"Hamburg",4,40,2024
"Hamburg",7,41,2024
"Hamburg",6,42,2024
"Hamburg",3,43,2024
"Hamburg",7,44,2024
"Hamburg",10,45,2024
"Hamburg",5,46,2024
"Hamburg",3,47,2024
"Hamburg",3,48,2024
"Hamburg",5,49,2024
"Hamburg",5,50,2024
"Hamburg",2,51,2024
"Hamburg",2,52,2024
"Hessen",9,1,2024
"Hessen",8,2,2024
"Hessen",10,3,2024
"Hessen",10,4,2024
"Hessen",9,5,2024
"Hessen",10,6,2024
"Hessen",15,7,2024
"Hessen",12,8,2024
"Hessen",5,9,2024
"Hessen",11,10,2024
"Hessen",17,11,2024
"Hessen",14,12,2024
"Hessen",9,13,2024
"Hessen",18,14,2024
"Hessen",10,15,2024
"Hessen",19,16,2024
"Hessen",31,17,2024
"Hessen",19,18,2024
"Hessen",24,19,2024
"Hessen",22,20,2024
"Hessen",31,21,2024
"Hessen",21,22,2024
"Hessen",18,23,2024
"Hessen",23,24,2024
"Hessen",28,25,2024
"Hessen",26,26,2024
"Hessen",25,27,2024
"Hessen",29,28,2024
"Hessen",24,29,2024
"Hessen",30,30,2024
"Hessen",23,31,2024
"Hessen",29,32,2024
"Hessen",36,33,2024
"Hessen",46,34,2024
"Hessen",60,35,2024
"Hessen",53,36,2024
"Hessen",38,37,2024
"Hessen",44,38,2024
"Hessen",36,39,2024
"Hessen",25,40,2024
"Hessen",34,41,2024
"Hessen",33,42,2024
"Hessen",28,43,2024
"Hessen",39,44,2024
"Hessen",34,45,2024
"Hessen",38,46,2024
"Hessen",21,47,2024
"Hessen",21,48,2024
"Hessen",12,49,2024
"Hessen",12,50,2024
"Hessen",10,51,2024
"Hessen",9,52,2024
"Mecklenburg.Vorpommern",NA,1,2024
"Mecklenburg.Vorpommern",8,2,2024
"Mecklenburg.Vorpommern",4,3,2024
"Mecklenburg.Vorpommern",10,4,2024
"Mecklenburg.Vorpommern",8,5,2024
"Mecklenburg.Vorpommern",8,6,2024
"Mecklenburg.Vorpommern",5,7,2024
"Mecklenburg.Vorpommern",15,8,2024
"Mecklenburg.Vorpommern",13,9,2024
"Mecklenburg.Vorpommern",5,10,2024
"Mecklenburg.Vorpommern",5,11,2024
"Mecklenburg.Vorpommern",8,12,2024
"Mecklenburg.Vorpommern",5,13,2024
"Mecklenburg.Vorpommern",1,14,2024
"Mecklenburg.Vorpommern",5,15,2024
"Mecklenburg.Vorpommern",5,16,2024
"Mecklenburg.Vorpommern",3,17,2024
"Mecklenburg.Vorpommern",3,18,2024
"Mecklenburg.Vorpommern",7,19,2024
"Mecklenburg.Vorpommern",4,20,2024
"Mecklenburg.Vorpommern",6,21,2024
"Mecklenburg.Vorpommern",4,22,2024
"Mecklenburg.Vorpommern",5,23,2024
"Mecklenburg.Vorpommern",10,24,2024
"Mecklenburg.Vorpommern",7,25,2024
"Mecklenburg.Vorpommern",6,26,2024
"Mecklenburg.Vorpommern",7,27,2024
"Mecklenburg.Vorpommern",7,28,2024
"Mecklenburg.Vorpommern",3,29,2024
"Mecklenburg.Vorpommern",4,30,2024
"Mecklenburg.Vorpommern",8,31,2024
"Mecklenburg.Vorpommern",6,32,2024
"Mecklenburg.Vorpommern",6,33,2024
"Mecklenburg.Vorpommern",9,34,2024
"Mecklenburg.Vorpommern",9,35,2024
"Mecklenburg.Vorpommern",7,36,2024
"Mecklenburg.Vorpommern",21,37,2024
"Mecklenburg.Vorpommern",15,38,2024
"Mecklenburg.Vorpommern",4,39,2024
"Mecklenburg.Vorpommern",6,40,2024
"Mecklenburg.Vorpommern",16,41,2024
"Mecklenburg.Vorpommern",5,42,2024
"Mecklenburg.Vorpommern",3,43,2024
"Mecklenburg.Vorpommern",6,44,2024
"Mecklenburg.Vorpommern",5,45,2024
"Mecklenburg.Vorpommern",5,46,2024
"Mecklenburg.Vorpommern",3,47,2024
"Mecklenburg.Vorpommern",4,48,2024
"Mecklenburg.Vorpommern",5,49,2024
"Mecklenburg.Vorpommern",2,50,2024
"Mecklenburg.Vorpommern",7,51,2024
"Mecklenburg.Vorpommern",4,52,2024
"Niedersachsen",24,1,2024
"Niedersachsen",13,2,2024
"Niedersachsen",15,3,2024
"Niedersachsen",16,4,2024
"Niedersachsen",18,5,2024
"Niedersachsen",20,6,2024
"Niedersachsen",26,7,2024
"Niedersachsen",36,8,2024
"Niedersachsen",30,9,2024
"Niedersachsen",26,10,2024
"Niedersachsen",11,11,2024
"Niedersachsen",15,12,2024
"Niedersachsen",10,13,2024
"Niedersachsen",16,14,2024
"Niedersachsen",34,15,2024
"Niedersachsen",23,16,2024
"Niedersachsen",21,17,2024
"Niedersachsen",36,18,2024
"Niedersachsen",31,19,2024
"Niedersachsen",27,20,2024
"Niedersachsen",16,21,2024
"Niedersachsen",34,22,2024
"Niedersachsen",21,23,2024
"Niedersachsen",23,24,2024
"Niedersachsen",29,25,2024
"Niedersachsen",28,26,2024
"Niedersachsen",28,27,2024
"Niedersachsen",40,28,2024
"Niedersachsen",31,29,2024
"Niedersachsen",28,30,2024
"Niedersachsen",39,31,2024
"Niedersachsen",43,32,2024
"Niedersachsen",46,33,2024
"Niedersachsen",39,34,2024
"Niedersachsen",40,35,2024
"Niedersachsen",35,36,2024
"Niedersachsen",36,37,2024
"Niedersachsen",45,38,2024
"Niedersachsen",34,39,2024
"Niedersachsen",25,40,2024
"Niedersachsen",21,41,2024
"Niedersachsen",26,42,2024
"Niedersachsen",33,43,2024
"Niedersachsen",34,44,2024
"Niedersachsen",23,45,2024
"Niedersachsen",13,46,2024
"Niedersachsen",24,47,2024
"Niedersachsen",19,48,2024
"Niedersachsen",21,49,2024
"Niedersachsen",20,50,2024
"Niedersachsen",21,51,2024
"Niedersachsen",9,52,2024
"Nordrhein.Westfalen",55,1,2024
"Nordrhein.Westfalen",33,2,2024
"Nordrhein.Westfalen",33,3,2024
"Nordrhein.Westfalen",21,4,2024
"Nordrhein.Westfalen",11,5,2024
"Nordrhein.Westfalen",27,6,2024
"Nordrhein.Westfalen",31,7,2024
"Nordrhein.Westfalen",39,8,2024
"Nordrhein.Westfalen",47,9,2024
"Nordrhein.Westfalen",48,10,2024
"Nordrhein.Westfalen",45,11,2024
"Nordrhein.Westfalen",30,12,2024
"Nordrhein.Westfalen",25,13,2024
"Nordrhein.Westfalen",24,14,2024
"Nordrhein.Westfalen",55,15,2024
"Nordrhein.Westfalen",48,16,2024
"Nordrhein.Westfalen",41,17,2024
"Nordrhein.Westfalen",28,18,2024
"Nordrhein.Westfalen",32,19,2024
"Nordrhein.Westfalen",48,20,2024
"Nordrhein.Westfalen",49,21,2024
"Nordrhein.Westfalen",52,22,2024
"Nordrhein.Westfalen",64,23,2024
"Nordrhein.Westfalen",61,24,2024
"Nordrhein.Westfalen",61,25,2024
"Nordrhein.Westfalen",56,26,2024
"Nordrhein.Westfalen",51,27,2024
"Nordrhein.Westfalen",64,28,2024
"Nordrhein.Westfalen",59,29,2024
"Nordrhein.Westfalen",77,30,2024
"Nordrhein.Westfalen",120,31,2024
"Nordrhein.Westfalen",111,32,2024
"Nordrhein.Westfalen",104,33,2024
"Nordrhein.Westfalen",113,34,2024
"Nordrhein.Westfalen",138,35,2024
"Nordrhein.Westfalen",101,36,2024
"Nordrhein.Westfalen",86,37,2024
"Nordrhein.Westfalen",72,38,2024
"Nordrhein.Westfalen",68,39,2024
"Nordrhein.Westfalen",66,40,2024
"Nordrhein.Westfalen",73,41,2024
"Nordrhein.Westfalen",54,42,2024
"Nordrhein.Westfalen",71,43,2024
"Nordrhein.Westfalen",70,44,2024
"Nordrhein.Westfalen",64,45,2024
"Nordrhein.Westfalen",41,46,2024
"Nordrhein.Westfalen",34,47,2024
"Nordrhein.Westfalen",48,48,2024
"Nordrhein.Westfalen",50,49,2024
"Nordrhein.Westfalen",30,50,2024
"Nordrhein.Westfalen",35,51,2024
"Nordrhein.Westfalen",20,52,2024
"Rheinland.Pfalz",8,1,2024
"Rheinland.Pfalz",9,2,2024
"Rheinland.Pfalz",9,3,2024
"Rheinland.Pfalz",12,4,2024
"Rheinland.Pfalz",7,5,2024
"Rheinland.Pfalz",9,6,2024
"Rheinland.Pfalz",6,7,2024
"Rheinland.Pfalz",5,8,2024
"Rheinland.Pfalz",4,9,2024
"Rheinland.Pfalz",13,10,2024
"Rheinland.Pfalz",9,11,2024
"Rheinland.Pfalz",7,12,2024
"Rheinland.Pfalz",7,13,2024
"Rheinland.Pfalz",5,14,2024
"Rheinland.Pfalz",10,15,2024
"Rheinland.Pfalz",5,16,2024
"Rheinland.Pfalz",12,17,2024
"Rheinland.Pfalz",8,18,2024
"Rheinland.Pfalz",10,19,2024
"Rheinland.Pfalz",16,20,2024
"Rheinland.Pfalz",25,21,2024
"Rheinland.Pfalz",20,22,2024
"Rheinland.Pfalz",29,23,2024
"Rheinland.Pfalz",16,24,2024
"Rheinland.Pfalz",21,25,2024
"Rheinland.Pfalz",13,26,2024
"Rheinland.Pfalz",12,27,2024
"Rheinland.Pfalz",21,28,2024
"Rheinland.Pfalz",16,29,2024
"Rheinland.Pfalz",21,30,2024
"Rheinland.Pfalz",15,31,2024
"Rheinland.Pfalz",28,32,2024
"Rheinland.Pfalz",27,33,2024
"Rheinland.Pfalz",28,34,2024
"Rheinland.Pfalz",45,35,2024
"Rheinland.Pfalz",27,36,2024
"Rheinland.Pfalz",39,37,2024
"Rheinland.Pfalz",26,38,2024
"Rheinland.Pfalz",23,39,2024
"Rheinland.Pfalz",25,40,2024
"Rheinland.Pfalz",26,41,2024
"Rheinland.Pfalz",15,42,2024
"Rheinland.Pfalz",22,43,2024
"Rheinland.Pfalz",9,44,2024
"Rheinland.Pfalz",29,45,2024
"Rheinland.Pfalz",12,46,2024
"Rheinland.Pfalz",18,47,2024
"Rheinland.Pfalz",15,48,2024
"Rheinland.Pfalz",12,49,2024
"Rheinland.Pfalz",14,50,2024
"Rheinland.Pfalz",14,51,2024
"Rheinland.Pfalz",7,52,2024
"Saarland",2,1,2024
"Saarland",2,2,2024
"Saarland",NA,3,2024
"Saarland",2,4,2024
"Saarland",3,5,2024
"Saarland",1,6,2024
"Saarland",NA,7,2024
"Saarland",3,8,2024
"Saarland",2,9,2024
"Saarland",1,10,2024
"Saarland",1,11,2024
"Saarland",2,12,2024
"Saarland",2,13,2024
"Saarland",NA,14,2024
"Saarland",2,15,2024
"Saarland",1,16,2024
"Saarland",5,17,2024
"Saarland",3,18,2024
"Saarland",1,19,2024
"Saarland",3,20,2024
"Saarland",2,21,2024
"Saarland",3,22,2024
"Saarland",6,23,2024
"Saarland",3,24,2024
"Saarland",1,25,2024
"Saarland",2,26,2024
"Saarland",6,27,2024
"Saarland",1,28,2024
"Saarland",6,29,2024
"Saarland",5,30,2024
"Saarland",7,31,2024
"Saarland",3,32,2024
"Saarland",6,33,2024
"Saarland",5,34,2024
"Saarland",8,35,2024
"Saarland",6,36,2024
"Saarland",7,37,2024
"Saarland",6,38,2024
"Saarland",5,39,2024
"Saarland",1,40,2024
"Saarland",4,41,2024
"Saarland",7,42,2024
"Saarland",4,43,2024
"Saarland",8,44,2024
"Saarland",8,45,2024
"Saarland",8,46,2024
"Saarland",2,47,2024
"Saarland",5,48,2024
"Saarland",8,49,2024
"Saarland",1,50,2024
"Saarland",2,51,2024
"Saarland",NA,52,2024
"Sachsen",12,1,2024
"Sachsen",13,2,2024
"Sachsen",15,3,2024
"Sachsen",10,4,2024
"Sachsen",11,5,2024
"Sachsen",9,6,2024
"Sachsen",13,7,2024
"Sachsen",10,8,2024
"Sachsen",23,9,2024
"Sachsen",23,10,2024
"Sachsen",13,11,2024
"Sachsen",17,12,2024
"Sachsen",13,13,2024
"Sachsen",13,14,2024
"Sachsen",10,15,2024
"Sachsen",13,16,2024
"Sachsen",14,17,2024
"Sachsen",9,18,2024
"Sachsen",11,19,2024
"Sachsen",12,20,2024
"Sachsen",11,21,2024
"Sachsen",22,22,2024
"Sachsen",16,23,2024
"Sachsen",16,24,2024
"Sachsen",21,25,2024
"Sachsen",18,26,2024
"Sachsen",21,27,2024
"Sachsen",20,28,2024
"Sachsen",29,29,2024
"Sachsen",23,30,2024
"Sachsen",20,31,2024
"Sachsen",21,32,2024
"Sachsen",16,33,2024
"Sachsen",17,34,2024
"Sachsen",27,35,2024
"Sachsen",20,36,2024
"Sachsen",26,37,2024
"Sachsen",24,38,2024
"Sachsen",21,39,2024
"Sachsen",18,40,2024
"Sachsen",17,41,2024
"Sachsen",23,42,2024
"Sachsen",37,43,2024
"Sachsen",15,44,2024
"Sachsen",17,45,2024
"Sachsen",15,46,2024
"Sachsen",7,47,2024
"Sachsen",9,48,2024
"Sachsen",6,49,2024
"Sachsen",19,50,2024
"Sachsen",21,51,2024
"Sachsen",4,52,2024
"Sachsen.Anhalt",6,1,2024
"Sachsen.Anhalt",7,2,2024
"Sachsen.Anhalt",8,3,2024
"Sachsen.Anhalt",9,4,2024
"Sachsen.Anhalt",9,5,2024
"Sachsen.Anhalt",7,6,2024
"Sachsen.Anhalt",9,7,2024
"Sachsen.Anhalt",9,8,2024
"Sachsen.Anhalt",12,9,2024
"Sachsen.Anhalt",7,10,2024
"Sachsen.Anhalt",6,11,2024
"Sachsen.Anhalt",6,12,2024
"Sachsen.Anhalt",4,13,2024
"Sachsen.Anhalt",NA,14,2024
"Sachsen.Anhalt",9,15,2024
"Sachsen.Anhalt",10,16,2024
"Sachsen.Anhalt",8,17,2024
"Sachsen.Anhalt",11,18,2024
"Sachsen.Anhalt",4,19,2024
"Sachsen.Anhalt",5,20,2024
"Sachsen.Anhalt",6,21,2024
"Sachsen.Anhalt",17,22,2024
"Sachsen.Anhalt",11,23,2024
"Sachsen.Anhalt",12,24,2024
"Sachsen.Anhalt",10,25,2024
"Sachsen.Anhalt",7,26,2024
"Sachsen.Anhalt",16,27,2024
"Sachsen.Anhalt",23,28,2024
"Sachsen.Anhalt",14,29,2024
"Sachsen.Anhalt",11,30,2024
"Sachsen.Anhalt",11,31,2024
"Sachsen.Anhalt",12,32,2024
"Sachsen.Anhalt",22,33,2024
"Sachsen.Anhalt",19,34,2024
"Sachsen.Anhalt",14,35,2024
"Sachsen.Anhalt",17,36,2024
"Sachsen.Anhalt",4,37,2024
"Sachsen.Anhalt",14,38,2024
"Sachsen.Anhalt",14,39,2024
"Sachsen.Anhalt",8,40,2024
"Sachsen.Anhalt",6,41,2024
"Sachsen.Anhalt",16,42,2024
"Sachsen.Anhalt",14,43,2024
"Sachsen.Anhalt",14,44,2024
"Sachsen.Anhalt",6,45,2024
"Sachsen.Anhalt",7,46,2024
"Sachsen.Anhalt",6,47,2024
"Sachsen.Anhalt",4,48,2024
"Sachsen.Anhalt",10,49,2024
"Sachsen.Anhalt",5,50,2024
"Sachsen.Anhalt",9,51,2024
"Sachsen.Anhalt",3,52,2024
"Schleswig.Holstein",3,1,2024
"Schleswig.Holstein",9,2,2024
"Schleswig.Holstein",7,3,2024
"Schleswig.Holstein",4,4,2024
"Schleswig.Holstein",2,5,2024
"Schleswig.Holstein",4,6,2024
"Schleswig.Holstein",5,7,2024
"Schleswig.Holstein",6,8,2024
"Schleswig.Holstein",4,9,2024
"Schleswig.Holstein",5,10,2024
"Schleswig.Holstein",6,11,2024
"Schleswig.Holstein",2,12,2024
"Schleswig.Holstein",4,13,2024
"Schleswig.Holstein",3,14,2024
"Schleswig.Holstein",2,15,2024
"Schleswig.Holstein",2,16,2024
"Schleswig.Holstein",9,17,2024
"Schleswig.Holstein",7,18,2024
"Schleswig.Holstein",5,19,2024
"Schleswig.Holstein",2,20,2024
"Schleswig.Holstein",2,21,2024
"Schleswig.Holstein",7,22,2024
"Schleswig.Holstein",12,23,2024
"Schleswig.Holstein",9,24,2024
"Schleswig.Holstein",14,25,2024
"Schleswig.Holstein",5,26,2024
"Schleswig.Holstein",16,27,2024
"Schleswig.Holstein",8,28,2024
"Schleswig.Holstein",12,29,2024
"Schleswig.Holstein",10,30,2024
"Schleswig.Holstein",5,31,2024
"Schleswig.Holstein",7,32,2024
"Schleswig.Holstein",6,33,2024
"Schleswig.Holstein",8,34,2024
"Schleswig.Holstein",6,35,2024
"Schleswig.Holstein",11,36,2024
"Schleswig.Holstein",14,37,2024
"Schleswig.Holstein",7,38,2024
"Schleswig.Holstein",11,39,2024
"Schleswig.Holstein",8,40,2024
"Schleswig.Holstein",9,41,2024
"Schleswig.Holstein",8,42,2024
"Schleswig.Holstein",5,43,2024
"Schleswig.Holstein",6,44,2024
"Schleswig.Holstein",11,45,2024
"Schleswig.Holstein",11,46,2024
"Schleswig.Holstein",11,47,2024
"Schleswig.Holstein",5,48,2024
"Schleswig.Holstein",2,49,2024
"Schleswig.Holstein",8,50,2024
"Schleswig.Holstein",4,51,2024
"Schleswig.Holstein",2,52,2024
"ThÃ.ringen",4,1,2024
"ThÃ.ringen",10,2,2024
"ThÃ.ringen",6,3,2024
"ThÃ.ringen",16,4,2024
"ThÃ.ringen",9,5,2024
"ThÃ.ringen",14,6,2024
"ThÃ.ringen",44,7,2024
"ThÃ.ringen",37,8,2024
"ThÃ.ringen",46,9,2024
"ThÃ.ringen",28,10,2024
"ThÃ.ringen",10,11,2024
"ThÃ.ringen",12,12,2024
"ThÃ.ringen",7,13,2024
"ThÃ.ringen",7,14,2024
"ThÃ.ringen",14,15,2024
"ThÃ.ringen",12,16,2024
"ThÃ.ringen",12,17,2024
"ThÃ.ringen",4,18,2024
"ThÃ.ringen",3,19,2024
"ThÃ.ringen",13,20,2024
"ThÃ.ringen",20,21,2024
"ThÃ.ringen",24,22,2024
"ThÃ.ringen",20,23,2024
"ThÃ.ringen",11,24,2024
"ThÃ.ringen",7,25,2024
"ThÃ.ringen",13,26,2024
"ThÃ.ringen",18,27,2024
"ThÃ.ringen",16,28,2024
"ThÃ.ringen",32,29,2024
"ThÃ.ringen",30,30,2024
"ThÃ.ringen",29,31,2024
"ThÃ.ringen",19,32,2024
"ThÃ.ringen",20,33,2024
"ThÃ.ringen",15,34,2024
"ThÃ.ringen",17,35,2024
"ThÃ.ringen",21,36,2024
"ThÃ.ringen",17,37,2024
"ThÃ.ringen",29,38,2024
"ThÃ.ringen",21,39,2024
"ThÃ.ringen",17,40,2024
"ThÃ.ringen",13,41,2024
"ThÃ.ringen",24,42,2024
"ThÃ.ringen",21,43,2024
"ThÃ.ringen",18,44,2024
"ThÃ.ringen",11,45,2024
"ThÃ.ringen",10,46,2024
"ThÃ.ringen",20,47,2024
"ThÃ.ringen",22,48,2024
"ThÃ.ringen",12,49,2024
"ThÃ.ringen",8,50,2024
"ThÃ.ringen",7,51,2024
"ThÃ.ringen",17,52,2024
