"stratum","value","week","year"
"A00..00",242,1,2025
"A00..00",244,2,2025
"A00..00",222,3,2025
"A00..00",346,4,2025
"A00..00",456,5,2025
"A00..00",522,6,2025
"A00..00",510,7,2025
"A00..00",525,8,2025
"A00..00",521,9,2025
"A00..00",498,10,2025
"A00..00",496,11,2025
"A00..00",419,12,2025
"A00..00",381,13,2025
"A00..00",320,14,2025
"A00..00",249,15,2025
"A00..00",189,16,2025
"A00..00",139,17,2025
"A00..00",100,18,2025
"A00..00",71,19,2025
"A00..00",62,20,2025
"A00..00",30,21,2025
"A00..00",31,22,2025
"A00..00",29,23,2025
"A00..00",14,24,2025
"A00..00",7,25,2025
"A00..00",8,26,2025
"A00..00",9,27,2025
"A00..00",2,28,2025
"A00..00",7,29,2025
"A00..00",3,30,2025
"A00..00",5,31,2025
"A00..00",3,32,2025
"A00..00",1,33,2025
"A00..00",4,34,2025
"A00..00",4,35,2025
"A01..01",145,1,2025
"A01..01",152,2,2025
"A01..01",230,3,2025
"A01..01",410,4,2025
"A01..01",545,5,2025
"A01..01",581,6,2025
"A01..01",633,7,2025
"A01..01",665,8,2025
"A01..01",627,9,2025
"A01..01",654,10,2025
"A01..01",577,11,2025
"A01..01",464,12,2025
"A01..01",433,13,2025
"A01..01",341,14,2025
"A01..01",268,15,2025
"A01..01",182,16,2025
"A01..01",143,17,2025
"A01..01",73,18,2025
"A01..01",55,19,2025
"A01..01",47,20,2025
"A01..01",30,21,2025
"A01..01",24,22,2025
"A01..01",23,23,2025
"A01..01",13,24,2025
"A01..01",9,25,2025
"A01..01",9,26,2025
"A01..01",6,27,2025
"A01..01",9,28,2025
"A01..01",6,29,2025
"A01..01",3,30,2025
"A01..01",1,31,2025
"A01..01",1,32,2025
"A01..01",NA,33,2025
"A01..01",NA,34,2025
"A01..01",NA,35,2025
"A02..02",84,1,2025
"A02..02",91,2,2025
"A02..02",196,3,2025
"A02..02",392,4,2025
"A02..02",454,5,2025
"A02..02",446,6,2025
"A02..02",482,7,2025
"A02..02",481,8,2025
"A02..02",488,9,2025
"A02..02",424,10,2025
"A02..02",406,11,2025
"A02..02",345,12,2025
"A02..02",298,13,2025
"A02..02",228,14,2025
"A02..02",183,15,2025
"A02..02",120,16,2025
"A02..02",75,17,2025
"A02..02",34,18,2025
"A02..02",40,19,2025
"A02..02",38,20,2025
"A02..02",20,21,2025
"A02..02",22,22,2025
"A02..02",14,23,2025
"A02..02",13,24,2025
"A02..02",9,25,2025
"A02..02",10,26,2025
"A02..02",2,27,2025
"A02..02",5,28,2025
"A02..02",1,29,2025
"A02..02",3,30,2025
"A02..02",1,31,2025
"A02..02",NA,32,2025
"A02..02",NA,33,2025
"A02..02",1,34,2025
"A02..02",NA,35,2025
"A03..03",59,1,2025
"A03..03",53,2,2025
"A03..03",96,3,2025
"A03..03",236,4,2025
"A03..03",259,5,2025
"A03..03",248,6,2025
"A03..03",288,7,2025
"A03..03",273,8,2025
"A03..03",274,9,2025
"A03..03",250,10,2025
"A03..03",185,11,2025
"A03..03",194,12,2025
"A03..03",175,13,2025
"A03..03",108,14,2025
"A03..03",93,15,2025
"A03..03",63,16,2025
"A03..03",30,17,2025
"A03..03",21,18,2025
"A03..03",21,19,2025
"A03..03",22,20,2025
"A03..03",19,21,2025
"A03..03",9,22,2025
"A03..03",13,23,2025
"A03..03",7,24,2025
"A03..03",1,25,2025
"A03..03",8,26,2025
"A03..03",3,27,2025
"A03..03",NA,28,2025
"A03..03",1,29,2025
"A03..03",1,30,2025
"A03..03",NA,31,2025
"A03..03",NA,32,2025
"A03..03",NA,33,2025
"A03..03",NA,34,2025
"A03..03",2,35,2025
"A04..04",23,1,2025
"A04..04",39,2,2025
"A04..04",75,3,2025
"A04..04",129,4,2025
"A04..04",157,5,2025
"A04..04",170,6,2025
"A04..04",178,7,2025
"A04..04",162,8,2025
"A04..04",154,9,2025
"A04..04",142,10,2025
"A04..04",133,11,2025
"A04..04",106,12,2025
"A04..04",121,13,2025
"A04..04",69,14,2025
"A04..04",59,15,2025
"A04..04",34,16,2025
"A04..04",16,17,2025
"A04..04",10,18,2025
"A04..04",11,19,2025
"A04..04",7,20,2025
"A04..04",2,21,2025
"A04..04",5,22,2025
"A04..04",1,23,2025
"A04..04",1,24,2025
"A04..04",1,25,2025
"A04..04",1,26,2025
"A04..04",3,27,2025
"A04..04",1,28,2025
"A04..04",NA,29,2025
"A04..04",1,30,2025
"A04..04",NA,31,2025
"A04..04",NA,32,2025
"A04..04",NA,33,2025
"A04..04",NA,34,2025
"A04..04",NA,35,2025
"A05..05",19,1,2025
"A05..05",24,2,2025
"A05..05",34,3,2025
"A05..05",84,4,2025
"A05..05",101,5,2025
"A05..05",108,6,2025
"A05..05",129,7,2025
"A05..05",128,8,2025
"A05..05",103,9,2025
"A05..05",103,10,2025
"A05..05",101,11,2025
"A05..05",78,12,2025
"A05..05",68,13,2025
"A05..05",58,14,2025
"A05..05",47,15,2025
"A05..05",23,16,2025
"A05..05",11,17,2025
"A05..05",8,18,2025
"A05..05",14,19,2025
"A05..05",12,20,2025
"A05..05",6,21,2025
"A05..05",2,22,2025
"A05..05",NA,23,2025
"A05..05",1,24,2025
"A05..05",1,25,2025
"A05..05",1,26,2025
"A05..05",1,27,2025
"A05..05",NA,28,2025
"A05..05",NA,29,2025
"A05..05",NA,30,2025
"A05..05",1,31,2025
"A05..05",NA,32,2025
"A05..05",NA,33,2025
"A05..05",1,34,2025
"A05..05",NA,35,2025
"A06..06",10,1,2025
"A06..06",11,2,2025
"A06..06",22,3,2025
"A06..06",58,4,2025
"A06..06",71,5,2025
"A06..06",56,6,2025
"A06..06",76,7,2025
"A06..06",78,8,2025
"A06..06",85,9,2025
"A06..06",69,10,2025
"A06..06",59,11,2025
"A06..06",65,12,2025
"A06..06",63,13,2025
"A06..06",47,14,2025
"A06..06",21,15,2025
"A06..06",15,16,2025
"A06..06",9,17,2025
"A06..06",1,18,2025
"A06..06",4,19,2025
"A06..06",1,20,2025
"A06..06",3,21,2025
"A06..06",1,22,2025
"A06..06",3,23,2025
"A06..06",1,24,2025
"A06..06",1,25,2025
"A06..06",2,26,2025
"A06..06",1,27,2025
"A06..06",1,28,2025
"A06..06",NA,29,2025
"A06..06",NA,30,2025
"A06..06",NA,31,2025
"A06..06",NA,32,2025
"A06..06",1,33,2025
"A06..06",NA,34,2025
"A06..06",NA,35,2025
"A07..07",11,1,2025
"A07..07",14,2,2025
"A07..07",15,3,2025
"A07..07",37,4,2025
"A07..07",49,5,2025
"A07..07",45,6,2025
"A07..07",51,7,2025
"A07..07",57,8,2025
"A07..07",59,9,2025
"A07..07",62,10,2025
"A07..07",52,11,2025
"A07..07",35,12,2025
"A07..07",45,13,2025
"A07..07",26,14,2025
"A07..07",29,15,2025
"A07..07",6,16,2025
"A07..07",3,17,2025
"A07..07",3,18,2025
"A07..07",1,19,2025
"A07..07",6,20,2025
"A07..07",4,21,2025
"A07..07",2,22,2025
"A07..07",NA,23,2025
"A07..07",NA,24,2025
"A07..07",1,25,2025
"A07..07",NA,26,2025
"A07..07",1,27,2025
"A07..07",NA,28,2025
"A07..07",NA,29,2025
"A07..07",1,30,2025
"A07..07",NA,31,2025
"A07..07",NA,32,2025
"A07..07",NA,33,2025
"A07..07",NA,34,2025
"A07..07",NA,35,2025
"A08..08",3,1,2025
"A08..08",17,2,2025
"A08..08",24,3,2025
"A08..08",31,4,2025
"A08..08",44,5,2025
"A08..08",39,6,2025
"A08..08",40,7,2025
"A08..08",36,8,2025
"A08..08",45,9,2025
"A08..08",27,10,2025
"A08..08",36,11,2025
"A08..08",35,12,2025
"A08..08",34,13,2025
"A08..08",30,14,2025
"A08..08",18,15,2025
"A08..08",6,16,2025
"A08..08",7,17,2025
"A08..08",1,18,2025
"A08..08",3,19,2025
"A08..08",3,20,2025
"A08..08",1,21,2025
"A08..08",1,22,2025
"A08..08",NA,23,2025
"A08..08",NA,24,2025
"A08..08",NA,25,2025
"A08..08",NA,26,2025
"A08..08",NA,27,2025
"A08..08",NA,28,2025
"A08..08",NA,29,2025
"A08..08",1,30,2025
"A08..08",NA,31,2025
"A08..08",NA,32,2025
"A08..08",NA,33,2025
"A08..08",1,34,2025
"A08..08",NA,35,2025
"A09..09",3,1,2025
"A09..09",16,2,2025
"A09..09",13,3,2025
"A09..09",31,4,2025
"A09..09",37,5,2025
"A09..09",36,6,2025
"A09..09",41,7,2025
"A09..09",42,8,2025
"A09..09",47,9,2025
"A09..09",38,10,2025
"A09..09",35,11,2025
"A09..09",27,12,2025
"A09..09",19,13,2025
"A09..09",18,14,2025
"A09..09",13,15,2025
"A09..09",9,16,2025
"A09..09",4,17,2025
"A09..09",2,18,2025
"A09..09",2,19,2025
"A09..09",2,20,2025
"A09..09",2,21,2025
"A09..09",3,22,2025
"A09..09",NA,23,2025
"A09..09",NA,24,2025
"A09..09",1,25,2025
"A09..09",1,26,2025
"A09..09",NA,27,2025
"A09..09",NA,28,2025
"A09..09",NA,29,2025
"A09..09",NA,30,2025
"A09..09",NA,31,2025
"A09..09",NA,32,2025
"A09..09",NA,33,2025
"A09..09",NA,34,2025
"A09..09",NA,35,2025
"A10..10",4,1,2025
"A10..10",5,2,2025
"A10..10",16,3,2025
"A10..10",26,4,2025
"A10..10",17,5,2025
"A10..10",21,6,2025
"A10..10",30,7,2025
"A10..10",38,8,2025
"A10..10",42,9,2025
"A10..10",28,10,2025
"A10..10",38,11,2025
"A10..10",23,12,2025
"A10..10",25,13,2025
"A10..10",15,14,2025
"A10..10",17,15,2025
"A10..10",7,16,2025
"A10..10",10,17,2025
"A10..10",1,18,2025
"A10..10",NA,19,2025
"A10..10",1,20,2025
"A10..10",3,21,2025
"A10..10",3,22,2025
"A10..10",1,23,2025
"A10..10",NA,24,2025
"A10..10",NA,25,2025
"A10..10",1,26,2025
"A10..10",NA,27,2025
"A10..10",NA,28,2025
"A10..10",NA,29,2025
"A10..10",NA,30,2025
"A10..10",NA,31,2025
"A10..10",NA,32,2025
"A10..10",NA,33,2025
"A10..10",NA,34,2025
"A10..10",NA,35,2025
"A11..11",3,1,2025
"A11..11",2,2,2025
"A11..11",6,3,2025
"A11..11",11,4,2025
"A11..11",27,5,2025
"A11..11",28,6,2025
"A11..11",37,7,2025
"A11..11",28,8,2025
"A11..11",42,9,2025
"A11..11",26,10,2025
"A11..11",33,11,2025
"A11..11",16,12,2025
"A11..11",21,13,2025
"A11..11",20,14,2025
"A11..11",15,15,2025
"A11..11",6,16,2025
"A11..11",2,17,2025
"A11..11",4,18,2025
"A11..11",NA,19,2025
"A11..11",NA,20,2025
"A11..11",NA,21,2025
"A11..11",NA,22,2025
"A11..11",NA,23,2025
"A11..11",NA,24,2025
"A11..11",NA,25,2025
"A11..11",NA,26,2025
"A11..11",NA,27,2025
"A11..11",NA,28,2025
"A11..11",NA,29,2025
"A11..11",NA,30,2025
"A11..11",NA,31,2025
"A11..11",NA,32,2025
"A11..11",NA,33,2025
"A11..11",NA,34,2025
"A11..11",NA,35,2025
"A12..12",2,1,2025
"A12..12",2,2,2025
"A12..12",8,3,2025
"A12..12",11,4,2025
"A12..12",26,5,2025
"A12..12",26,6,2025
"A12..12",25,7,2025
"A12..12",35,8,2025
"A12..12",32,9,2025
"A12..12",21,10,2025
"A12..12",28,11,2025
"A12..12",43,12,2025
"A12..12",24,13,2025
"A12..12",22,14,2025
"A12..12",14,15,2025
"A12..12",6,16,2025
"A12..12",2,17,2025
"A12..12",4,18,2025
"A12..12",7,19,2025
"A12..12",1,20,2025
"A12..12",3,21,2025
"A12..12",2,22,2025
"A12..12",2,23,2025
"A12..12",NA,24,2025
"A12..12",NA,25,2025
"A12..12",NA,26,2025
"A12..12",1,27,2025
"A12..12",NA,28,2025
"A12..12",NA,29,2025
"A12..12",NA,30,2025
"A12..12",NA,31,2025
"A12..12",NA,32,2025
"A12..12",NA,33,2025
"A12..12",NA,34,2025
"A12..12",NA,35,2025
"A13..13",2,1,2025
"A13..13",8,2,2025
"A13..13",13,3,2025
"A13..13",20,4,2025
"A13..13",31,5,2025
"A13..13",23,6,2025
"A13..13",25,7,2025
"A13..13",29,8,2025
"A13..13",26,9,2025
"A13..13",30,10,2025
"A13..13",32,11,2025
"A13..13",27,12,2025
"A13..13",34,13,2025
"A13..13",22,14,2025
"A13..13",15,15,2025
"A13..13",6,16,2025
"A13..13",4,17,2025
"A13..13",2,18,2025
"A13..13",2,19,2025
"A13..13",1,20,2025
"A13..13",1,21,2025
"A13..13",NA,22,2025
"A13..13",1,23,2025
"A13..13",NA,24,2025
"A13..13",NA,25,2025
"A13..13",1,26,2025
"A13..13",1,27,2025
"A13..13",NA,28,2025
"A13..13",NA,29,2025
"A13..13",NA,30,2025
"A13..13",1,31,2025
"A13..13",NA,32,2025
"A13..13",NA,33,2025
"A13..13",NA,34,2025
"A13..13",NA,35,2025
"A14..14",3,1,2025
"A14..14",4,2,2025
"A14..14",16,3,2025
"A14..14",21,4,2025
"A14..14",25,5,2025
"A14..14",26,6,2025
"A14..14",19,7,2025
"A14..14",30,8,2025
"A14..14",41,9,2025
"A14..14",26,10,2025
"A14..14",19,11,2025
"A14..14",39,12,2025
"A14..14",27,13,2025
"A14..14",23,14,2025
"A14..14",20,15,2025
"A14..14",3,16,2025
"A14..14",3,17,2025
"A14..14",1,18,2025
"A14..14",2,19,2025
"A14..14",3,20,2025
"A14..14",3,21,2025
"A14..14",NA,22,2025
"A14..14",1,23,2025
"A14..14",NA,24,2025
"A14..14",NA,25,2025
"A14..14",NA,26,2025
"A14..14",NA,27,2025
"A14..14",NA,28,2025
"A14..14",NA,29,2025
"A14..14",NA,30,2025
"A14..14",NA,31,2025
"A14..14",NA,32,2025
"A14..14",NA,33,2025
"A14..14",NA,34,2025
"A14..14",NA,35,2025
"A15..15",NA,1,2025
"A15..15",4,2,2025
"A15..15",10,3,2025
"A15..15",24,4,2025
"A15..15",17,5,2025
"A15..15",23,6,2025
"A15..15",27,7,2025
"A15..15",31,8,2025
"A15..15",28,9,2025
"A15..15",33,10,2025
"A15..15",28,11,2025
"A15..15",31,12,2025
"A15..15",33,13,2025
"A15..15",22,14,2025
"A15..15",12,15,2025
"A15..15",7,16,2025
"A15..15",4,17,2025
"A15..15",3,18,2025
"A15..15",3,19,2025
"A15..15",1,20,2025
"A15..15",4,21,2025
"A15..15",NA,22,2025
"A15..15",NA,23,2025
"A15..15",NA,24,2025
"A15..15",NA,25,2025
"A15..15",NA,26,2025
"A15..15",NA,27,2025
"A15..15",NA,28,2025
"A15..15",NA,29,2025
"A15..15",NA,30,2025
"A15..15",NA,31,2025
"A15..15",NA,32,2025
"A15..15",NA,33,2025
"A15..15",NA,34,2025
"A15..15",NA,35,2025
"A16..16",4,1,2025
"A16..16",9,2,2025
"A16..16",10,3,2025
"A16..16",14,4,2025
"A16..16",25,5,2025
"A16..16",16,6,2025
"A16..16",28,7,2025
"A16..16",27,8,2025
"A16..16",30,9,2025
"A16..16",24,10,2025
"A16..16",32,11,2025
"A16..16",29,12,2025
"A16..16",36,13,2025
"A16..16",15,14,2025
"A16..16",14,15,2025
"A16..16",4,16,2025
"A16..16",6,17,2025
"A16..16",NA,18,2025
"A16..16",NA,19,2025
"A16..16",3,20,2025
"A16..16",1,21,2025
"A16..16",NA,22,2025
"A16..16",1,23,2025
"A16..16",NA,24,2025
"A16..16",NA,25,2025
"A16..16",NA,26,2025
"A16..16",NA,27,2025
"A16..16",NA,28,2025
"A16..16",NA,29,2025
"A16..16",NA,30,2025
"A16..16",NA,31,2025
"A16..16",1,32,2025
"A16..16",NA,33,2025
"A16..16",NA,34,2025
"A16..16",NA,35,2025
"A17..17",1,1,2025
"A17..17",9,2,2025
"A17..17",6,3,2025
"A17..17",13,4,2025
"A17..17",18,5,2025
"A17..17",10,6,2025
"A17..17",19,7,2025
"A17..17",43,8,2025
"A17..17",31,9,2025
"A17..17",40,10,2025
"A17..17",25,11,2025
"A17..17",24,12,2025
"A17..17",16,13,2025
"A17..17",18,14,2025
"A17..17",14,15,2025
"A17..17",8,16,2025
"A17..17",3,17,2025
"A17..17",4,18,2025
"A17..17",NA,19,2025
"A17..17",NA,20,2025
"A17..17",1,21,2025
"A17..17",NA,22,2025
"A17..17",1,23,2025
"A17..17",NA,24,2025
"A17..17",NA,25,2025
"A17..17",1,26,2025
"A17..17",1,27,2025
"A17..17",NA,28,2025
"A17..17",NA,29,2025
"A17..17",NA,30,2025
"A17..17",NA,31,2025
"A17..17",NA,32,2025
"A17..17",NA,33,2025
"A17..17",NA,34,2025
"A17..17",NA,35,2025
"A18..18",3,1,2025
"A18..18",8,2,2025
"A18..18",6,3,2025
"A18..18",15,4,2025
"A18..18",27,5,2025
"A18..18",14,6,2025
"A18..18",19,7,2025
"A18..18",22,8,2025
"A18..18",23,9,2025
"A18..18",24,10,2025
"A18..18",18,11,2025
"A18..18",20,12,2025
"A18..18",10,13,2025
"A18..18",13,14,2025
"A18..18",10,15,2025
"A18..18",6,16,2025
"A18..18",5,17,2025
"A18..18",3,18,2025
"A18..18",3,19,2025
"A18..18",4,20,2025
"A18..18",2,21,2025
"A18..18",1,22,2025
"A18..18",NA,23,2025
"A18..18",NA,24,2025
"A18..18",1,25,2025
"A18..18",NA,26,2025
"A18..18",NA,27,2025
"A18..18",NA,28,2025
"A18..18",1,29,2025
"A18..18",1,30,2025
"A18..18",NA,31,2025
"A18..18",1,32,2025
"A18..18",NA,33,2025
"A18..18",NA,34,2025
"A18..18",NA,35,2025
"A19..19",1,1,2025
"A19..19",5,2,2025
"A19..19",9,3,2025
"A19..19",13,4,2025
"A19..19",7,5,2025
"A19..19",20,6,2025
"A19..19",15,7,2025
"A19..19",21,8,2025
"A19..19",16,9,2025
"A19..19",16,10,2025
"A19..19",26,11,2025
"A19..19",18,12,2025
"A19..19",11,13,2025
"A19..19",14,14,2025
"A19..19",9,15,2025
"A19..19",3,16,2025
"A19..19",3,17,2025
"A19..19",2,18,2025
"A19..19",2,19,2025
"A19..19",1,20,2025
"A19..19",NA,21,2025
"A19..19",NA,22,2025
"A19..19",2,23,2025
"A19..19",NA,24,2025
"A19..19",NA,25,2025
"A19..19",NA,26,2025
"A19..19",NA,27,2025
"A19..19",NA,28,2025
"A19..19",NA,29,2025
"A19..19",NA,30,2025
"A19..19",NA,31,2025
"A19..19",NA,32,2025
"A19..19",NA,33,2025
"A19..19",NA,34,2025
"A19..19",NA,35,2025
"A20..20",NA,1,2025
"A20..20",3,2,2025
"A20..20",5,3,2025
"A20..20",4,4,2025
"A20..20",9,5,2025
"A20..20",14,6,2025
"A20..20",17,7,2025
"A20..20",19,8,2025
"A20..20",12,9,2025
"A20..20",17,10,2025
"A20..20",22,11,2025
"A20..20",18,12,2025
"A20..20",11,13,2025
"A20..20",12,14,2025
"A20..20",6,15,2025
"A20..20",6,16,2025
"A20..20",NA,17,2025
"A20..20",3,18,2025
"A20..20",2,19,2025
"A20..20",2,20,2025
"A20..20",1,21,2025
"A20..20",2,22,2025
"A20..20",NA,23,2025
"A20..20",1,24,2025
"A20..20",NA,25,2025
"A20..20",NA,26,2025
"A20..20",3,27,2025
"A20..20",NA,28,2025
"A20..20",NA,29,2025
"A20..20",NA,30,2025
"A20..20",NA,31,2025
"A20..20",NA,32,2025
"A20..20",NA,33,2025
"A20..20",NA,34,2025
"A20..20",NA,35,2025
"A21..21",1,1,2025
"A21..21",6,2,2025
"A21..21",5,3,2025
"A21..21",5,4,2025
"A21..21",6,5,2025
"A21..21",5,6,2025
"A21..21",9,7,2025
"A21..21",20,8,2025
"A21..21",24,9,2025
"A21..21",18,10,2025
"A21..21",15,11,2025
"A21..21",23,12,2025
"A21..21",9,13,2025
"A21..21",13,14,2025
"A21..21",13,15,2025
"A21..21",7,16,2025
"A21..21",4,17,2025
"A21..21",NA,18,2025
"A21..21",NA,19,2025
"A21..21",1,20,2025
"A21..21",NA,21,2025
"A21..21",NA,22,2025
"A21..21",1,23,2025
"A21..21",NA,24,2025
"A21..21",NA,25,2025
"A21..21",NA,26,2025
"A21..21",NA,27,2025
"A21..21",NA,28,2025
"A21..21",NA,29,2025
"A21..21",NA,30,2025
"A21..21",NA,31,2025
"A21..21",NA,32,2025
"A21..21",NA,33,2025
"A21..21",NA,34,2025
"A21..21",NA,35,2025
"A22..22",4,1,2025
"A22..22",5,2,2025
"A22..22",6,3,2025
"A22..22",7,4,2025
"A22..22",5,5,2025
"A22..22",14,6,2025
"A22..22",12,7,2025
"A22..22",18,8,2025
"A22..22",18,9,2025
"A22..22",19,10,2025
"A22..22",10,11,2025
"A22..22",13,12,2025
"A22..22",13,13,2025
"A22..22",14,14,2025
"A22..22",7,15,2025
"A22..22",4,16,2025
"A22..22",6,17,2025
"A22..22",2,18,2025
"A22..22",NA,19,2025
"A22..22",1,20,2025
"A22..22",NA,21,2025
"A22..22",NA,22,2025
"A22..22",1,23,2025
"A22..22",NA,24,2025
"A22..22",NA,25,2025
"A22..22",NA,26,2025
"A22..22",NA,27,2025
"A22..22",NA,28,2025
"A22..22",NA,29,2025
"A22..22",NA,30,2025
"A22..22",NA,31,2025
"A22..22",NA,32,2025
"A22..22",NA,33,2025
"A22..22",1,34,2025
"A22..22",1,35,2025
"A23..23",NA,1,2025
"A23..23",8,2,2025
"A23..23",1,3,2025
"A23..23",4,4,2025
"A23..23",13,5,2025
"A23..23",13,6,2025
"A23..23",19,7,2025
"A23..23",21,8,2025
"A23..23",19,9,2025
"A23..23",18,10,2025
"A23..23",18,11,2025
"A23..23",13,12,2025
"A23..23",12,13,2025
"A23..23",10,14,2025
"A23..23",5,15,2025
"A23..23",6,16,2025
"A23..23",2,17,2025
"A23..23",NA,18,2025
"A23..23",3,19,2025
"A23..23",NA,20,2025
"A23..23",NA,21,2025
"A23..23",2,22,2025
"A23..23",NA,23,2025
"A23..23",NA,24,2025
"A23..23",NA,25,2025
"A23..23",NA,26,2025
"A23..23",NA,27,2025
"A23..23",NA,28,2025
"A23..23",NA,29,2025
"A23..23",NA,30,2025
"A23..23",1,31,2025
"A23..23",NA,32,2025
"A23..23",NA,33,2025
"A23..23",1,34,2025
"A23..23",1,35,2025
"A24..24",1,1,2025
"A24..24",2,2,2025
"A24..24",5,3,2025
"A24..24",5,4,2025
"A24..24",15,5,2025
"A24..24",14,6,2025
"A24..24",12,7,2025
"A24..24",20,8,2025
"A24..24",21,9,2025
"A24..24",12,10,2025
"A24..24",15,11,2025
"A24..24",18,12,2025
"A24..24",11,13,2025
"A24..24",10,14,2025
"A24..24",14,15,2025
"A24..24",2,16,2025
"A24..24",2,17,2025
"A24..24",3,18,2025
"A24..24",2,19,2025
"A24..24",1,20,2025
"A24..24",1,21,2025
"A24..24",1,22,2025
"A24..24",1,23,2025
"A24..24",1,24,2025
"A24..24",NA,25,2025
"A24..24",NA,26,2025
"A24..24",NA,27,2025
"A24..24",NA,28,2025
"A24..24",NA,29,2025
"A24..24",NA,30,2025
"A24..24",NA,31,2025
"A24..24",NA,32,2025
"A24..24",1,33,2025
"A24..24",NA,34,2025
"A24..24",NA,35,2025
"A25..25",2,1,2025
"A25..25",6,2,2025
"A25..25",6,3,2025
"A25..25",11,4,2025
"A25..25",12,5,2025
"A25..25",11,6,2025
"A25..25",19,7,2025
"A25..25",14,8,2025
"A25..25",23,9,2025
"A25..25",20,10,2025
"A25..25",21,11,2025
"A25..25",29,12,2025
"A25..25",16,13,2025
"A25..25",9,14,2025
"A25..25",11,15,2025
"A25..25",7,16,2025
"A25..25",1,17,2025
"A25..25",3,18,2025
"A25..25",NA,19,2025
"A25..25",4,20,2025
"A25..25",1,21,2025
"A25..25",2,22,2025
"A25..25",NA,23,2025
"A25..25",NA,24,2025
"A25..25",NA,25,2025
"A25..25",NA,26,2025
"A25..25",NA,27,2025
"A25..25",NA,28,2025
"A25..25",1,29,2025
"A25..25",NA,30,2025
"A25..25",NA,31,2025
"A25..25",NA,32,2025
"A25..25",NA,33,2025
"A25..25",NA,34,2025
"A25..25",NA,35,2025
"A26..26",3,1,2025
"A26..26",6,2,2025
"A26..26",8,3,2025
"A26..26",6,4,2025
"A26..26",11,5,2025
"A26..26",13,6,2025
"A26..26",16,7,2025
"A26..26",19,8,2025
"A26..26",24,9,2025
"A26..26",19,10,2025
"A26..26",24,11,2025
"A26..26",18,12,2025
"A26..26",15,13,2025
"A26..26",5,14,2025
"A26..26",10,15,2025
"A26..26",4,16,2025
"A26..26",5,17,2025
"A26..26",5,18,2025
"A26..26",5,19,2025
"A26..26",NA,20,2025
"A26..26",NA,21,2025
"A26..26",1,22,2025
"A26..26",1,23,2025
"A26..26",NA,24,2025
"A26..26",NA,25,2025
"A26..26",NA,26,2025
"A26..26",NA,27,2025
"A26..26",NA,28,2025
"A26..26",NA,29,2025
"A26..26",1,30,2025
"A26..26",1,31,2025
"A26..26",NA,32,2025
"A26..26",NA,33,2025
"A26..26",1,34,2025
"A26..26",NA,35,2025
"A27..27",2,1,2025
"A27..27",3,2,2025
"A27..27",4,3,2025
"A27..27",15,4,2025
"A27..27",12,5,2025
"A27..27",11,6,2025
"A27..27",16,7,2025
"A27..27",20,8,2025
"A27..27",21,9,2025
"A27..27",23,10,2025
"A27..27",25,11,2025
"A27..27",17,12,2025
"A27..27",14,13,2025
"A27..27",10,14,2025
"A27..27",8,15,2025
"A27..27",7,16,2025
"A27..27",2,17,2025
"A27..27",1,18,2025
"A27..27",3,19,2025
"A27..27",3,20,2025
"A27..27",4,21,2025
"A27..27",1,22,2025
"A27..27",1,23,2025
"A27..27",NA,24,2025
"A27..27",NA,25,2025
"A27..27",NA,26,2025
"A27..27",1,27,2025
"A27..27",1,28,2025
"A27..27",NA,29,2025
"A27..27",NA,30,2025
"A27..27",NA,31,2025
"A27..27",NA,32,2025
"A27..27",NA,33,2025
"A27..27",NA,34,2025
"A27..27",NA,35,2025
"A28..28",5,1,2025
"A28..28",11,2,2025
"A28..28",5,3,2025
"A28..28",10,4,2025
"A28..28",14,5,2025
"A28..28",19,6,2025
"A28..28",14,7,2025
"A28..28",22,8,2025
"A28..28",18,9,2025
"A28..28",20,10,2025
"A28..28",22,11,2025
"A28..28",17,12,2025
"A28..28",19,13,2025
"A28..28",7,14,2025
"A28..28",7,15,2025
"A28..28",4,16,2025
"A28..28",5,17,2025
"A28..28",4,18,2025
"A28..28",4,19,2025
"A28..28",3,20,2025
"A28..28",2,21,2025
"A28..28",1,22,2025
"A28..28",2,23,2025
"A28..28",NA,24,2025
"A28..28",NA,25,2025
"A28..28",NA,26,2025
"A28..28",NA,27,2025
"A28..28",NA,28,2025
"A28..28",NA,29,2025
"A28..28",NA,30,2025
"A28..28",NA,31,2025
"A28..28",NA,32,2025
"A28..28",NA,33,2025
"A28..28",NA,34,2025
"A28..28",NA,35,2025
"A29..29",3,1,2025
"A29..29",3,2,2025
"A29..29",8,3,2025
"A29..29",8,4,2025
"A29..29",12,5,2025
"A29..29",17,6,2025
"A29..29",22,7,2025
"A29..29",25,8,2025
"A29..29",25,9,2025
"A29..29",24,10,2025
"A29..29",30,11,2025
"A29..29",11,12,2025
"A29..29",5,13,2025
"A29..29",8,14,2025
"A29..29",10,15,2025
"A29..29",2,16,2025
"A29..29",1,17,2025
"A29..29",NA,18,2025
"A29..29",3,19,2025
"A29..29",NA,20,2025
"A29..29",NA,21,2025
"A29..29",1,22,2025
"A29..29",NA,23,2025
"A29..29",NA,24,2025
"A29..29",NA,25,2025
"A29..29",1,26,2025
"A29..29",NA,27,2025
"A29..29",NA,28,2025
"A29..29",1,29,2025
"A29..29",NA,30,2025
"A29..29",NA,31,2025
"A29..29",NA,32,2025
"A29..29",NA,33,2025
"A29..29",NA,34,2025
"A29..29",NA,35,2025
"A30..30",4,1,2025
"A30..30",5,2,2025
"A30..30",11,3,2025
"A30..30",10,4,2025
"A30..30",9,5,2025
"A30..30",22,6,2025
"A30..30",26,7,2025
"A30..30",25,8,2025
"A30..30",22,9,2025
"A30..30",25,10,2025
"A30..30",23,11,2025
"A30..30",14,12,2025
"A30..30",14,13,2025
"A30..30",10,14,2025
"A30..30",9,15,2025
"A30..30",2,16,2025
"A30..30",5,17,2025
"A30..30",2,18,2025
"A30..30",6,19,2025
"A30..30",1,20,2025
"A30..30",1,21,2025
"A30..30",NA,22,2025
"A30..30",1,23,2025
"A30..30",NA,24,2025
"A30..30",NA,25,2025
"A30..30",1,26,2025
"A30..30",1,27,2025
"A30..30",NA,28,2025
"A30..30",NA,29,2025
"A30..30",NA,30,2025
"A30..30",1,31,2025
"A30..30",NA,32,2025
"A30..30",NA,33,2025
"A30..30",2,34,2025
"A30..30",NA,35,2025
"A31..31",3,1,2025
"A31..31",7,2,2025
"A31..31",NA,3,2025
"A31..31",13,4,2025
"A31..31",18,5,2025
"A31..31",24,6,2025
"A31..31",24,7,2025
"A31..31",18,8,2025
"A31..31",28,9,2025
"A31..31",22,10,2025
"A31..31",29,11,2025
"A31..31",13,12,2025
"A31..31",16,13,2025
"A31..31",10,14,2025
"A31..31",8,15,2025
"A31..31",5,16,2025
"A31..31",1,17,2025
"A31..31",4,18,2025
"A31..31",NA,19,2025
"A31..31",NA,20,2025
"A31..31",2,21,2025
"A31..31",NA,22,2025
"A31..31",NA,23,2025
"A31..31",NA,24,2025
"A31..31",1,25,2025
"A31..31",NA,26,2025
"A31..31",NA,27,2025
"A31..31",1,28,2025
"A31..31",NA,29,2025
"A31..31",NA,30,2025
"A31..31",NA,31,2025
"A31..31",NA,32,2025
"A31..31",NA,33,2025
"A31..31",NA,34,2025
"A31..31",NA,35,2025
"A32..32",6,1,2025
"A32..32",10,2,2025
"A32..32",8,3,2025
"A32..32",11,4,2025
"A32..32",11,5,2025
"A32..32",23,6,2025
"A32..32",17,7,2025
"A32..32",19,8,2025
"A32..32",19,9,2025
"A32..32",18,10,2025
"A32..32",25,11,2025
"A32..32",15,12,2025
"A32..32",18,13,2025
"A32..32",17,14,2025
"A32..32",6,15,2025
"A32..32",5,16,2025
"A32..32",4,17,2025
"A32..32",1,18,2025
"A32..32",2,19,2025
"A32..32",2,20,2025
"A32..32",1,21,2025
"A32..32",NA,22,2025
"A32..32",1,23,2025
"A32..32",NA,24,2025
"A32..32",2,25,2025
"A32..32",NA,26,2025
"A32..32",NA,27,2025
"A32..32",NA,28,2025
"A32..32",1,29,2025
"A32..32",NA,30,2025
"A32..32",NA,31,2025
"A32..32",NA,32,2025
"A32..32",NA,33,2025
"A32..32",2,34,2025
"A32..32",NA,35,2025
"A33..33",2,1,2025
"A33..33",8,2,2025
"A33..33",5,3,2025
"A33..33",12,4,2025
"A33..33",23,5,2025
"A33..33",21,6,2025
"A33..33",29,7,2025
"A33..33",29,8,2025
"A33..33",22,9,2025
"A33..33",17,10,2025
"A33..33",25,11,2025
"A33..33",21,12,2025
"A33..33",26,13,2025
"A33..33",14,14,2025
"A33..33",13,15,2025
"A33..33",6,16,2025
"A33..33",5,17,2025
"A33..33",3,18,2025
"A33..33",4,19,2025
"A33..33",3,20,2025
"A33..33",1,21,2025
"A33..33",NA,22,2025
"A33..33",1,23,2025
"A33..33",1,24,2025
"A33..33",NA,25,2025
"A33..33",NA,26,2025
"A33..33",1,27,2025
"A33..33",NA,28,2025
"A33..33",NA,29,2025
"A33..33",NA,30,2025
"A33..33",NA,31,2025
"A33..33",NA,32,2025
"A33..33",NA,33,2025
"A33..33",NA,34,2025
"A33..33",NA,35,2025
"A34..34",3,1,2025
"A34..34",6,2,2025
"A34..34",8,3,2025
"A34..34",13,4,2025
"A34..34",22,5,2025
"A34..34",24,6,2025
"A34..34",28,7,2025
"A34..34",29,8,2025
"A34..34",35,9,2025
"A34..34",39,10,2025
"A34..34",30,11,2025
"A34..34",18,12,2025
"A34..34",19,13,2025
"A34..34",12,14,2025
"A34..34",12,15,2025
"A34..34",5,16,2025
"A34..34",1,17,2025
"A34..34",3,18,2025
"A34..34",5,19,2025
"A34..34",2,20,2025
"A34..34",1,21,2025
"A34..34",NA,22,2025
"A34..34",2,23,2025
"A34..34",1,24,2025
"A34..34",NA,25,2025
"A34..34",NA,26,2025
"A34..34",1,27,2025
"A34..34",NA,28,2025
"A34..34",NA,29,2025
"A34..34",NA,30,2025
"A34..34",NA,31,2025
"A34..34",1,32,2025
"A34..34",NA,33,2025
"A34..34",NA,34,2025
"A34..34",NA,35,2025
"A35..35",5,1,2025
"A35..35",5,2,2025
"A35..35",9,3,2025
"A35..35",9,4,2025
"A35..35",26,5,2025
"A35..35",23,6,2025
"A35..35",32,7,2025
"A35..35",37,8,2025
"A35..35",35,9,2025
"A35..35",23,10,2025
"A35..35",29,11,2025
"A35..35",21,12,2025
"A35..35",14,13,2025
"A35..35",17,14,2025
"A35..35",12,15,2025
"A35..35",3,16,2025
"A35..35",6,17,2025
"A35..35",2,18,2025
"A35..35",2,19,2025
"A35..35",7,20,2025
"A35..35",1,21,2025
"A35..35",2,22,2025
"A35..35",NA,23,2025
"A35..35",NA,24,2025
"A35..35",NA,25,2025
"A35..35",NA,26,2025
"A35..35",1,27,2025
"A35..35",NA,28,2025
"A35..35",NA,29,2025
"A35..35",NA,30,2025
"A35..35",NA,31,2025
"A35..35",NA,32,2025
"A35..35",NA,33,2025
"A35..35",2,34,2025
"A35..35",1,35,2025
"A36..36",5,1,2025
"A36..36",18,2,2025
"A36..36",9,3,2025
"A36..36",12,4,2025
"A36..36",18,5,2025
"A36..36",31,6,2025
"A36..36",30,7,2025
"A36..36",34,8,2025
"A36..36",22,9,2025
"A36..36",27,10,2025
"A36..36",27,11,2025
"A36..36",25,12,2025
"A36..36",22,13,2025
"A36..36",22,14,2025
"A36..36",15,15,2025
"A36..36",6,16,2025
"A36..36",3,17,2025
"A36..36",2,18,2025
"A36..36",1,19,2025
"A36..36",3,20,2025
"A36..36",2,21,2025
"A36..36",1,22,2025
"A36..36",2,23,2025
"A36..36",1,24,2025
"A36..36",NA,25,2025
"A36..36",NA,26,2025
"A36..36",NA,27,2025
"A36..36",NA,28,2025
"A36..36",NA,29,2025
"A36..36",1,30,2025
"A36..36",NA,31,2025
"A36..36",NA,32,2025
"A36..36",NA,33,2025
"A36..36",NA,34,2025
"A36..36",NA,35,2025
"A37..37",2,1,2025
"A37..37",4,2,2025
"A37..37",10,3,2025
"A37..37",22,4,2025
"A37..37",13,5,2025
"A37..37",24,6,2025
"A37..37",17,7,2025
"A37..37",29,8,2025
"A37..37",33,9,2025
"A37..37",35,10,2025
"A37..37",25,11,2025
"A37..37",16,12,2025
"A37..37",15,13,2025
"A37..37",17,14,2025
"A37..37",11,15,2025
"A37..37",7,16,2025
"A37..37",4,17,2025
"A37..37",5,18,2025
"A37..37",NA,19,2025
"A37..37",3,20,2025
"A37..37",NA,21,2025
"A37..37",NA,22,2025
"A37..37",3,23,2025
"A37..37",1,24,2025
"A37..37",1,25,2025
"A37..37",NA,26,2025
"A37..37",1,27,2025
"A37..37",NA,28,2025
"A37..37",NA,29,2025
"A37..37",NA,30,2025
"A37..37",NA,31,2025
"A37..37",NA,32,2025
"A37..37",NA,33,2025
"A37..37",1,34,2025
"A37..37",NA,35,2025
"A38..38",2,1,2025
"A38..38",8,2,2025
"A38..38",4,3,2025
"A38..38",13,4,2025
"A38..38",30,5,2025
"A38..38",23,6,2025
"A38..38",20,7,2025
"A38..38",32,8,2025
"A38..38",30,9,2025
"A38..38",26,10,2025
"A38..38",30,11,2025
"A38..38",18,12,2025
"A38..38",16,13,2025
"A38..38",10,14,2025
"A38..38",8,15,2025
"A38..38",11,16,2025
"A38..38",4,17,2025
"A38..38",6,18,2025
"A38..38",2,19,2025
"A38..38",1,20,2025
"A38..38",2,21,2025
"A38..38",1,22,2025
"A38..38",NA,23,2025
"A38..38",1,24,2025
"A38..38",NA,25,2025
"A38..38",1,26,2025
"A38..38",NA,27,2025
"A38..38",1,28,2025
"A38..38",NA,29,2025
"A38..38",1,30,2025
"A38..38",NA,31,2025
"A38..38",NA,32,2025
"A38..38",NA,33,2025
"A38..38",NA,34,2025
"A38..38",NA,35,2025
"A39..39",3,1,2025
"A39..39",5,2,2025
"A39..39",2,3,2025
"A39..39",12,4,2025
"A39..39",17,5,2025
"A39..39",20,6,2025
"A39..39",24,7,2025
"A39..39",21,8,2025
"A39..39",26,9,2025
"A39..39",28,10,2025
"A39..39",34,11,2025
"A39..39",25,12,2025
"A39..39",22,13,2025
"A39..39",11,14,2025
"A39..39",10,15,2025
"A39..39",6,16,2025
"A39..39",3,17,2025
"A39..39",2,18,2025
"A39..39",4,19,2025
"A39..39",3,20,2025
"A39..39",3,21,2025
"A39..39",1,22,2025
"A39..39",NA,23,2025
"A39..39",NA,24,2025
"A39..39",NA,25,2025
"A39..39",NA,26,2025
"A39..39",NA,27,2025
"A39..39",NA,28,2025
"A39..39",NA,29,2025
"A39..39",NA,30,2025
"A39..39",NA,31,2025
"A39..39",1,32,2025
"A39..39",NA,33,2025
"A39..39",1,34,2025
"A39..39",1,35,2025
"A40..40",1,1,2025
"A40..40",5,2,2025
"A40..40",4,3,2025
"A40..40",9,4,2025
"A40..40",22,5,2025
"A40..40",18,6,2025
"A40..40",21,7,2025
"A40..40",22,8,2025
"A40..40",30,9,2025
"A40..40",17,10,2025
"A40..40",23,11,2025
"A40..40",22,12,2025
"A40..40",17,13,2025
"A40..40",12,14,2025
"A40..40",12,15,2025
"A40..40",5,16,2025
"A40..40",4,17,2025
"A40..40",6,18,2025
"A40..40",NA,19,2025
"A40..40",4,20,2025
"A40..40",1,21,2025
"A40..40",NA,22,2025
"A40..40",2,23,2025
"A40..40",NA,24,2025
"A40..40",NA,25,2025
"A40..40",1,26,2025
"A40..40",1,27,2025
"A40..40",NA,28,2025
"A40..40",NA,29,2025
"A40..40",NA,30,2025
"A40..40",NA,31,2025
"A40..40",NA,32,2025
"A40..40",NA,33,2025
"A40..40",NA,34,2025
"A40..40",NA,35,2025
"A41..41",1,1,2025
"A41..41",3,2,2025
"A41..41",5,3,2025
"A41..41",8,4,2025
"A41..41",18,5,2025
"A41..41",20,6,2025
"A41..41",23,7,2025
"A41..41",23,8,2025
"A41..41",20,9,2025
"A41..41",24,10,2025
"A41..41",25,11,2025
"A41..41",28,12,2025
"A41..41",15,13,2025
"A41..41",15,14,2025
"A41..41",13,15,2025
"A41..41",2,16,2025
"A41..41",6,17,2025
"A41..41",3,18,2025
"A41..41",1,19,2025
"A41..41",NA,20,2025
"A41..41",2,21,2025
"A41..41",1,22,2025
"A41..41",NA,23,2025
"A41..41",NA,24,2025
"A41..41",1,25,2025
"A41..41",1,26,2025
"A41..41",NA,27,2025
"A41..41",1,28,2025
"A41..41",NA,29,2025
"A41..41",NA,30,2025
"A41..41",NA,31,2025
"A41..41",1,32,2025
"A41..41",NA,33,2025
"A41..41",NA,34,2025
"A41..41",NA,35,2025
"A42..42",NA,1,2025
"A42..42",7,2,2025
"A42..42",5,3,2025
"A42..42",10,4,2025
"A42..42",23,5,2025
"A42..42",20,6,2025
"A42..42",19,7,2025
"A42..42",29,8,2025
"A42..42",26,9,2025
"A42..42",26,10,2025
"A42..42",23,11,2025
"A42..42",31,12,2025
"A42..42",18,13,2025
"A42..42",19,14,2025
"A42..42",7,15,2025
"A42..42",11,16,2025
"A42..42",4,17,2025
"A42..42",2,18,2025
"A42..42",NA,19,2025
"A42..42",NA,20,2025
"A42..42",1,21,2025
"A42..42",1,22,2025
"A42..42",2,23,2025
"A42..42",NA,24,2025
"A42..42",NA,25,2025
"A42..42",NA,26,2025
"A42..42",NA,27,2025
"A42..42",NA,28,2025
"A42..42",NA,29,2025
"A42..42",NA,30,2025
"A42..42",NA,31,2025
"A42..42",NA,32,2025
"A42..42",NA,33,2025
"A42..42",NA,34,2025
"A42..42",NA,35,2025
"A43..43",3,1,2025
"A43..43",5,2,2025
"A43..43",6,3,2025
"A43..43",9,4,2025
"A43..43",12,5,2025
"A43..43",19,6,2025
"A43..43",20,7,2025
"A43..43",26,8,2025
"A43..43",24,9,2025
"A43..43",30,10,2025
"A43..43",19,11,2025
"A43..43",18,12,2025
"A43..43",13,13,2025
"A43..43",21,14,2025
"A43..43",8,15,2025
"A43..43",13,16,2025
"A43..43",2,17,2025
"A43..43",2,18,2025
"A43..43",4,19,2025
"A43..43",NA,20,2025
"A43..43",NA,21,2025
"A43..43",1,22,2025
"A43..43",NA,23,2025
"A43..43",NA,24,2025
"A43..43",NA,25,2025
"A43..43",NA,26,2025
"A43..43",NA,27,2025
"A43..43",NA,28,2025
"A43..43",NA,29,2025
"A43..43",NA,30,2025
"A43..43",NA,31,2025
"A43..43",NA,32,2025
"A43..43",NA,33,2025
"A43..43",1,34,2025
"A43..43",NA,35,2025
"A44..44",8,1,2025
"A44..44",8,2,2025
"A44..44",4,3,2025
"A44..44",15,4,2025
"A44..44",17,5,2025
"A44..44",21,6,2025
"A44..44",17,7,2025
"A44..44",26,8,2025
"A44..44",34,9,2025
"A44..44",30,10,2025
"A44..44",29,11,2025
"A44..44",27,12,2025
"A44..44",18,13,2025
"A44..44",16,14,2025
"A44..44",12,15,2025
"A44..44",6,16,2025
"A44..44",4,17,2025
"A44..44",3,18,2025
"A44..44",2,19,2025
"A44..44",4,20,2025
"A44..44",2,21,2025
"A44..44",NA,22,2025
"A44..44",NA,23,2025
"A44..44",1,24,2025
"A44..44",NA,25,2025
"A44..44",NA,26,2025
"A44..44",NA,27,2025
"A44..44",NA,28,2025
"A44..44",NA,29,2025
"A44..44",NA,30,2025
"A44..44",NA,31,2025
"A44..44",NA,32,2025
"A44..44",NA,33,2025
"A44..44",NA,34,2025
"A44..44",NA,35,2025
"A45..45",2,1,2025
"A45..45",7,2,2025
"A45..45",11,3,2025
"A45..45",14,4,2025
"A45..45",11,5,2025
"A45..45",16,6,2025
"A45..45",24,7,2025
"A45..45",28,8,2025
"A45..45",37,9,2025
"A45..45",32,10,2025
"A45..45",32,11,2025
"A45..45",18,12,2025
"A45..45",24,13,2025
"A45..45",15,14,2025
"A45..45",12,15,2025
"A45..45",9,16,2025
"A45..45",4,17,2025
"A45..45",5,18,2025
"A45..45",3,19,2025
"A45..45",3,20,2025
"A45..45",1,21,2025
"A45..45",1,22,2025
"A45..45",NA,23,2025
"A45..45",NA,24,2025
"A45..45",NA,25,2025
"A45..45",NA,26,2025
"A45..45",NA,27,2025
"A45..45",NA,28,2025
"A45..45",NA,29,2025
"A45..45",NA,30,2025
"A45..45",1,31,2025
"A45..45",NA,32,2025
"A45..45",NA,33,2025
"A45..45",NA,34,2025
"A45..45",NA,35,2025
"A46..46",2,1,2025
"A46..46",6,2,2025
"A46..46",7,3,2025
"A46..46",14,4,2025
"A46..46",9,5,2025
"A46..46",21,6,2025
"A46..46",23,7,2025
"A46..46",15,8,2025
"A46..46",25,9,2025
"A46..46",28,10,2025
"A46..46",31,11,2025
"A46..46",28,12,2025
"A46..46",20,13,2025
"A46..46",15,14,2025
"A46..46",12,15,2025
"A46..46",9,16,2025
"A46..46",6,17,2025
"A46..46",2,18,2025
"A46..46",5,19,2025
"A46..46",2,20,2025
"A46..46",NA,21,2025
"A46..46",NA,22,2025
"A46..46",NA,23,2025
"A46..46",1,24,2025
"A46..46",1,25,2025
"A46..46",1,26,2025
"A46..46",NA,27,2025
"A46..46",NA,28,2025
"A46..46",NA,29,2025
"A46..46",NA,30,2025
"A46..46",NA,31,2025
"A46..46",NA,32,2025
"A46..46",NA,33,2025
"A46..46",NA,34,2025
"A46..46",NA,35,2025
"A47..47",1,1,2025
"A47..47",5,2,2025
"A47..47",3,3,2025
"A47..47",8,4,2025
"A47..47",24,5,2025
"A47..47",17,6,2025
"A47..47",27,7,2025
"A47..47",31,8,2025
"A47..47",34,9,2025
"A47..47",30,10,2025
"A47..47",19,11,2025
"A47..47",24,12,2025
"A47..47",26,13,2025
"A47..47",26,14,2025
"A47..47",15,15,2025
"A47..47",5,16,2025
"A47..47",8,17,2025
"A47..47",4,18,2025
"A47..47",3,19,2025
"A47..47",2,20,2025
"A47..47",5,21,2025
"A47..47",NA,22,2025
"A47..47",NA,23,2025
"A47..47",1,24,2025
"A47..47",NA,25,2025
"A47..47",NA,26,2025
"A47..47",NA,27,2025
"A47..47",NA,28,2025
"A47..47",NA,29,2025
"A47..47",1,30,2025
"A47..47",NA,31,2025
"A47..47",NA,32,2025
"A47..47",NA,33,2025
"A47..47",NA,34,2025
"A47..47",NA,35,2025
"A48..48",2,1,2025
"A48..48",5,2,2025
"A48..48",7,3,2025
"A48..48",12,4,2025
"A48..48",16,5,2025
"A48..48",18,6,2025
"A48..48",27,7,2025
"A48..48",25,8,2025
"A48..48",37,9,2025
"A48..48",21,10,2025
"A48..48",27,11,2025
"A48..48",16,12,2025
"A48..48",18,13,2025
"A48..48",20,14,2025
"A48..48",14,15,2025
"A48..48",9,16,2025
"A48..48",5,17,2025
"A48..48",4,18,2025
"A48..48",3,19,2025
"A48..48",2,20,2025
"A48..48",3,21,2025
"A48..48",2,22,2025
"A48..48",NA,23,2025
"A48..48",NA,24,2025
"A48..48",NA,25,2025
"A48..48",NA,26,2025
"A48..48",NA,27,2025
"A48..48",NA,28,2025
"A48..48",NA,29,2025
"A48..48",NA,30,2025
"A48..48",1,31,2025
"A48..48",1,32,2025
"A48..48",NA,33,2025
"A48..48",NA,34,2025
"A48..48",NA,35,2025
"A49..49",1,1,2025
"A49..49",9,2,2025
"A49..49",10,3,2025
"A49..49",16,4,2025
"A49..49",16,5,2025
"A49..49",23,6,2025
"A49..49",12,7,2025
"A49..49",19,8,2025
"A49..49",25,9,2025
"A49..49",34,10,2025
"A49..49",31,11,2025
"A49..49",27,12,2025
"A49..49",24,13,2025
"A49..49",17,14,2025
"A49..49",15,15,2025
"A49..49",9,16,2025
"A49..49",8,17,2025
"A49..49",5,18,2025
"A49..49",6,19,2025
"A49..49",2,20,2025
"A49..49",1,21,2025
"A49..49",NA,22,2025
"A49..49",2,23,2025
"A49..49",NA,24,2025
"A49..49",NA,25,2025
"A49..49",NA,26,2025
"A49..49",NA,27,2025
"A49..49",NA,28,2025
"A49..49",NA,29,2025
"A49..49",NA,30,2025
"A49..49",NA,31,2025
"A49..49",NA,32,2025
"A49..49",NA,33,2025
"A49..49",NA,34,2025
"A49..49",1,35,2025
"A50..50",3,1,2025
"A50..50",2,2,2025
"A50..50",13,3,2025
"A50..50",13,4,2025
"A50..50",16,5,2025
"A50..50",14,6,2025
"A50..50",16,7,2025
"A50..50",29,8,2025
"A50..50",23,9,2025
"A50..50",33,10,2025
"A50..50",44,11,2025
"A50..50",13,12,2025
"A50..50",17,13,2025
"A50..50",21,14,2025
"A50..50",22,15,2025
"A50..50",12,16,2025
"A50..50",7,17,2025
"A50..50",2,18,2025
"A50..50",5,19,2025
"A50..50",4,20,2025
"A50..50",NA,21,2025
"A50..50",NA,22,2025
"A50..50",NA,23,2025
"A50..50",1,24,2025
"A50..50",1,25,2025
"A50..50",NA,26,2025
"A50..50",NA,27,2025
"A50..50",NA,28,2025
"A50..50",NA,29,2025
"A50..50",NA,30,2025
"A50..50",NA,31,2025
"A50..50",NA,32,2025
"A50..50",NA,33,2025
"A50..50",NA,34,2025
"A50..50",NA,35,2025
"A51..51",4,1,2025
"A51..51",4,2,2025
"A51..51",6,3,2025
"A51..51",11,4,2025
"A51..51",13,5,2025
"A51..51",25,6,2025
"A51..51",21,7,2025
"A51..51",22,8,2025
"A51..51",28,9,2025
"A51..51",25,10,2025
"A51..51",36,11,2025
"A51..51",19,12,2025
"A51..51",28,13,2025
"A51..51",23,14,2025
"A51..51",16,15,2025
"A51..51",9,16,2025
"A51..51",7,17,2025
"A51..51",7,18,2025
"A51..51",4,19,2025
"A51..51",NA,20,2025
"A51..51",1,21,2025
"A51..51",1,22,2025
"A51..51",1,23,2025
"A51..51",2,24,2025
"A51..51",1,25,2025
"A51..51",NA,26,2025
"A51..51",NA,27,2025
"A51..51",NA,28,2025
"A51..51",NA,29,2025
"A51..51",NA,30,2025
"A51..51",NA,31,2025
"A51..51",NA,32,2025
"A51..51",NA,33,2025
"A51..51",NA,34,2025
"A51..51",NA,35,2025
"A52..52",4,1,2025
"A52..52",8,2,2025
"A52..52",8,3,2025
"A52..52",11,4,2025
"A52..52",12,5,2025
"A52..52",18,6,2025
"A52..52",37,7,2025
"A52..52",28,8,2025
"A52..52",32,9,2025
"A52..52",31,10,2025
"A52..52",25,11,2025
"A52..52",25,12,2025
"A52..52",21,13,2025
"A52..52",25,14,2025
"A52..52",20,15,2025
"A52..52",10,16,2025
"A52..52",7,17,2025
"A52..52",5,18,2025
"A52..52",6,19,2025
"A52..52",NA,20,2025
"A52..52",NA,21,2025
"A52..52",NA,22,2025
"A52..52",1,23,2025
"A52..52",1,24,2025
"A52..52",NA,25,2025
"A52..52",NA,26,2025
"A52..52",NA,27,2025
"A52..52",NA,28,2025
"A52..52",NA,29,2025
"A52..52",1,30,2025
"A52..52",NA,31,2025
"A52..52",NA,32,2025
"A52..52",1,33,2025
"A52..52",NA,34,2025
"A52..52",1,35,2025
"A53..53",4,1,2025
"A53..53",9,2,2025
"A53..53",7,3,2025
"A53..53",7,4,2025
"A53..53",14,5,2025
"A53..53",33,6,2025
"A53..53",30,7,2025
"A53..53",38,8,2025
"A53..53",40,9,2025
"A53..53",38,10,2025
"A53..53",28,11,2025
"A53..53",34,12,2025
"A53..53",18,13,2025
"A53..53",25,14,2025
"A53..53",23,15,2025
"A53..53",13,16,2025
"A53..53",11,17,2025
"A53..53",2,18,2025
"A53..53",7,19,2025
"A53..53",6,20,2025
"A53..53",2,21,2025
"A53..53",NA,22,2025
"A53..53",1,23,2025
"A53..53",NA,24,2025
"A53..53",NA,25,2025
"A53..53",NA,26,2025
"A53..53",NA,27,2025
"A53..53",1,28,2025
"A53..53",1,29,2025
"A53..53",NA,30,2025
"A53..53",2,31,2025
"A53..53",NA,32,2025
"A53..53",1,33,2025
"A53..53",NA,34,2025
"A53..53",NA,35,2025
"A54..54",3,1,2025
"A54..54",5,2,2025
"A54..54",9,3,2025
"A54..54",26,4,2025
"A54..54",21,5,2025
"A54..54",30,6,2025
"A54..54",21,7,2025
"A54..54",44,8,2025
"A54..54",30,9,2025
"A54..54",35,10,2025
"A54..54",53,11,2025
"A54..54",28,12,2025
"A54..54",45,13,2025
"A54..54",27,14,2025
"A54..54",18,15,2025
"A54..54",14,16,2025
"A54..54",6,17,2025
"A54..54",4,18,2025
"A54..54",2,19,2025
"A54..54",NA,20,2025
"A54..54",2,21,2025
"A54..54",1,22,2025
"A54..54",1,23,2025
"A54..54",NA,24,2025
"A54..54",1,25,2025
"A54..54",1,26,2025
"A54..54",NA,27,2025
"A54..54",NA,28,2025
"A54..54",1,29,2025
"A54..54",NA,30,2025
"A54..54",NA,31,2025
"A54..54",NA,32,2025
"A54..54",1,33,2025
"A54..54",NA,34,2025
"A54..54",NA,35,2025
"A55..55",3,1,2025
"A55..55",14,2,2025
"A55..55",17,3,2025
"A55..55",13,4,2025
"A55..55",18,5,2025
"A55..55",24,6,2025
"A55..55",26,7,2025
"A55..55",49,8,2025
"A55..55",47,9,2025
"A55..55",53,10,2025
"A55..55",43,11,2025
"A55..55",31,12,2025
"A55..55",31,13,2025
"A55..55",28,14,2025
"A55..55",25,15,2025
"A55..55",19,16,2025
"A55..55",11,17,2025
"A55..55",11,18,2025
"A55..55",4,19,2025
"A55..55",2,20,2025
"A55..55",2,21,2025
"A55..55",4,22,2025
"A55..55",1,23,2025
"A55..55",NA,24,2025
"A55..55",NA,25,2025
"A55..55",NA,26,2025
"A55..55",NA,27,2025
"A55..55",NA,28,2025
"A55..55",1,29,2025
"A55..55",NA,30,2025
"A55..55",NA,31,2025
"A55..55",1,32,2025
"A55..55",NA,33,2025
"A55..55",NA,34,2025
"A55..55",NA,35,2025
"A56..56",7,1,2025
"A56..56",12,2,2025
"A56..56",21,3,2025
"A56..56",23,4,2025
"A56..56",22,5,2025
"A56..56",32,6,2025
"A56..56",37,7,2025
"A56..56",58,8,2025
"A56..56",49,9,2025
"A56..56",45,10,2025
"A56..56",45,11,2025
"A56..56",40,12,2025
"A56..56",45,13,2025
"A56..56",41,14,2025
"A56..56",23,15,2025
"A56..56",16,16,2025
"A56..56",13,17,2025
"A56..56",7,18,2025
"A56..56",6,19,2025
"A56..56",4,20,2025
"A56..56",3,21,2025
"A56..56",3,22,2025
"A56..56",2,23,2025
"A56..56",1,24,2025
"A56..56",1,25,2025
"A56..56",1,26,2025
"A56..56",NA,27,2025
"A56..56",NA,28,2025
"A56..56",NA,29,2025
"A56..56",NA,30,2025
"A56..56",NA,31,2025
"A56..56",NA,32,2025
"A56..56",NA,33,2025
"A56..56",NA,34,2025
"A56..56",NA,35,2025
"A57..57",2,1,2025
"A57..57",9,2,2025
"A57..57",12,3,2025
"A57..57",22,4,2025
"A57..57",16,5,2025
"A57..57",32,6,2025
"A57..57",40,7,2025
"A57..57",46,8,2025
"A57..57",43,9,2025
"A57..57",49,10,2025
"A57..57",55,11,2025
"A57..57",30,12,2025
"A57..57",40,13,2025
"A57..57",20,14,2025
"A57..57",26,15,2025
"A57..57",21,16,2025
"A57..57",12,17,2025
"A57..57",12,18,2025
"A57..57",9,19,2025
"A57..57",4,20,2025
"A57..57",6,21,2025
"A57..57",1,22,2025
"A57..57",2,23,2025
"A57..57",NA,24,2025
"A57..57",NA,25,2025
"A57..57",NA,26,2025
"A57..57",NA,27,2025
"A57..57",1,28,2025
"A57..57",NA,29,2025
"A57..57",1,30,2025
"A57..57",NA,31,2025
"A57..57",NA,32,2025
"A57..57",2,33,2025
"A57..57",1,34,2025
"A57..57",1,35,2025
"A58..58",1,1,2025
"A58..58",13,2,2025
"A58..58",13,3,2025
"A58..58",28,4,2025
"A58..58",31,5,2025
"A58..58",37,6,2025
"A58..58",47,7,2025
"A58..58",45,8,2025
"A58..58",45,9,2025
"A58..58",50,10,2025
"A58..58",45,11,2025
"A58..58",41,12,2025
"A58..58",53,13,2025
"A58..58",40,14,2025
"A58..58",22,15,2025
"A58..58",18,16,2025
"A58..58",14,17,2025
"A58..58",13,18,2025
"A58..58",9,19,2025
"A58..58",2,20,2025
"A58..58",4,21,2025
"A58..58",1,22,2025
"A58..58",2,23,2025
"A58..58",NA,24,2025
"A58..58",2,25,2025
"A58..58",1,26,2025
"A58..58",NA,27,2025
"A58..58",1,28,2025
"A58..58",NA,29,2025
"A58..58",NA,30,2025
"A58..58",NA,31,2025
"A58..58",NA,32,2025
"A58..58",NA,33,2025
"A58..58",NA,34,2025
"A58..58",NA,35,2025
"A59..59",10,1,2025
"A59..59",15,2,2025
"A59..59",13,3,2025
"A59..59",19,4,2025
"A59..59",28,5,2025
"A59..59",26,6,2025
"A59..59",43,7,2025
"A59..59",51,8,2025
"A59..59",54,9,2025
"A59..59",58,10,2025
"A59..59",54,11,2025
"A59..59",47,12,2025
"A59..59",46,13,2025
"A59..59",33,14,2025
"A59..59",33,15,2025
"A59..59",26,16,2025
"A59..59",13,17,2025
"A59..59",4,18,2025
"A59..59",13,19,2025
"A59..59",4,20,2025
"A59..59",4,21,2025
"A59..59",2,22,2025
"A59..59",1,23,2025
"A59..59",1,24,2025
"A59..59",1,25,2025
"A59..59",NA,26,2025
"A59..59",NA,27,2025
"A59..59",2,28,2025
"A59..59",NA,29,2025
"A59..59",NA,30,2025
"A59..59",NA,31,2025
"A59..59",NA,32,2025
"A59..59",NA,33,2025
"A59..59",1,34,2025
"A59..59",NA,35,2025
"A60..60",5,1,2025
"A60..60",14,2,2025
"A60..60",15,3,2025
"A60..60",25,4,2025
"A60..60",34,5,2025
"A60..60",44,6,2025
"A60..60",43,7,2025
"A60..60",46,8,2025
"A60..60",70,9,2025
"A60..60",64,10,2025
"A60..60",64,11,2025
"A60..60",39,12,2025
"A60..60",47,13,2025
"A60..60",37,14,2025
"A60..60",27,15,2025
"A60..60",26,16,2025
"A60..60",12,17,2025
"A60..60",13,18,2025
"A60..60",9,19,2025
"A60..60",2,20,2025
"A60..60",3,21,2025
"A60..60",1,22,2025
"A60..60",2,23,2025
"A60..60",1,24,2025
"A60..60",NA,25,2025
"A60..60",2,26,2025
"A60..60",NA,27,2025
"A60..60",NA,28,2025
"A60..60",NA,29,2025
"A60..60",1,30,2025
"A60..60",NA,31,2025
"A60..60",1,32,2025
"A60..60",1,33,2025
"A60..60",NA,34,2025
"A60..60",NA,35,2025
"A61..61",12,1,2025
"A61..61",10,2,2025
"A61..61",22,3,2025
"A61..61",26,4,2025
"A61..61",25,5,2025
"A61..61",27,6,2025
"A61..61",47,7,2025
"A61..61",46,8,2025
"A61..61",56,9,2025
"A61..61",60,10,2025
"A61..61",65,11,2025
"A61..61",63,12,2025
"A61..61",51,13,2025
"A61..61",32,14,2025
"A61..61",37,15,2025
"A61..61",30,16,2025
"A61..61",15,17,2025
"A61..61",4,18,2025
"A61..61",11,19,2025
"A61..61",8,20,2025
"A61..61",4,21,2025
"A61..61",NA,22,2025
"A61..61",1,23,2025
"A61..61",1,24,2025
"A61..61",NA,25,2025
"A61..61",1,26,2025
"A61..61",2,27,2025
"A61..61",1,28,2025
"A61..61",1,29,2025
"A61..61",NA,30,2025
"A61..61",NA,31,2025
"A61..61",1,32,2025
"A61..61",NA,33,2025
"A61..61",NA,34,2025
"A61..61",NA,35,2025
"A62..62",5,1,2025
"A62..62",16,2,2025
"A62..62",13,3,2025
"A62..62",19,4,2025
"A62..62",34,5,2025
"A62..62",26,6,2025
"A62..62",36,7,2025
"A62..62",46,8,2025
"A62..62",68,9,2025
"A62..62",50,10,2025
"A62..62",68,11,2025
"A62..62",64,12,2025
"A62..62",36,13,2025
"A62..62",45,14,2025
"A62..62",26,15,2025
"A62..62",23,16,2025
"A62..62",20,17,2025
"A62..62",15,18,2025
"A62..62",12,19,2025
"A62..62",5,20,2025
"A62..62",5,21,2025
"A62..62",1,22,2025
"A62..62",4,23,2025
"A62..62",NA,24,2025
"A62..62",1,25,2025
"A62..62",1,26,2025
"A62..62",NA,27,2025
"A62..62",1,28,2025
"A62..62",NA,29,2025
"A62..62",1,30,2025
"A62..62",NA,31,2025
"A62..62",NA,32,2025
"A62..62",3,33,2025
"A62..62",NA,34,2025
"A62..62",NA,35,2025
"A63..63",2,1,2025
"A63..63",17,2,2025
"A63..63",16,3,2025
"A63..63",18,4,2025
"A63..63",30,5,2025
"A63..63",35,6,2025
"A63..63",50,7,2025
"A63..63",56,8,2025
"A63..63",53,9,2025
"A63..63",58,10,2025
"A63..63",55,11,2025
"A63..63",53,12,2025
"A63..63",45,13,2025
"A63..63",34,14,2025
"A63..63",33,15,2025
"A63..63",16,16,2025
"A63..63",13,17,2025
"A63..63",12,18,2025
"A63..63",10,19,2025
"A63..63",8,20,2025
"A63..63",5,21,2025
"A63..63",3,22,2025
"A63..63",3,23,2025
"A63..63",2,24,2025
"A63..63",NA,25,2025
"A63..63",1,26,2025
"A63..63",NA,27,2025
"A63..63",NA,28,2025
"A63..63",NA,29,2025
"A63..63",NA,30,2025
"A63..63",NA,31,2025
"A63..63",NA,32,2025
"A63..63",NA,33,2025
"A63..63",NA,34,2025
"A63..63",NA,35,2025
"A64..64",11,1,2025
"A64..64",14,2,2025
"A64..64",18,3,2025
"A64..64",12,4,2025
"A64..64",29,5,2025
"A64..64",44,6,2025
"A64..64",42,7,2025
"A64..64",48,8,2025
"A64..64",67,9,2025
"A64..64",56,10,2025
"A64..64",58,11,2025
"A64..64",48,12,2025
"A64..64",40,13,2025
"A64..64",31,14,2025
"A64..64",41,15,2025
"A64..64",15,16,2025
"A64..64",15,17,2025
"A64..64",5,18,2025
"A64..64",12,19,2025
"A64..64",9,20,2025
"A64..64",6,21,2025
"A64..64",2,22,2025
"A64..64",1,23,2025
"A64..64",1,24,2025
"A64..64",1,25,2025
"A64..64",1,26,2025
"A64..64",1,27,2025
"A64..64",NA,28,2025
"A64..64",NA,29,2025
"A64..64",1,30,2025
"A64..64",1,31,2025
"A64..64",NA,32,2025
"A64..64",NA,33,2025
"A64..64",NA,34,2025
"A64..64",NA,35,2025
"A65..65",6,1,2025
"A65..65",13,2,2025
"A65..65",11,3,2025
"A65..65",14,4,2025
"A65..65",20,5,2025
"A65..65",28,6,2025
"A65..65",37,7,2025
"A65..65",46,8,2025
"A65..65",50,9,2025
"A65..65",42,10,2025
"A65..65",49,11,2025
"A65..65",41,12,2025
"A65..65",36,13,2025
"A65..65",40,14,2025
"A65..65",37,15,2025
"A65..65",21,16,2025
"A65..65",16,17,2025
"A65..65",10,18,2025
"A65..65",10,19,2025
"A65..65",2,20,2025
"A65..65",2,21,2025
"A65..65",2,22,2025
"A65..65",2,23,2025
"A65..65",1,24,2025
"A65..65",1,25,2025
"A65..65",1,26,2025
"A65..65",NA,27,2025
"A65..65",1,28,2025
"A65..65",NA,29,2025
"A65..65",NA,30,2025
"A65..65",NA,31,2025
"A65..65",NA,32,2025
"A65..65",1,33,2025
"A65..65",NA,34,2025
"A65..65",NA,35,2025
"A66..66",9,1,2025
"A66..66",14,2,2025
"A66..66",25,3,2025
"A66..66",10,4,2025
"A66..66",26,5,2025
"A66..66",32,6,2025
"A66..66",36,7,2025
"A66..66",36,8,2025
"A66..66",34,9,2025
"A66..66",43,10,2025
"A66..66",43,11,2025
"A66..66",42,12,2025
"A66..66",44,13,2025
"A66..66",37,14,2025
"A66..66",38,15,2025
"A66..66",20,16,2025
"A66..66",20,17,2025
"A66..66",6,18,2025
"A66..66",5,19,2025
"A66..66",4,20,2025
"A66..66",5,21,2025
"A66..66",2,22,2025
"A66..66",1,23,2025
"A66..66",1,24,2025
"A66..66",3,25,2025
"A66..66",NA,26,2025
"A66..66",NA,27,2025
"A66..66",1,28,2025
"A66..66",NA,29,2025
"A66..66",NA,30,2025
"A66..66",NA,31,2025
"A66..66",NA,32,2025
"A66..66",NA,33,2025
"A66..66",NA,34,2025
"A66..66",NA,35,2025
"A67..67",5,1,2025
"A67..67",20,2,2025
"A67..67",16,3,2025
"A67..67",24,4,2025
"A67..67",29,5,2025
"A67..67",30,6,2025
"A67..67",43,7,2025
"A67..67",42,8,2025
"A67..67",53,9,2025
"A67..67",46,10,2025
"A67..67",39,11,2025
"A67..67",49,12,2025
"A67..67",49,13,2025
"A67..67",27,14,2025
"A67..67",38,15,2025
"A67..67",18,16,2025
"A67..67",28,17,2025
"A67..67",18,18,2025
"A67..67",7,19,2025
"A67..67",5,20,2025
"A67..67",7,21,2025
"A67..67",4,22,2025
"A67..67",2,23,2025
"A67..67",1,24,2025
"A67..67",NA,25,2025
"A67..67",NA,26,2025
"A67..67",NA,27,2025
"A67..67",NA,28,2025
"A67..67",NA,29,2025
"A67..67",NA,30,2025
"A67..67",NA,31,2025
"A67..67",1,32,2025
"A67..67",NA,33,2025
"A67..67",1,34,2025
"A67..67",NA,35,2025
"A68..68",13,1,2025
"A68..68",18,2,2025
"A68..68",10,3,2025
"A68..68",12,4,2025
"A68..68",12,5,2025
"A68..68",33,6,2025
"A68..68",48,7,2025
"A68..68",36,8,2025
"A68..68",49,9,2025
"A68..68",63,10,2025
"A68..68",47,11,2025
"A68..68",49,12,2025
"A68..68",42,13,2025
"A68..68",44,14,2025
"A68..68",31,15,2025
"A68..68",21,16,2025
"A68..68",17,17,2025
"A68..68",9,18,2025
"A68..68",7,19,2025
"A68..68",6,20,2025
"A68..68",2,21,2025
"A68..68",3,22,2025
"A68..68",NA,23,2025
"A68..68",2,24,2025
"A68..68",1,25,2025
"A68..68",NA,26,2025
"A68..68",NA,27,2025
"A68..68",NA,28,2025
"A68..68",NA,29,2025
"A68..68",1,30,2025
"A68..68",NA,31,2025
"A68..68",1,32,2025
"A68..68",NA,33,2025
"A68..68",NA,34,2025
"A68..68",1,35,2025
"A69..69",9,1,2025
"A69..69",14,2,2025
"A69..69",11,3,2025
"A69..69",17,4,2025
"A69..69",29,5,2025
"A69..69",31,6,2025
"A69..69",38,7,2025
"A69..69",45,8,2025
"A69..69",40,9,2025
"A69..69",53,10,2025
"A69..69",54,11,2025
"A69..69",52,12,2025
"A69..69",42,13,2025
"A69..69",30,14,2025
"A69..69",31,15,2025
"A69..69",22,16,2025
"A69..69",16,17,2025
"A69..69",6,18,2025
"A69..69",6,19,2025
"A69..69",7,20,2025
"A69..69",8,21,2025
"A69..69",4,22,2025
"A69..69",1,23,2025
"A69..69",NA,24,2025
"A69..69",1,25,2025
"A69..69",NA,26,2025
"A69..69",1,27,2025
"A69..69",NA,28,2025
"A69..69",NA,29,2025
"A69..69",NA,30,2025
"A69..69",1,31,2025
"A69..69",1,32,2025
"A69..69",NA,33,2025
"A69..69",1,34,2025
"A69..69",NA,35,2025
"A70..70",9,1,2025
"A70..70",19,2,2025
"A70..70",16,3,2025
"A70..70",15,4,2025
"A70..70",21,5,2025
"A70..70",32,6,2025
"A70..70",41,7,2025
"A70..70",43,8,2025
"A70..70",62,9,2025
"A70..70",47,10,2025
"A70..70",57,11,2025
"A70..70",42,12,2025
"A70..70",40,13,2025
"A70..70",30,14,2025
"A70..70",35,15,2025
"A70..70",23,16,2025
"A70..70",20,17,2025
"A70..70",6,18,2025
"A70..70",3,19,2025
"A70..70",6,20,2025
"A70..70",1,21,2025
"A70..70",5,22,2025
"A70..70",3,23,2025
"A70..70",2,24,2025
"A70..70",NA,25,2025
"A70..70",NA,26,2025
"A70..70",NA,27,2025
"A70..70",1,28,2025
"A70..70",1,29,2025
"A70..70",NA,30,2025
"A70..70",NA,31,2025
"A70..70",NA,32,2025
"A70..70",2,33,2025
"A70..70",NA,34,2025
"A70..70",NA,35,2025
"A71..71",6,1,2025
"A71..71",17,2,2025
"A71..71",13,3,2025
"A71..71",13,4,2025
"A71..71",28,5,2025
"A71..71",34,6,2025
"A71..71",41,7,2025
"A71..71",36,8,2025
"A71..71",60,9,2025
"A71..71",51,10,2025
"A71..71",46,11,2025
"A71..71",40,12,2025
"A71..71",56,13,2025
"A71..71",31,14,2025
"A71..71",37,15,2025
"A71..71",19,16,2025
"A71..71",18,17,2025
"A71..71",13,18,2025
"A71..71",9,19,2025
"A71..71",3,20,2025
"A71..71",4,21,2025
"A71..71",1,22,2025
"A71..71",2,23,2025
"A71..71",2,24,2025
"A71..71",1,25,2025
"A71..71",NA,26,2025
"A71..71",1,27,2025
"A71..71",NA,28,2025
"A71..71",NA,29,2025
"A71..71",NA,30,2025
"A71..71",2,31,2025
"A71..71",NA,32,2025
"A71..71",NA,33,2025
"A71..71",NA,34,2025
"A71..71",NA,35,2025
"A72..72",4,1,2025
"A72..72",20,2,2025
"A72..72",13,3,2025
"A72..72",21,4,2025
"A72..72",26,5,2025
"A72..72",29,6,2025
"A72..72",57,7,2025
"A72..72",56,8,2025
"A72..72",51,9,2025
"A72..72",29,10,2025
"A72..72",53,11,2025
"A72..72",49,12,2025
"A72..72",38,13,2025
"A72..72",53,14,2025
"A72..72",28,15,2025
"A72..72",24,16,2025
"A72..72",24,17,2025
"A72..72",14,18,2025
"A72..72",12,19,2025
"A72..72",4,20,2025
"A72..72",6,21,2025
"A72..72",3,22,2025
"A72..72",1,23,2025
"A72..72",1,24,2025
"A72..72",4,25,2025
"A72..72",2,26,2025
"A72..72",1,27,2025
"A72..72",NA,28,2025
"A72..72",1,29,2025
"A72..72",NA,30,2025
"A72..72",NA,31,2025
"A72..72",NA,32,2025
"A72..72",NA,33,2025
"A72..72",NA,34,2025
"A72..72",NA,35,2025
"A73..73",4,1,2025
"A73..73",11,2,2025
"A73..73",15,3,2025
"A73..73",18,4,2025
"A73..73",28,5,2025
"A73..73",21,6,2025
"A73..73",30,7,2025
"A73..73",39,8,2025
"A73..73",45,9,2025
"A73..73",59,10,2025
"A73..73",59,11,2025
"A73..73",55,12,2025
"A73..73",45,13,2025
"A73..73",45,14,2025
"A73..73",35,15,2025
"A73..73",32,16,2025
"A73..73",31,17,2025
"A73..73",16,18,2025
"A73..73",9,19,2025
"A73..73",5,20,2025
"A73..73",4,21,2025
"A73..73",1,22,2025
"A73..73",2,23,2025
"A73..73",1,24,2025
"A73..73",NA,25,2025
"A73..73",NA,26,2025
"A73..73",NA,27,2025
"A73..73",1,28,2025
"A73..73",NA,29,2025
"A73..73",NA,30,2025
"A73..73",1,31,2025
"A73..73",NA,32,2025
"A73..73",NA,33,2025
"A73..73",NA,34,2025
"A73..73",NA,35,2025
"A74..74",13,1,2025
"A74..74",14,2,2025
"A74..74",15,3,2025
"A74..74",12,4,2025
"A74..74",21,5,2025
"A74..74",29,6,2025
"A74..74",32,7,2025
"A74..74",41,8,2025
"A74..74",48,9,2025
"A74..74",61,10,2025
"A74..74",58,11,2025
"A74..74",53,12,2025
"A74..74",56,13,2025
"A74..74",59,14,2025
"A74..74",29,15,2025
"A74..74",32,16,2025
"A74..74",17,17,2025
"A74..74",10,18,2025
"A74..74",11,19,2025
"A74..74",8,20,2025
"A74..74",8,21,2025
"A74..74",2,22,2025
"A74..74",2,23,2025
"A74..74",1,24,2025
"A74..74",1,25,2025
"A74..74",NA,26,2025
"A74..74",4,27,2025
"A74..74",NA,28,2025
"A74..74",2,29,2025
"A74..74",NA,30,2025
"A74..74",NA,31,2025
"A74..74",NA,32,2025
"A74..74",NA,33,2025
"A74..74",NA,34,2025
"A74..74",NA,35,2025
"A75..75",12,1,2025
"A75..75",23,2,2025
"A75..75",19,3,2025
"A75..75",13,4,2025
"A75..75",33,5,2025
"A75..75",45,6,2025
"A75..75",29,7,2025
"A75..75",50,8,2025
"A75..75",62,9,2025
"A75..75",61,10,2025
"A75..75",62,11,2025
"A75..75",39,12,2025
"A75..75",49,13,2025
"A75..75",55,14,2025
"A75..75",36,15,2025
"A75..75",24,16,2025
"A75..75",17,17,2025
"A75..75",13,18,2025
"A75..75",6,19,2025
"A75..75",3,20,2025
"A75..75",2,21,2025
"A75..75",3,22,2025
"A75..75",4,23,2025
"A75..75",2,24,2025
"A75..75",NA,25,2025
"A75..75",NA,26,2025
"A75..75",NA,27,2025
"A75..75",NA,28,2025
"A75..75",1,29,2025
"A75..75",NA,30,2025
"A75..75",NA,31,2025
"A75..75",NA,32,2025
"A75..75",NA,33,2025
"A75..75",1,34,2025
"A75..75",NA,35,2025
"A76..76",7,1,2025
"A76..76",13,2,2025
"A76..76",13,3,2025
"A76..76",17,4,2025
"A76..76",23,5,2025
"A76..76",30,6,2025
"A76..76",42,7,2025
"A76..76",48,8,2025
"A76..76",62,9,2025
"A76..76",53,10,2025
"A76..76",55,11,2025
"A76..76",38,12,2025
"A76..76",40,13,2025
"A76..76",42,14,2025
"A76..76",40,15,2025
"A76..76",29,16,2025
"A76..76",15,17,2025
"A76..76",13,18,2025
"A76..76",12,19,2025
"A76..76",4,20,2025
"A76..76",2,21,2025
"A76..76",3,22,2025
"A76..76",1,23,2025
"A76..76",1,24,2025
"A76..76",NA,25,2025
"A76..76",NA,26,2025
"A76..76",NA,27,2025
"A76..76",NA,28,2025
"A76..76",NA,29,2025
"A76..76",NA,30,2025
"A76..76",1,31,2025
"A76..76",NA,32,2025
"A76..76",1,33,2025
"A76..76",NA,34,2025
"A76..76",1,35,2025
"A77..77",12,1,2025
"A77..77",13,2,2025
"A77..77",14,3,2025
"A77..77",24,4,2025
"A77..77",32,5,2025
"A77..77",26,6,2025
"A77..77",41,7,2025
"A77..77",40,8,2025
"A77..77",49,9,2025
"A77..77",42,10,2025
"A77..77",60,11,2025
"A77..77",52,12,2025
"A77..77",49,13,2025
"A77..77",40,14,2025
"A77..77",34,15,2025
"A77..77",18,16,2025
"A77..77",10,17,2025
"A77..77",11,18,2025
"A77..77",19,19,2025
"A77..77",4,20,2025
"A77..77",4,21,2025
"A77..77",NA,22,2025
"A77..77",3,23,2025
"A77..77",NA,24,2025
"A77..77",NA,25,2025
"A77..77",NA,26,2025
"A77..77",3,27,2025
"A77..77",NA,28,2025
"A77..77",NA,29,2025
"A77..77",1,30,2025
"A77..77",NA,31,2025
"A77..77",NA,32,2025
"A77..77",NA,33,2025
"A77..77",NA,34,2025
"A77..77",NA,35,2025
"A78..78",10,1,2025
"A78..78",16,2,2025
"A78..78",12,3,2025
"A78..78",13,4,2025
"A78..78",25,5,2025
"A78..78",31,6,2025
"A78..78",41,7,2025
"A78..78",48,8,2025
"A78..78",41,9,2025
"A78..78",50,10,2025
"A78..78",52,11,2025
"A78..78",54,12,2025
"A78..78",51,13,2025
"A78..78",44,14,2025
"A78..78",28,15,2025
"A78..78",30,16,2025
"A78..78",22,17,2025
"A78..78",9,18,2025
"A78..78",10,19,2025
"A78..78",7,20,2025
"A78..78",3,21,2025
"A78..78",4,22,2025
"A78..78",3,23,2025
"A78..78",2,24,2025
"A78..78",2,25,2025
"A78..78",1,26,2025
"A78..78",NA,27,2025
"A78..78",NA,28,2025
"A78..78",NA,29,2025
"A78..78",NA,30,2025
"A78..78",NA,31,2025
"A78..78",NA,32,2025
"A78..78",NA,33,2025
"A78..78",NA,34,2025
"A78..78",NA,35,2025
"A79..79",3,1,2025
"A79..79",7,2,2025
"A79..79",7,3,2025
"A79..79",21,4,2025
"A79..79",20,5,2025
"A79..79",31,6,2025
"A79..79",36,7,2025
"A79..79",43,8,2025
"A79..79",34,9,2025
"A79..79",44,10,2025
"A79..79",41,11,2025
"A79..79",39,12,2025
"A79..79",28,13,2025
"A79..79",35,14,2025
"A79..79",24,15,2025
"A79..79",18,16,2025
"A79..79",18,17,2025
"A79..79",9,18,2025
"A79..79",8,19,2025
"A79..79",6,20,2025
"A79..79",2,21,2025
"A79..79",1,22,2025
"A79..79",NA,23,2025
"A79..79",NA,24,2025
"A79..79",NA,25,2025
"A79..79",1,26,2025
"A79..79",NA,27,2025
"A79..79",NA,28,2025
"A79..79",NA,29,2025
"A79..79",NA,30,2025
"A79..79",1,31,2025
"A79..79",NA,32,2025
"A79..79",1,33,2025
"A79..79",NA,34,2025
"A79..79",NA,35,2025
"A80.",121,1,2025
"A80.",201,2,2025
"A80.",252,3,2025
"A80.",305,4,2025
"A80.",394,5,2025
"A80.",464,6,2025
"A80.",579,7,2025
"A80.",721,8,2025
"A80.",845,9,2025
"A80.",803,10,2025
"A80.",786,11,2025
"A80.",711,12,2025
"A80.",737,13,2025
"A80.",662,14,2025
"A80.",582,15,2025
"A80.",421,16,2025
"A80.",382,17,2025
"A80.",228,18,2025
"A80.",198,19,2025
"A80.",106,20,2025
"A80.",63,21,2025
"A80.",44,22,2025
"A80.",43,23,2025
"A80.",26,24,2025
"A80.",16,25,2025
"A80.",8,26,2025
"A80.",5,27,2025
"A80.",5,28,2025
"A80.",3,29,2025
"A80.",1,30,2025
"A80.",2,31,2025
"A80.",4,32,2025
"A80.",3,33,2025
"A80.",1,34,2025
"A80.",1,35,2025
"Unbekannt",5,1,2025
"Unbekannt",12,2,2025
"Unbekannt",11,3,2025
"Unbekannt",2,4,2025
"Unbekannt",7,5,2025
"Unbekannt",3,6,2025
"Unbekannt",9,7,2025
"Unbekannt",4,8,2025
"Unbekannt",4,9,2025
"Unbekannt",7,10,2025
"Unbekannt",16,11,2025
"Unbekannt",1,12,2025
"Unbekannt",1,13,2025
"Unbekannt",2,14,2025
"Unbekannt",NA,15,2025
"Unbekannt",NA,16,2025
"Unbekannt",2,17,2025
"Unbekannt",1,18,2025
"Unbekannt",1,19,2025
"Unbekannt",1,20,2025
"Unbekannt",NA,21,2025
"Unbekannt",NA,22,2025
"Unbekannt",NA,23,2025
"Unbekannt",NA,24,2025
"Unbekannt",4,25,2025
"Unbekannt",NA,26,2025
"Unbekannt",NA,27,2025
"Unbekannt",NA,28,2025
"Unbekannt",NA,29,2025
"Unbekannt",NA,30,2025
"Unbekannt",NA,31,2025
"Unbekannt",NA,32,2025
"Unbekannt",NA,33,2025
"Unbekannt",NA,34,2025
"Unbekannt",NA,35,2025
"A00..00",1541,1,2024
"A00..00",1067,2,2024
"A00..00",792,3,2024
"A00..00",1049,4,2024
"A00..00",1106,5,2024
"A00..00",1059,6,2024
"A00..00",874,7,2024
"A00..00",699,8,2024
"A00..00",530,9,2024
"A00..00",410,10,2024
"A00..00",346,11,2024
"A00..00",269,12,2024
"A00..00",154,13,2024
"A00..00",117,14,2024
"A00..00",78,15,2024
"A00..00",77,16,2024
"A00..00",75,17,2024
"A00..00",27,18,2024
"A00..00",18,19,2024
"A00..00",11,20,2024
"A00..00",9,21,2024
"A00..00",9,22,2024
"A00..00",3,23,2024
"A00..00",6,24,2024
"A00..00",7,25,2024
"A00..00",2,26,2024
"A00..00",3,27,2024
"A00..00",3,28,2024
"A00..00",2,29,2024
"A00..00",NA,30,2024
"A00..00",1,31,2024
"A00..00",3,32,2024
"A00..00",1,33,2024
"A00..00",3,34,2024
"A00..00",6,35,2024
"A00..00",3,36,2024
"A00..00",1,37,2024
"A00..00",6,38,2024
"A00..00",6,39,2024
"A00..00",NA,40,2024
"A00..00",6,41,2024
"A00..00",12,42,2024
"A00..00",12,43,2024
"A00..00",21,44,2024
"A00..00",16,45,2024
"A00..00",33,46,2024
"A00..00",48,47,2024
"A00..00",74,48,2024
"A00..00",72,49,2024
"A00..00",145,50,2024
"A00..00",149,51,2024
"A00..00",126,52,2024
"A01..01",499,1,2024
"A01..01",442,2,2024
"A01..01",582,3,2024
"A01..01",715,4,2024
"A01..01",701,5,2024
"A01..01",686,6,2024
"A01..01",548,7,2024
"A01..01",414,8,2024
"A01..01",326,9,2024
"A01..01",263,10,2024
"A01..01",181,11,2024
"A01..01",115,12,2024
"A01..01",58,13,2024
"A01..01",72,14,2024
"A01..01",38,15,2024
"A01..01",41,16,2024
"A01..01",34,17,2024
"A01..01",17,18,2024
"A01..01",8,19,2024
"A01..01",10,20,2024
"A01..01",2,21,2024
"A01..01",8,22,2024
"A01..01",5,23,2024
"A01..01",NA,24,2024
"A01..01",1,25,2024
"A01..01",3,26,2024
"A01..01",6,27,2024
"A01..01",1,28,2024
"A01..01",1,29,2024
"A01..01",4,30,2024
"A01..01",NA,31,2024
"A01..01",2,32,2024
"A01..01",2,33,2024
"A01..01",5,34,2024
"A01..01",3,35,2024
"A01..01",NA,36,2024
"A01..01",1,37,2024
"A01..01",1,38,2024
"A01..01",1,39,2024
"A01..01",NA,40,2024
"A01..01",3,41,2024
"A01..01",1,42,2024
"A01..01",6,43,2024
"A01..01",15,44,2024
"A01..01",14,45,2024
"A01..01",23,46,2024
"A01..01",41,47,2024
"A01..01",72,48,2024
"A01..01",79,49,2024
"A01..01",122,50,2024
"A01..01",177,51,2024
"A01..01",103,52,2024
"A02..02",274,1,2024
"A02..02",256,2,2024
"A02..02",530,3,2024
"A02..02",542,4,2024
"A02..02",505,5,2024
"A02..02",468,6,2024
"A02..02",377,7,2024
"A02..02",282,8,2024
"A02..02",232,9,2024
"A02..02",153,10,2024
"A02..02",105,11,2024
"A02..02",80,12,2024
"A02..02",38,13,2024
"A02..02",42,14,2024
"A02..02",14,15,2024
"A02..02",19,16,2024
"A02..02",23,17,2024
"A02..02",16,18,2024
"A02..02",10,19,2024
"A02..02",8,20,2024
"A02..02",1,21,2024
"A02..02",3,22,2024
"A02..02",7,23,2024
"A02..02",NA,24,2024
"A02..02",1,25,2024
"A02..02",NA,26,2024
"A02..02",NA,27,2024
"A02..02",1,28,2024
"A02..02",NA,29,2024
"A02..02",NA,30,2024
"A02..02",1,31,2024
"A02..02",1,32,2024
"A02..02",NA,33,2024
"A02..02",2,34,2024
"A02..02",1,35,2024
"A02..02",1,36,2024
"A02..02",1,37,2024
"A02..02",2,38,2024
"A02..02",NA,39,2024
"A02..02",2,40,2024
"A02..02",3,41,2024
"A02..02",4,42,2024
"A02..02",1,43,2024
"A02..02",2,44,2024
"A02..02",11,45,2024
"A02..02",13,46,2024
"A02..02",28,47,2024
"A02..02",52,48,2024
"A02..02",76,49,2024
"A02..02",87,50,2024
"A02..02",144,51,2024
"A02..02",93,52,2024
"A03..03",171,1,2024
"A03..03",137,2,2024
"A03..03",295,3,2024
"A03..03",346,4,2024
"A03..03",294,5,2024
"A03..03",277,6,2024
"A03..03",226,7,2024
"A03..03",189,8,2024
"A03..03",120,9,2024
"A03..03",99,10,2024
"A03..03",64,11,2024
"A03..03",56,12,2024
"A03..03",29,13,2024
"A03..03",19,14,2024
"A03..03",16,15,2024
"A03..03",13,16,2024
"A03..03",22,17,2024
"A03..03",4,18,2024
"A03..03",7,19,2024
"A03..03",5,20,2024
"A03..03",NA,21,2024
"A03..03",3,22,2024
"A03..03",2,23,2024
"A03..03",NA,24,2024
"A03..03",NA,25,2024
"A03..03",1,26,2024
"A03..03",NA,27,2024
"A03..03",1,28,2024
"A03..03",NA,29,2024
"A03..03",NA,30,2024
"A03..03",NA,31,2024
"A03..03",NA,32,2024
"A03..03",1,33,2024
"A03..03",1,34,2024
"A03..03",NA,35,2024
"A03..03",NA,36,2024
"A03..03",NA,37,2024
"A03..03",NA,38,2024
"A03..03",3,39,2024
"A03..03",NA,40,2024
"A03..03",3,41,2024
"A03..03",1,42,2024
"A03..03",1,43,2024
"A03..03",3,44,2024
"A03..03",5,45,2024
"A03..03",8,46,2024
"A03..03",7,47,2024
"A03..03",26,48,2024
"A03..03",29,49,2024
"A03..03",46,50,2024
"A03..03",88,51,2024
"A03..03",41,52,2024
"A04..04",94,1,2024
"A04..04",86,2,2024
"A04..04",209,3,2024
"A04..04",215,4,2024
"A04..04",233,5,2024
"A04..04",162,6,2024
"A04..04",144,7,2024
"A04..04",102,8,2024
"A04..04",93,9,2024
"A04..04",65,10,2024
"A04..04",48,11,2024
"A04..04",37,12,2024
"A04..04",17,13,2024
"A04..04",13,14,2024
"A04..04",6,15,2024
"A04..04",10,16,2024
"A04..04",16,17,2024
"A04..04",4,18,2024
"A04..04",3,19,2024
"A04..04",2,20,2024
"A04..04",2,21,2024
"A04..04",NA,22,2024
"A04..04",1,23,2024
"A04..04",NA,24,2024
"A04..04",NA,25,2024
"A04..04",NA,26,2024
"A04..04",1,27,2024
"A04..04",2,28,2024
"A04..04",1,29,2024
"A04..04",NA,30,2024
"A04..04",NA,31,2024
"A04..04",1,32,2024
"A04..04",NA,33,2024
"A04..04",1,34,2024
"A04..04",1,35,2024
"A04..04",2,36,2024
"A04..04",NA,37,2024
"A04..04",3,38,2024
"A04..04",1,39,2024
"A04..04",NA,40,2024
"A04..04",1,41,2024
"A04..04",2,42,2024
"A04..04",1,43,2024
"A04..04",NA,44,2024
"A04..04",3,45,2024
"A04..04",4,46,2024
"A04..04",8,47,2024
"A04..04",13,48,2024
"A04..04",17,49,2024
"A04..04",35,50,2024
"A04..04",52,51,2024
"A04..04",23,52,2024
"A05..05",71,1,2024
"A05..05",62,2,2024
"A05..05",80,3,2024
"A05..05",142,4,2024
"A05..05",145,5,2024
"A05..05",112,6,2024
"A05..05",73,7,2024
"A05..05",65,8,2024
"A05..05",61,9,2024
"A05..05",50,10,2024
"A05..05",46,11,2024
"A05..05",18,12,2024
"A05..05",11,13,2024
"A05..05",7,14,2024
"A05..05",8,15,2024
"A05..05",9,16,2024
"A05..05",6,17,2024
"A05..05",3,18,2024
"A05..05",NA,19,2024
"A05..05",2,20,2024
"A05..05",1,21,2024
"A05..05",NA,22,2024
"A05..05",NA,23,2024
"A05..05",NA,24,2024
"A05..05",NA,25,2024
"A05..05",1,26,2024
"A05..05",NA,27,2024
"A05..05",NA,28,2024
"A05..05",NA,29,2024
"A05..05",NA,30,2024
"A05..05",NA,31,2024
"A05..05",NA,32,2024
"A05..05",1,33,2024
"A05..05",NA,34,2024
"A05..05",NA,35,2024
"A05..05",1,36,2024
"A05..05",NA,37,2024
"A05..05",NA,38,2024
"A05..05",NA,39,2024
"A05..05",NA,40,2024
"A05..05",NA,41,2024
"A05..05",NA,42,2024
"A05..05",2,43,2024
"A05..05",1,44,2024
"A05..05",2,45,2024
"A05..05",4,46,2024
"A05..05",6,47,2024
"A05..05",8,48,2024
"A05..05",4,49,2024
"A05..05",23,50,2024
"A05..05",30,51,2024
"A05..05",10,52,2024
"A06..06",42,1,2024
"A06..06",33,2,2024
"A06..06",56,3,2024
"A06..06",92,4,2024
"A06..06",86,5,2024
"A06..06",81,6,2024
"A06..06",60,7,2024
"A06..06",53,8,2024
"A06..06",40,9,2024
"A06..06",34,10,2024
"A06..06",19,11,2024
"A06..06",16,12,2024
"A06..06",15,13,2024
"A06..06",11,14,2024
"A06..06",2,15,2024
"A06..06",4,16,2024
"A06..06",5,17,2024
"A06..06",4,18,2024
"A06..06",4,19,2024
"A06..06",NA,20,2024
"A06..06",2,21,2024
"A06..06",1,22,2024
"A06..06",1,23,2024
"A06..06",NA,24,2024
"A06..06",1,25,2024
"A06..06",NA,26,2024
"A06..06",1,27,2024
"A06..06",NA,28,2024
"A06..06",NA,29,2024
"A06..06",NA,30,2024
"A06..06",NA,31,2024
"A06..06",NA,32,2024
"A06..06",NA,33,2024
"A06..06",NA,34,2024
"A06..06",2,35,2024
"A06..06",1,36,2024
"A06..06",NA,37,2024
"A06..06",NA,38,2024
"A06..06",1,39,2024
"A06..06",NA,40,2024
"A06..06",1,41,2024
"A06..06",NA,42,2024
"A06..06",NA,43,2024
"A06..06",NA,44,2024
"A06..06",NA,45,2024
"A06..06",3,46,2024
"A06..06",1,47,2024
"A06..06",10,48,2024
"A06..06",11,49,2024
"A06..06",15,50,2024
"A06..06",21,51,2024
"A06..06",13,52,2024
"A07..07",33,1,2024
"A07..07",31,2,2024
"A07..07",30,3,2024
"A07..07",54,4,2024
"A07..07",77,5,2024
"A07..07",65,6,2024
"A07..07",40,7,2024
"A07..07",31,8,2024
"A07..07",34,9,2024
"A07..07",32,10,2024
"A07..07",30,11,2024
"A07..07",13,12,2024
"A07..07",7,13,2024
"A07..07",12,14,2024
"A07..07",2,15,2024
"A07..07",2,16,2024
"A07..07",2,17,2024
"A07..07",2,18,2024
"A07..07",1,19,2024
"A07..07",1,20,2024
"A07..07",NA,21,2024
"A07..07",1,22,2024
"A07..07",1,23,2024
"A07..07",NA,24,2024
"A07..07",NA,25,2024
"A07..07",1,26,2024
"A07..07",1,27,2024
"A07..07",NA,28,2024
"A07..07",2,29,2024
"A07..07",1,30,2024
"A07..07",NA,31,2024
"A07..07",1,32,2024
"A07..07",4,33,2024
"A07..07",NA,34,2024
"A07..07",1,35,2024
"A07..07",1,36,2024
"A07..07",NA,37,2024
"A07..07",NA,38,2024
"A07..07",1,39,2024
"A07..07",NA,40,2024
"A07..07",NA,41,2024
"A07..07",NA,42,2024
"A07..07",NA,43,2024
"A07..07",NA,44,2024
"A07..07",1,45,2024
"A07..07",1,46,2024
"A07..07",3,47,2024
"A07..07",1,48,2024
"A07..07",5,49,2024
"A07..07",6,50,2024
"A07..07",15,51,2024
"A07..07",7,52,2024
"A08..08",14,1,2024
"A08..08",22,2,2024
"A08..08",19,3,2024
"A08..08",51,4,2024
"A08..08",49,5,2024
"A08..08",40,6,2024
"A08..08",29,7,2024
"A08..08",26,8,2024
"A08..08",22,9,2024
"A08..08",18,10,2024
"A08..08",18,11,2024
"A08..08",14,12,2024
"A08..08",7,13,2024
"A08..08",1,14,2024
"A08..08",2,15,2024
"A08..08",6,16,2024
"A08..08",4,17,2024
"A08..08",3,18,2024
"A08..08",1,19,2024
"A08..08",1,20,2024
"A08..08",1,21,2024
"A08..08",2,22,2024
"A08..08",1,23,2024
"A08..08",NA,24,2024
"A08..08",NA,25,2024
"A08..08",NA,26,2024
"A08..08",1,27,2024
"A08..08",NA,28,2024
"A08..08",NA,29,2024
"A08..08",NA,30,2024
"A08..08",NA,31,2024
"A08..08",1,32,2024
"A08..08",1,33,2024
"A08..08",NA,34,2024
"A08..08",NA,35,2024
"A08..08",NA,36,2024
"A08..08",1,37,2024
"A08..08",NA,38,2024
"A08..08",NA,39,2024
"A08..08",1,40,2024
"A08..08",NA,41,2024
"A08..08",2,42,2024
"A08..08",NA,43,2024
"A08..08",NA,44,2024
"A08..08",NA,45,2024
"A08..08",1,46,2024
"A08..08",2,47,2024
"A08..08",2,48,2024
"A08..08",3,49,2024
"A08..08",4,50,2024
"A08..08",13,51,2024
"A08..08",8,52,2024
"A09..09",21,1,2024
"A09..09",10,2,2024
"A09..09",22,3,2024
"A09..09",37,4,2024
"A09..09",35,5,2024
"A09..09",39,6,2024
"A09..09",25,7,2024
"A09..09",25,8,2024
"A09..09",12,9,2024
"A09..09",27,10,2024
"A09..09",16,11,2024
"A09..09",14,12,2024
"A09..09",7,13,2024
"A09..09",5,14,2024
"A09..09",5,15,2024
"A09..09",NA,16,2024
"A09..09",5,17,2024
"A09..09",1,18,2024
"A09..09",1,19,2024
"A09..09",2,20,2024
"A09..09",NA,21,2024
"A09..09",NA,22,2024
"A09..09",NA,23,2024
"A09..09",2,24,2024
"A09..09",NA,25,2024
"A09..09",NA,26,2024
"A09..09",NA,27,2024
"A09..09",NA,28,2024
"A09..09",NA,29,2024
"A09..09",NA,30,2024
"A09..09",NA,31,2024
"A09..09",1,32,2024
"A09..09",2,33,2024
"A09..09",3,34,2024
"A09..09",1,35,2024
"A09..09",NA,36,2024
"A09..09",NA,37,2024
"A09..09",NA,38,2024
"A09..09",NA,39,2024
"A09..09",NA,40,2024
"A09..09",1,41,2024
"A09..09",NA,42,2024
"A09..09",NA,43,2024
"A09..09",NA,44,2024
"A09..09",1,45,2024
"A09..09",1,46,2024
"A09..09",3,47,2024
"A09..09",3,48,2024
"A09..09",3,49,2024
"A09..09",6,50,2024
"A09..09",9,51,2024
"A09..09",6,52,2024
"A10..10",10,1,2024
"A10..10",12,2,2024
"A10..10",17,3,2024
"A10..10",35,4,2024
"A10..10",33,5,2024
"A10..10",22,6,2024
"A10..10",21,7,2024
"A10..10",11,8,2024
"A10..10",20,9,2024
"A10..10",15,10,2024
"A10..10",16,11,2024
"A10..10",10,12,2024
"A10..10",4,13,2024
"A10..10",3,14,2024
"A10..10",5,15,2024
"A10..10",4,16,2024
"A10..10",1,17,2024
"A10..10",4,18,2024
"A10..10",NA,19,2024
"A10..10",1,20,2024
"A10..10",NA,21,2024
"A10..10",1,22,2024
"A10..10",NA,23,2024
"A10..10",NA,24,2024
"A10..10",NA,25,2024
"A10..10",NA,26,2024
"A10..10",NA,27,2024
"A10..10",1,28,2024
"A10..10",NA,29,2024
"A10..10",1,30,2024
"A10..10",1,31,2024
"A10..10",1,32,2024
"A10..10",NA,33,2024
"A10..10",2,34,2024
"A10..10",1,35,2024
"A10..10",NA,36,2024
"A10..10",1,37,2024
"A10..10",2,38,2024
"A10..10",1,39,2024
"A10..10",NA,40,2024
"A10..10",1,41,2024
"A10..10",NA,42,2024
"A10..10",1,43,2024
"A10..10",1,44,2024
"A10..10",1,45,2024
"A10..10",2,46,2024
"A10..10",2,47,2024
"A10..10",3,48,2024
"A10..10",2,49,2024
"A10..10",2,50,2024
"A10..10",11,51,2024
"A10..10",1,52,2024
"A11..11",2,1,2024
"A11..11",14,2,2024
"A11..11",11,3,2024
"A11..11",16,4,2024
"A11..11",24,5,2024
"A11..11",31,6,2024
"A11..11",10,7,2024
"A11..11",7,8,2024
"A11..11",12,9,2024
"A11..11",7,10,2024
"A11..11",13,11,2024
"A11..11",6,12,2024
"A11..11",3,13,2024
"A11..11",2,14,2024
"A11..11",1,15,2024
"A11..11",1,16,2024
"A11..11",6,17,2024
"A11..11",2,18,2024
"A11..11",NA,19,2024
"A11..11",1,20,2024
"A11..11",1,21,2024
"A11..11",2,22,2024
"A11..11",2,23,2024
"A11..11",NA,24,2024
"A11..11",NA,25,2024
"A11..11",NA,26,2024
"A11..11",NA,27,2024
"A11..11",NA,28,2024
"A11..11",NA,29,2024
"A11..11",NA,30,2024
"A11..11",NA,31,2024
"A11..11",1,32,2024
"A11..11",NA,33,2024
"A11..11",1,34,2024
"A11..11",1,35,2024
"A11..11",1,36,2024
"A11..11",NA,37,2024
"A11..11",NA,38,2024
"A11..11",2,39,2024
"A11..11",NA,40,2024
"A11..11",NA,41,2024
"A11..11",1,42,2024
"A11..11",NA,43,2024
"A11..11",1,44,2024
"A11..11",NA,45,2024
"A11..11",2,46,2024
"A11..11",1,47,2024
"A11..11",1,48,2024
"A11..11",1,49,2024
"A11..11",1,50,2024
"A11..11",3,51,2024
"A11..11",1,52,2024
"A12..12",9,1,2024
"A12..12",8,2,2024
"A12..12",10,3,2024
"A12..12",14,4,2024
"A12..12",11,5,2024
"A12..12",21,6,2024
"A12..12",16,7,2024
"A12..12",17,8,2024
"A12..12",11,9,2024
"A12..12",16,10,2024
"A12..12",11,11,2024
"A12..12",6,12,2024
"A12..12",5,13,2024
"A12..12",5,14,2024
"A12..12",1,15,2024
"A12..12",1,16,2024
"A12..12",1,17,2024
"A12..12",2,18,2024
"A12..12",1,19,2024
"A12..12",NA,20,2024
"A12..12",NA,21,2024
"A12..12",1,22,2024
"A12..12",NA,23,2024
"A12..12",1,24,2024
"A12..12",NA,25,2024
"A12..12",NA,26,2024
"A12..12",NA,27,2024
"A12..12",NA,28,2024
"A12..12",NA,29,2024
"A12..12",1,30,2024
"A12..12",NA,31,2024
"A12..12",NA,32,2024
"A12..12",NA,33,2024
"A12..12",NA,34,2024
"A12..12",2,35,2024
"A12..12",NA,36,2024
"A12..12",1,37,2024
"A12..12",NA,38,2024
"A12..12",1,39,2024
"A12..12",NA,40,2024
"A12..12",1,41,2024
"A12..12",NA,42,2024
"A12..12",NA,43,2024
"A12..12",NA,44,2024
"A12..12",1,45,2024
"A12..12",NA,46,2024
"A12..12",1,47,2024
"A12..12",2,48,2024
"A12..12",2,49,2024
"A12..12",2,50,2024
"A12..12",4,51,2024
"A12..12",3,52,2024
"A13..13",4,1,2024
"A13..13",12,2,2024
"A13..13",7,3,2024
"A13..13",11,4,2024
"A13..13",19,5,2024
"A13..13",19,6,2024
"A13..13",12,7,2024
"A13..13",10,8,2024
"A13..13",13,9,2024
"A13..13",7,10,2024
"A13..13",7,11,2024
"A13..13",8,12,2024
"A13..13",3,13,2024
"A13..13",3,14,2024
"A13..13",4,15,2024
"A13..13",2,16,2024
"A13..13",4,17,2024
"A13..13",2,18,2024
"A13..13",2,19,2024
"A13..13",1,20,2024
"A13..13",1,21,2024
"A13..13",3,22,2024
"A13..13",1,23,2024
"A13..13",NA,24,2024
"A13..13",NA,25,2024
"A13..13",NA,26,2024
"A13..13",NA,27,2024
"A13..13",NA,28,2024
"A13..13",NA,29,2024
"A13..13",NA,30,2024
"A13..13",NA,31,2024
"A13..13",1,32,2024
"A13..13",NA,33,2024
"A13..13",NA,34,2024
"A13..13",NA,35,2024
"A13..13",NA,36,2024
"A13..13",NA,37,2024
"A13..13",3,38,2024
"A13..13",1,39,2024
"A13..13",1,40,2024
"A13..13",NA,41,2024
"A13..13",NA,42,2024
"A13..13",NA,43,2024
"A13..13",NA,44,2024
"A13..13",NA,45,2024
"A13..13",NA,46,2024
"A13..13",1,47,2024
"A13..13",2,48,2024
"A13..13",2,49,2024
"A13..13",3,50,2024
"A13..13",3,51,2024
"A13..13",1,52,2024
"A14..14",7,1,2024
"A14..14",10,2,2024
"A14..14",9,3,2024
"A14..14",20,4,2024
"A14..14",20,5,2024
"A14..14",20,6,2024
"A14..14",8,7,2024
"A14..14",12,8,2024
"A14..14",11,9,2024
"A14..14",10,10,2024
"A14..14",11,11,2024
"A14..14",6,12,2024
"A14..14",7,13,2024
"A14..14",2,14,2024
"A14..14",3,15,2024
"A14..14",3,16,2024
"A14..14",1,17,2024
"A14..14",NA,18,2024
"A14..14",1,19,2024
"A14..14",1,20,2024
"A14..14",2,21,2024
"A14..14",2,22,2024
"A14..14",1,23,2024
"A14..14",1,24,2024
"A14..14",NA,25,2024
"A14..14",1,26,2024
"A14..14",1,27,2024
"A14..14",NA,28,2024
"A14..14",NA,29,2024
"A14..14",NA,30,2024
"A14..14",NA,31,2024
"A14..14",NA,32,2024
"A14..14",NA,33,2024
"A14..14",1,34,2024
"A14..14",1,35,2024
"A14..14",NA,36,2024
"A14..14",2,37,2024
"A14..14",1,38,2024
"A14..14",NA,39,2024
"A14..14",NA,40,2024
"A14..14",NA,41,2024
"A14..14",NA,42,2024
"A14..14",NA,43,2024
"A14..14",NA,44,2024
"A14..14",1,45,2024
"A14..14",NA,46,2024
"A14..14",1,47,2024
"A14..14",NA,48,2024
"A14..14",3,49,2024
"A14..14",6,50,2024
"A14..14",NA,51,2024
"A14..14",2,52,2024
"A15..15",4,1,2024
"A15..15",9,2,2024
"A15..15",8,3,2024
"A15..15",10,4,2024
"A15..15",16,5,2024
"A15..15",15,6,2024
"A15..15",9,7,2024
"A15..15",8,8,2024
"A15..15",10,9,2024
"A15..15",10,10,2024
"A15..15",10,11,2024
"A15..15",7,12,2024
"A15..15",3,13,2024
"A15..15",1,14,2024
"A15..15",1,15,2024
"A15..15",NA,16,2024
"A15..15",1,17,2024
"A15..15",NA,18,2024
"A15..15",1,19,2024
"A15..15",2,20,2024
"A15..15",NA,21,2024
"A15..15",1,22,2024
"A15..15",NA,23,2024
"A15..15",1,24,2024
"A15..15",NA,25,2024
"A15..15",NA,26,2024
"A15..15",NA,27,2024
"A15..15",NA,28,2024
"A15..15",NA,29,2024
"A15..15",NA,30,2024
"A15..15",NA,31,2024
"A15..15",NA,32,2024
"A15..15",NA,33,2024
"A15..15",1,34,2024
"A15..15",NA,35,2024
"A15..15",NA,36,2024
"A15..15",NA,37,2024
"A15..15",NA,38,2024
"A15..15",3,39,2024
"A15..15",NA,40,2024
"A15..15",NA,41,2024
"A15..15",1,42,2024
"A15..15",1,43,2024
"A15..15",1,44,2024
"A15..15",1,45,2024
"A15..15",1,46,2024
"A15..15",1,47,2024
"A15..15",NA,48,2024
"A15..15",2,49,2024
"A15..15",3,50,2024
"A15..15",5,51,2024
"A15..15",2,52,2024
"A16..16",7,1,2024
"A16..16",8,2,2024
"A16..16",10,3,2024
"A16..16",12,4,2024
"A16..16",20,5,2024
"A16..16",14,6,2024
"A16..16",6,7,2024
"A16..16",11,8,2024
"A16..16",9,9,2024
"A16..16",8,10,2024
"A16..16",9,11,2024
"A16..16",7,12,2024
"A16..16",NA,13,2024
"A16..16",3,14,2024
"A16..16",2,15,2024
"A16..16",1,16,2024
"A16..16",4,17,2024
"A16..16",2,18,2024
"A16..16",NA,19,2024
"A16..16",NA,20,2024
"A16..16",1,21,2024
"A16..16",1,22,2024
"A16..16",NA,23,2024
"A16..16",NA,24,2024
"A16..16",NA,25,2024
"A16..16",1,26,2024
"A16..16",1,27,2024
"A16..16",NA,28,2024
"A16..16",NA,29,2024
"A16..16",NA,30,2024
"A16..16",NA,31,2024
"A16..16",NA,32,2024
"A16..16",NA,33,2024
"A16..16",1,34,2024
"A16..16",1,35,2024
"A16..16",NA,36,2024
"A16..16",NA,37,2024
"A16..16",1,38,2024
"A16..16",NA,39,2024
"A16..16",1,40,2024
"A16..16",NA,41,2024
"A16..16",2,42,2024
"A16..16",2,43,2024
"A16..16",1,44,2024
"A16..16",NA,45,2024
"A16..16",1,46,2024
"A16..16",4,47,2024
"A16..16",3,48,2024
"A16..16",2,49,2024
"A16..16",1,50,2024
"A16..16",6,51,2024
"A16..16",1,52,2024
"A17..17",4,1,2024
"A17..17",12,2,2024
"A17..17",11,3,2024
"A17..17",14,4,2024
"A17..17",16,5,2024
"A17..17",17,6,2024
"A17..17",12,7,2024
"A17..17",11,8,2024
"A17..17",9,9,2024
"A17..17",4,10,2024
"A17..17",5,11,2024
"A17..17",6,12,2024
"A17..17",3,13,2024
"A17..17",1,14,2024
"A17..17",2,15,2024
"A17..17",1,16,2024
"A17..17",1,17,2024
"A17..17",1,18,2024
"A17..17",NA,19,2024
"A17..17",NA,20,2024
"A17..17",2,21,2024
"A17..17",2,22,2024
"A17..17",NA,23,2024
"A17..17",1,24,2024
"A17..17",NA,25,2024
"A17..17",NA,26,2024
"A17..17",NA,27,2024
"A17..17",NA,28,2024
"A17..17",NA,29,2024
"A17..17",NA,30,2024
"A17..17",NA,31,2024
"A17..17",NA,32,2024
"A17..17",NA,33,2024
"A17..17",2,34,2024
"A17..17",NA,35,2024
"A17..17",1,36,2024
"A17..17",1,37,2024
"A17..17",2,38,2024
"A17..17",2,39,2024
"A17..17",NA,40,2024
"A17..17",2,41,2024
"A17..17",NA,42,2024
"A17..17",NA,43,2024
"A17..17",NA,44,2024
"A17..17",NA,45,2024
"A17..17",1,46,2024
"A17..17",NA,47,2024
"A17..17",1,48,2024
"A17..17",3,49,2024
"A17..17",3,50,2024
"A17..17",2,51,2024
"A17..17",NA,52,2024
"A18..18",3,1,2024
"A18..18",11,2,2024
"A18..18",11,3,2024
"A18..18",9,4,2024
"A18..18",9,5,2024
"A18..18",10,6,2024
"A18..18",14,7,2024
"A18..18",10,8,2024
"A18..18",5,9,2024
"A18..18",5,10,2024
"A18..18",2,11,2024
"A18..18",2,12,2024
"A18..18",3,13,2024
"A18..18",3,14,2024
"A18..18",NA,15,2024
"A18..18",1,16,2024
"A18..18",1,17,2024
"A18..18",NA,18,2024
"A18..18",1,19,2024
"A18..18",1,20,2024
"A18..18",NA,21,2024
"A18..18",1,22,2024
"A18..18",NA,23,2024
"A18..18",NA,24,2024
"A18..18",1,25,2024
"A18..18",NA,26,2024
"A18..18",1,27,2024
"A18..18",NA,28,2024
"A18..18",NA,29,2024
"A18..18",NA,30,2024
"A18..18",NA,31,2024
"A18..18",1,32,2024
"A18..18",1,33,2024
"A18..18",1,34,2024
"A18..18",1,35,2024
"A18..18",NA,36,2024
"A18..18",NA,37,2024
"A18..18",1,38,2024
"A18..18",NA,39,2024
"A18..18",NA,40,2024
"A18..18",1,41,2024
"A18..18",NA,42,2024
"A18..18",NA,43,2024
"A18..18",1,44,2024
"A18..18",NA,45,2024
"A18..18",NA,46,2024
"A18..18",4,47,2024
"A18..18",1,48,2024
"A18..18",1,49,2024
"A18..18",4,50,2024
"A18..18",2,51,2024
"A18..18",NA,52,2024
"A19..19",4,1,2024
"A19..19",6,2,2024
"A19..19",16,3,2024
"A19..19",4,4,2024
"A19..19",10,5,2024
"A19..19",14,6,2024
"A19..19",11,7,2024
"A19..19",11,8,2024
"A19..19",7,9,2024
"A19..19",10,10,2024
"A19..19",4,11,2024
"A19..19",4,12,2024
"A19..19",1,13,2024
"A19..19",1,14,2024
"A19..19",2,15,2024
"A19..19",1,16,2024
"A19..19",3,17,2024
"A19..19",NA,18,2024
"A19..19",NA,19,2024
"A19..19",NA,20,2024
"A19..19",1,21,2024
"A19..19",1,22,2024
"A19..19",NA,23,2024
"A19..19",NA,24,2024
"A19..19",NA,25,2024
"A19..19",NA,26,2024
"A19..19",1,27,2024
"A19..19",1,28,2024
"A19..19",NA,29,2024
"A19..19",NA,30,2024
"A19..19",NA,31,2024
"A19..19",NA,32,2024
"A19..19",NA,33,2024
"A19..19",1,34,2024
"A19..19",NA,35,2024
"A19..19",NA,36,2024
"A19..19",NA,37,2024
"A19..19",NA,38,2024
"A19..19",1,39,2024
"A19..19",NA,40,2024
"A19..19",NA,41,2024
"A19..19",NA,42,2024
"A19..19",NA,43,2024
"A19..19",NA,44,2024
"A19..19",2,45,2024
"A19..19",NA,46,2024
"A19..19",1,47,2024
"A19..19",NA,48,2024
"A19..19",1,49,2024
"A19..19",1,50,2024
"A19..19",4,51,2024
"A19..19",2,52,2024
"A20..20",5,1,2024
"A20..20",5,2,2024
"A20..20",6,3,2024
"A20..20",5,4,2024
"A20..20",4,5,2024
"A20..20",9,6,2024
"A20..20",9,7,2024
"A20..20",8,8,2024
"A20..20",9,9,2024
"A20..20",6,10,2024
"A20..20",4,11,2024
"A20..20",2,12,2024
"A20..20",1,13,2024
"A20..20",3,14,2024
"A20..20",2,15,2024
"A20..20",NA,16,2024
"A20..20",NA,17,2024
"A20..20",1,18,2024
"A20..20",NA,19,2024
"A20..20",NA,20,2024
"A20..20",1,21,2024
"A20..20",2,22,2024
"A20..20",NA,23,2024
"A20..20",NA,24,2024
"A20..20",NA,25,2024
"A20..20",NA,26,2024
"A20..20",NA,27,2024
"A20..20",NA,28,2024
"A20..20",NA,29,2024
"A20..20",NA,30,2024
"A20..20",NA,31,2024
"A20..20",NA,32,2024
"A20..20",NA,33,2024
"A20..20",2,34,2024
"A20..20",NA,35,2024
"A20..20",NA,36,2024
"A20..20",NA,37,2024
"A20..20",NA,38,2024
"A20..20",1,39,2024
"A20..20",NA,40,2024
"A20..20",NA,41,2024
"A20..20",NA,42,2024
"A20..20",1,43,2024
"A20..20",1,44,2024
"A20..20",NA,45,2024
"A20..20",1,46,2024
"A20..20",NA,47,2024
"A20..20",2,48,2024
"A20..20",1,49,2024
"A20..20",3,50,2024
"A20..20",1,51,2024
"A20..20",1,52,2024
"A21..21",9,1,2024
"A21..21",5,2,2024
"A21..21",9,3,2024
"A21..21",10,4,2024
"A21..21",6,5,2024
"A21..21",7,6,2024
"A21..21",6,7,2024
"A21..21",9,8,2024
"A21..21",7,9,2024
"A21..21",5,10,2024
"A21..21",1,11,2024
"A21..21",2,12,2024
"A21..21",NA,13,2024
"A21..21",2,14,2024
"A21..21",1,15,2024
"A21..21",2,16,2024
"A21..21",NA,17,2024
"A21..21",1,18,2024
"A21..21",NA,19,2024
"A21..21",NA,20,2024
"A21..21",NA,21,2024
"A21..21",1,22,2024
"A21..21",NA,23,2024
"A21..21",1,24,2024
"A21..21",NA,25,2024
"A21..21",NA,26,2024
"A21..21",1,27,2024
"A21..21",NA,28,2024
"A21..21",NA,29,2024
"A21..21",NA,30,2024
"A21..21",NA,31,2024
"A21..21",NA,32,2024
"A21..21",NA,33,2024
"A21..21",1,34,2024
"A21..21",NA,35,2024
"A21..21",NA,36,2024
"A21..21",NA,37,2024
"A21..21",NA,38,2024
"A21..21",NA,39,2024
"A21..21",NA,40,2024
"A21..21",NA,41,2024
"A21..21",1,42,2024
"A21..21",NA,43,2024
"A21..21",1,44,2024
"A21..21",NA,45,2024
"A21..21",1,46,2024
"A21..21",1,47,2024
"A21..21",NA,48,2024
"A21..21",NA,49,2024
"A21..21",1,50,2024
"A21..21",3,51,2024
"A21..21",NA,52,2024
"A22..22",6,1,2024
"A22..22",5,2,2024
"A22..22",9,3,2024
"A22..22",8,4,2024
"A22..22",7,5,2024
"A22..22",8,6,2024
"A22..22",8,7,2024
"A22..22",8,8,2024
"A22..22",6,9,2024
"A22..22",4,10,2024
"A22..22",5,11,2024
"A22..22",1,12,2024
"A22..22",2,13,2024
"A22..22",2,14,2024
"A22..22",NA,15,2024
"A22..22",NA,16,2024
"A22..22",1,17,2024
"A22..22",2,18,2024
"A22..22",NA,19,2024
"A22..22",NA,20,2024
"A22..22",NA,21,2024
"A22..22",NA,22,2024
"A22..22",NA,23,2024
"A22..22",NA,24,2024
"A22..22",NA,25,2024
"A22..22",NA,26,2024
"A22..22",1,27,2024
"A22..22",NA,28,2024
"A22..22",NA,29,2024
"A22..22",NA,30,2024
"A22..22",NA,31,2024
"A22..22",1,32,2024
"A22..22",NA,33,2024
"A22..22",1,34,2024
"A22..22",NA,35,2024
"A22..22",1,36,2024
"A22..22",NA,37,2024
"A22..22",NA,38,2024
"A22..22",NA,39,2024
"A22..22",NA,40,2024
"A22..22",NA,41,2024
"A22..22",1,42,2024
"A22..22",NA,43,2024
"A22..22",1,44,2024
"A22..22",NA,45,2024
"A22..22",1,46,2024
"A22..22",1,47,2024
"A22..22",1,48,2024
"A22..22",1,49,2024
"A22..22",2,50,2024
"A22..22",NA,51,2024
"A22..22",NA,52,2024
"A23..23",7,1,2024
"A23..23",15,2,2024
"A23..23",5,3,2024
"A23..23",8,4,2024
"A23..23",7,5,2024
"A23..23",11,6,2024
"A23..23",6,7,2024
"A23..23",3,8,2024
"A23..23",6,9,2024
"A23..23",6,10,2024
"A23..23",5,11,2024
"A23..23",2,12,2024
"A23..23",2,13,2024
"A23..23",NA,14,2024
"A23..23",1,15,2024
"A23..23",2,16,2024
"A23..23",1,17,2024
"A23..23",1,18,2024
"A23..23",NA,19,2024
"A23..23",NA,20,2024
"A23..23",2,21,2024
"A23..23",NA,22,2024
"A23..23",1,23,2024
"A23..23",NA,24,2024
"A23..23",NA,25,2024
"A23..23",NA,26,2024
"A23..23",NA,27,2024
"A23..23",NA,28,2024
"A23..23",NA,29,2024
"A23..23",NA,30,2024
"A23..23",NA,31,2024
"A23..23",NA,32,2024
"A23..23",1,33,2024
"A23..23",NA,34,2024
"A23..23",NA,35,2024
"A23..23",1,36,2024
"A23..23",NA,37,2024
"A23..23",NA,38,2024
"A23..23",NA,39,2024
"A23..23",NA,40,2024
"A23..23",NA,41,2024
"A23..23",NA,42,2024
"A23..23",NA,43,2024
"A23..23",NA,44,2024
"A23..23",NA,45,2024
"A23..23",1,46,2024
"A23..23",2,47,2024
"A23..23",NA,48,2024
"A23..23",2,49,2024
"A23..23",NA,50,2024
"A23..23",2,51,2024
"A23..23",2,52,2024
"A24..24",4,1,2024
"A24..24",6,2,2024
"A24..24",11,3,2024
"A24..24",6,4,2024
"A24..24",7,5,2024
"A24..24",8,6,2024
"A24..24",7,7,2024
"A24..24",3,8,2024
"A24..24",4,9,2024
"A24..24",3,10,2024
"A24..24",5,11,2024
"A24..24",2,12,2024
"A24..24",1,13,2024
"A24..24",2,14,2024
"A24..24",3,15,2024
"A24..24",1,16,2024
"A24..24",2,17,2024
"A24..24",NA,18,2024
"A24..24",1,19,2024
"A24..24",NA,20,2024
"A24..24",NA,21,2024
"A24..24",NA,22,2024
"A24..24",NA,23,2024
"A24..24",NA,24,2024
"A24..24",NA,25,2024
"A24..24",NA,26,2024
"A24..24",NA,27,2024
"A24..24",NA,28,2024
"A24..24",NA,29,2024
"A24..24",NA,30,2024
"A24..24",NA,31,2024
"A24..24",NA,32,2024
"A24..24",NA,33,2024
"A24..24",1,34,2024
"A24..24",NA,35,2024
"A24..24",NA,36,2024
"A24..24",NA,37,2024
"A24..24",NA,38,2024
"A24..24",1,39,2024
"A24..24",NA,40,2024
"A24..24",NA,41,2024
"A24..24",NA,42,2024
"A24..24",NA,43,2024
"A24..24",2,44,2024
"A24..24",1,45,2024
"A24..24",NA,46,2024
"A24..24",NA,47,2024
"A24..24",NA,48,2024
"A24..24",1,49,2024
"A24..24",1,50,2024
"A24..24",2,51,2024
"A24..24",1,52,2024
"A25..25",5,1,2024
"A25..25",8,2,2024
"A25..25",5,3,2024
"A25..25",12,4,2024
"A25..25",11,5,2024
"A25..25",18,6,2024
"A25..25",8,7,2024
"A25..25",7,8,2024
"A25..25",6,9,2024
"A25..25",3,10,2024
"A25..25",9,11,2024
"A25..25",1,12,2024
"A25..25",1,13,2024
"A25..25",2,14,2024
"A25..25",2,15,2024
"A25..25",NA,16,2024
"A25..25",1,17,2024
"A25..25",NA,18,2024
"A25..25",NA,19,2024
"A25..25",1,20,2024
"A25..25",NA,21,2024
"A25..25",1,22,2024
"A25..25",NA,23,2024
"A25..25",NA,24,2024
"A25..25",NA,25,2024
"A25..25",2,26,2024
"A25..25",NA,27,2024
"A25..25",NA,28,2024
"A25..25",NA,29,2024
"A25..25",NA,30,2024
"A25..25",NA,31,2024
"A25..25",NA,32,2024
"A25..25",NA,33,2024
"A25..25",NA,34,2024
"A25..25",1,35,2024
"A25..25",NA,36,2024
"A25..25",NA,37,2024
"A25..25",NA,38,2024
"A25..25",NA,39,2024
"A25..25",1,40,2024
"A25..25",1,41,2024
"A25..25",NA,42,2024
"A25..25",NA,43,2024
"A25..25",1,44,2024
"A25..25",1,45,2024
"A25..25",2,46,2024
"A25..25",1,47,2024
"A25..25",3,48,2024
"A25..25",NA,49,2024
"A25..25",2,50,2024
"A25..25",3,51,2024
"A25..25",NA,52,2024
"A26..26",9,1,2024
"A26..26",5,2,2024
"A26..26",10,3,2024
"A26..26",7,4,2024
"A26..26",7,5,2024
"A26..26",7,6,2024
"A26..26",10,7,2024
"A26..26",6,8,2024
"A26..26",5,9,2024
"A26..26",3,10,2024
"A26..26",3,11,2024
"A26..26",2,12,2024
"A26..26",1,13,2024
"A26..26",NA,14,2024
"A26..26",1,15,2024
"A26..26",1,16,2024
"A26..26",NA,17,2024
"A26..26",NA,18,2024
"A26..26",NA,19,2024
"A26..26",NA,20,2024
"A26..26",1,21,2024
"A26..26",NA,22,2024
"A26..26",NA,23,2024
"A26..26",NA,24,2024
"A26..26",NA,25,2024
"A26..26",NA,26,2024
"A26..26",NA,27,2024
"A26..26",NA,28,2024
"A26..26",NA,29,2024
"A26..26",NA,30,2024
"A26..26",NA,31,2024
"A26..26",NA,32,2024
"A26..26",NA,33,2024
"A26..26",NA,34,2024
"A26..26",NA,35,2024
"A26..26",NA,36,2024
"A26..26",NA,37,2024
"A26..26",NA,38,2024
"A26..26",NA,39,2024
"A26..26",NA,40,2024
"A26..26",NA,41,2024
"A26..26",1,42,2024
"A26..26",1,43,2024
"A26..26",NA,44,2024
"A26..26",1,45,2024
"A26..26",NA,46,2024
"A26..26",NA,47,2024
"A26..26",1,48,2024
"A26..26",1,49,2024
"A26..26",1,50,2024
"A26..26",2,51,2024
"A26..26",1,52,2024
"A27..27",6,1,2024
"A27..27",8,2,2024
"A27..27",11,3,2024
"A27..27",7,4,2024
"A27..27",1,5,2024
"A27..27",6,6,2024
"A27..27",10,7,2024
"A27..27",8,8,2024
"A27..27",7,9,2024
"A27..27",4,10,2024
"A27..27",4,11,2024
"A27..27",2,12,2024
"A27..27",1,13,2024
"A27..27",3,14,2024
"A27..27",NA,15,2024
"A27..27",1,16,2024
"A27..27",1,17,2024
"A27..27",NA,18,2024
"A27..27",1,19,2024
"A27..27",1,20,2024
"A27..27",NA,21,2024
"A27..27",1,22,2024
"A27..27",NA,23,2024
"A27..27",NA,24,2024
"A27..27",NA,25,2024
"A27..27",NA,26,2024
"A27..27",NA,27,2024
"A27..27",NA,28,2024
"A27..27",NA,29,2024
"A27..27",NA,30,2024
"A27..27",NA,31,2024
"A27..27",2,32,2024
"A27..27",NA,33,2024
"A27..27",2,34,2024
"A27..27",NA,35,2024
"A27..27",NA,36,2024
"A27..27",NA,37,2024
"A27..27",1,38,2024
"A27..27",NA,39,2024
"A27..27",NA,40,2024
"A27..27",NA,41,2024
"A27..27",1,42,2024
"A27..27",NA,43,2024
"A27..27",NA,44,2024
"A27..27",1,45,2024
"A27..27",NA,46,2024
"A27..27",NA,47,2024
"A27..27",1,48,2024
"A27..27",2,49,2024
"A27..27",3,50,2024
"A27..27",NA,51,2024
"A27..27",2,52,2024
"A28..28",10,1,2024
"A28..28",4,2,2024
"A28..28",9,3,2024
"A28..28",7,4,2024
"A28..28",16,5,2024
"A28..28",9,6,2024
"A28..28",10,7,2024
"A28..28",8,8,2024
"A28..28",6,9,2024
"A28..28",5,10,2024
"A28..28",4,11,2024
"A28..28",2,12,2024
"A28..28",2,13,2024
"A28..28",NA,14,2024
"A28..28",1,15,2024
"A28..28",2,16,2024
"A28..28",2,17,2024
"A28..28",NA,18,2024
"A28..28",2,19,2024
"A28..28",NA,20,2024
"A28..28",NA,21,2024
"A28..28",NA,22,2024
"A28..28",1,23,2024
"A28..28",NA,24,2024
"A28..28",NA,25,2024
"A28..28",NA,26,2024
"A28..28",NA,27,2024
"A28..28",NA,28,2024
"A28..28",NA,29,2024
"A28..28",NA,30,2024
"A28..28",NA,31,2024
"A28..28",NA,32,2024
"A28..28",NA,33,2024
"A28..28",NA,34,2024
"A28..28",NA,35,2024
"A28..28",NA,36,2024
"A28..28",1,37,2024
"A28..28",NA,38,2024
"A28..28",NA,39,2024
"A28..28",NA,40,2024
"A28..28",NA,41,2024
"A28..28",NA,42,2024
"A28..28",NA,43,2024
"A28..28",1,44,2024
"A28..28",NA,45,2024
"A28..28",NA,46,2024
"A28..28",2,47,2024
"A28..28",1,48,2024
"A28..28",1,49,2024
"A28..28",3,50,2024
"A28..28",3,51,2024
"A28..28",1,52,2024
"A29..29",10,1,2024
"A29..29",8,2,2024
"A29..29",4,3,2024
"A29..29",12,4,2024
"A29..29",7,5,2024
"A29..29",13,6,2024
"A29..29",5,7,2024
"A29..29",8,8,2024
"A29..29",11,9,2024
"A29..29",3,10,2024
"A29..29",4,11,2024
"A29..29",4,12,2024
"A29..29",2,13,2024
"A29..29",3,14,2024
"A29..29",3,15,2024
"A29..29",1,16,2024
"A29..29",2,17,2024
"A29..29",NA,18,2024
"A29..29",1,19,2024
"A29..29",1,20,2024
"A29..29",4,21,2024
"A29..29",1,22,2024
"A29..29",NA,23,2024
"A29..29",NA,24,2024
"A29..29",NA,25,2024
"A29..29",NA,26,2024
"A29..29",NA,27,2024
"A29..29",NA,28,2024
"A29..29",1,29,2024
"A29..29",NA,30,2024
"A29..29",NA,31,2024
"A29..29",NA,32,2024
"A29..29",NA,33,2024
"A29..29",NA,34,2024
"A29..29",NA,35,2024
"A29..29",NA,36,2024
"A29..29",NA,37,2024
"A29..29",NA,38,2024
"A29..29",1,39,2024
"A29..29",NA,40,2024
"A29..29",NA,41,2024
"A29..29",1,42,2024
"A29..29",NA,43,2024
"A29..29",NA,44,2024
"A29..29",NA,45,2024
"A29..29",NA,46,2024
"A29..29",1,47,2024
"A29..29",1,48,2024
"A29..29",2,49,2024
"A29..29",2,50,2024
"A29..29",1,51,2024
"A29..29",1,52,2024
"A30..30",10,1,2024
"A30..30",8,2,2024
"A30..30",8,3,2024
"A30..30",12,4,2024
"A30..30",4,5,2024
"A30..30",10,6,2024
"A30..30",6,7,2024
"A30..30",6,8,2024
"A30..30",7,9,2024
"A30..30",1,10,2024
"A30..30",6,11,2024
"A30..30",3,12,2024
"A30..30",NA,13,2024
"A30..30",1,14,2024
"A30..30",2,15,2024
"A30..30",1,16,2024
"A30..30",NA,17,2024
"A30..30",NA,18,2024
"A30..30",NA,19,2024
"A30..30",NA,20,2024
"A30..30",NA,21,2024
"A30..30",1,22,2024
"A30..30",NA,23,2024
"A30..30",NA,24,2024
"A30..30",NA,25,2024
"A30..30",NA,26,2024
"A30..30",NA,27,2024
"A30..30",NA,28,2024
"A30..30",NA,29,2024
"A30..30",NA,30,2024
"A30..30",NA,31,2024
"A30..30",NA,32,2024
"A30..30",1,33,2024
"A30..30",1,34,2024
"A30..30",NA,35,2024
"A30..30",NA,36,2024
"A30..30",NA,37,2024
"A30..30",1,38,2024
"A30..30",NA,39,2024
"A30..30",NA,40,2024
"A30..30",NA,41,2024
"A30..30",NA,42,2024
"A30..30",1,43,2024
"A30..30",NA,44,2024
"A30..30",NA,45,2024
"A30..30",NA,46,2024
"A30..30",NA,47,2024
"A30..30",1,48,2024
"A30..30",NA,49,2024
"A30..30",3,50,2024
"A30..30",3,51,2024
"A30..30",1,52,2024
"A31..31",6,1,2024
"A31..31",10,2,2024
"A31..31",6,3,2024
"A31..31",10,4,2024
"A31..31",13,5,2024
"A31..31",8,6,2024
"A31..31",10,7,2024
"A31..31",9,8,2024
"A31..31",8,9,2024
"A31..31",10,10,2024
"A31..31",3,11,2024
"A31..31",6,12,2024
"A31..31",1,13,2024
"A31..31",2,14,2024
"A31..31",3,15,2024
"A31..31",1,16,2024
"A31..31",NA,17,2024
"A31..31",1,18,2024
"A31..31",1,19,2024
"A31..31",NA,20,2024
"A31..31",NA,21,2024
"A31..31",1,22,2024
"A31..31",NA,23,2024
"A31..31",NA,24,2024
"A31..31",NA,25,2024
"A31..31",NA,26,2024
"A31..31",NA,27,2024
"A31..31",NA,28,2024
"A31..31",NA,29,2024
"A31..31",NA,30,2024
"A31..31",NA,31,2024
"A31..31",NA,32,2024
"A31..31",3,33,2024
"A31..31",NA,34,2024
"A31..31",NA,35,2024
"A31..31",NA,36,2024
"A31..31",NA,37,2024
"A31..31",1,38,2024
"A31..31",2,39,2024
"A31..31",1,40,2024
"A31..31",NA,41,2024
"A31..31",NA,42,2024
"A31..31",NA,43,2024
"A31..31",NA,44,2024
"A31..31",NA,45,2024
"A31..31",NA,46,2024
"A31..31",1,47,2024
"A31..31",NA,48,2024
"A31..31",3,49,2024
"A31..31",6,50,2024
"A31..31",2,51,2024
"A31..31",NA,52,2024
"A32..32",9,1,2024
"A32..32",15,2,2024
"A32..32",3,3,2024
"A32..32",12,4,2024
"A32..32",21,5,2024
"A32..32",14,6,2024
"A32..32",11,7,2024
"A32..32",6,8,2024
"A32..32",10,9,2024
"A32..32",5,10,2024
"A32..32",7,11,2024
"A32..32",4,12,2024
"A32..32",2,13,2024
"A32..32",2,14,2024
"A32..32",1,15,2024
"A32..32",NA,16,2024
"A32..32",1,17,2024
"A32..32",2,18,2024
"A32..32",NA,19,2024
"A32..32",NA,20,2024
"A32..32",NA,21,2024
"A32..32",1,22,2024
"A32..32",NA,23,2024
"A32..32",NA,24,2024
"A32..32",NA,25,2024
"A32..32",NA,26,2024
"A32..32",NA,27,2024
"A32..32",NA,28,2024
"A32..32",NA,29,2024
"A32..32",NA,30,2024
"A32..32",NA,31,2024
"A32..32",1,32,2024
"A32..32",NA,33,2024
"A32..32",NA,34,2024
"A32..32",NA,35,2024
"A32..32",NA,36,2024
"A32..32",NA,37,2024
"A32..32",NA,38,2024
"A32..32",NA,39,2024
"A32..32",NA,40,2024
"A32..32",NA,41,2024
"A32..32",NA,42,2024
"A32..32",NA,43,2024
"A32..32",NA,44,2024
"A32..32",1,45,2024
"A32..32",1,46,2024
"A32..32",1,47,2024
"A32..32",2,48,2024
"A32..32",3,49,2024
"A32..32",4,50,2024
"A32..32",5,51,2024
"A32..32",3,52,2024
"A33..33",5,1,2024
"A33..33",14,2,2024
"A33..33",10,3,2024
"A33..33",13,4,2024
"A33..33",12,5,2024
"A33..33",27,6,2024
"A33..33",11,7,2024
"A33..33",14,8,2024
"A33..33",11,9,2024
"A33..33",1,10,2024
"A33..33",9,11,2024
"A33..33",5,12,2024
"A33..33",2,13,2024
"A33..33",1,14,2024
"A33..33",1,15,2024
"A33..33",NA,16,2024
"A33..33",2,17,2024
"A33..33",1,18,2024
"A33..33",NA,19,2024
"A33..33",1,20,2024
"A33..33",NA,21,2024
"A33..33",NA,22,2024
"A33..33",1,23,2024
"A33..33",1,24,2024
"A33..33",1,25,2024
"A33..33",NA,26,2024
"A33..33",NA,27,2024
"A33..33",1,28,2024
"A33..33",NA,29,2024
"A33..33",NA,30,2024
"A33..33",NA,31,2024
"A33..33",NA,32,2024
"A33..33",NA,33,2024
"A33..33",NA,34,2024
"A33..33",1,35,2024
"A33..33",1,36,2024
"A33..33",2,37,2024
"A33..33",NA,38,2024
"A33..33",NA,39,2024
"A33..33",NA,40,2024
"A33..33",NA,41,2024
"A33..33",NA,42,2024
"A33..33",NA,43,2024
"A33..33",NA,44,2024
"A33..33",NA,45,2024
"A33..33",1,46,2024
"A33..33",1,47,2024
"A33..33",3,48,2024
"A33..33",2,49,2024
"A33..33",1,50,2024
"A33..33",3,51,2024
"A33..33",2,52,2024
"A34..34",7,1,2024
"A34..34",11,2,2024
"A34..34",10,3,2024
"A34..34",12,4,2024
"A34..34",19,5,2024
"A34..34",15,6,2024
"A34..34",14,7,2024
"A34..34",8,8,2024
"A34..34",9,9,2024
"A34..34",7,10,2024
"A34..34",3,11,2024
"A34..34",5,12,2024
"A34..34",2,13,2024
"A34..34",2,14,2024
"A34..34",1,15,2024
"A34..34",3,16,2024
"A34..34",NA,17,2024
"A34..34",NA,18,2024
"A34..34",NA,19,2024
"A34..34",NA,20,2024
"A34..34",NA,21,2024
"A34..34",NA,22,2024
"A34..34",NA,23,2024
"A34..34",NA,24,2024
"A34..34",1,25,2024
"A34..34",NA,26,2024
"A34..34",NA,27,2024
"A34..34",NA,28,2024
"A34..34",1,29,2024
"A34..34",1,30,2024
"A34..34",NA,31,2024
"A34..34",NA,32,2024
"A34..34",NA,33,2024
"A34..34",NA,34,2024
"A34..34",NA,35,2024
"A34..34",NA,36,2024
"A34..34",1,37,2024
"A34..34",NA,38,2024
"A34..34",1,39,2024
"A34..34",1,40,2024
"A34..34",NA,41,2024
"A34..34",NA,42,2024
"A34..34",1,43,2024
"A34..34",1,44,2024
"A34..34",1,45,2024
"A34..34",NA,46,2024
"A34..34",1,47,2024
"A34..34",2,48,2024
"A34..34",1,49,2024
"A34..34",1,50,2024
"A34..34",3,51,2024
"A34..34",1,52,2024
"A35..35",22,1,2024
"A35..35",11,2,2024
"A35..35",14,3,2024
"A35..35",9,4,2024
"A35..35",17,5,2024
"A35..35",21,6,2024
"A35..35",14,7,2024
"A35..35",11,8,2024
"A35..35",8,9,2024
"A35..35",11,10,2024
"A35..35",6,11,2024
"A35..35",4,12,2024
"A35..35",2,13,2024
"A35..35",2,14,2024
"A35..35",1,15,2024
"A35..35",1,16,2024
"A35..35",NA,17,2024
"A35..35",1,18,2024
"A35..35",NA,19,2024
"A35..35",1,20,2024
"A35..35",NA,21,2024
"A35..35",1,22,2024
"A35..35",NA,23,2024
"A35..35",NA,24,2024
"A35..35",1,25,2024
"A35..35",NA,26,2024
"A35..35",NA,27,2024
"A35..35",NA,28,2024
"A35..35",NA,29,2024
"A35..35",NA,30,2024
"A35..35",NA,31,2024
"A35..35",NA,32,2024
"A35..35",1,33,2024
"A35..35",NA,34,2024
"A35..35",NA,35,2024
"A35..35",1,36,2024
"A35..35",NA,37,2024
"A35..35",NA,38,2024
"A35..35",NA,39,2024
"A35..35",1,40,2024
"A35..35",NA,41,2024
"A35..35",NA,42,2024
"A35..35",1,43,2024
"A35..35",NA,44,2024
"A35..35",1,45,2024
"A35..35",2,46,2024
"A35..35",NA,47,2024
"A35..35",1,48,2024
"A35..35",3,49,2024
"A35..35",5,50,2024
"A35..35",7,51,2024
"A35..35",1,52,2024
"A36..36",8,1,2024
"A36..36",23,2,2024
"A36..36",7,3,2024
"A36..36",17,4,2024
"A36..36",12,5,2024
"A36..36",15,6,2024
"A36..36",15,7,2024
"A36..36",10,8,2024
"A36..36",9,9,2024
"A36..36",11,10,2024
"A36..36",4,11,2024
"A36..36",7,12,2024
"A36..36",3,13,2024
"A36..36",1,14,2024
"A36..36",4,15,2024
"A36..36",2,16,2024
"A36..36",1,17,2024
"A36..36",NA,18,2024
"A36..36",2,19,2024
"A36..36",NA,20,2024
"A36..36",NA,21,2024
"A36..36",NA,22,2024
"A36..36",NA,23,2024
"A36..36",NA,24,2024
"A36..36",2,25,2024
"A36..36",NA,26,2024
"A36..36",NA,27,2024
"A36..36",NA,28,2024
"A36..36",2,29,2024
"A36..36",NA,30,2024
"A36..36",1,31,2024
"A36..36",1,32,2024
"A36..36",NA,33,2024
"A36..36",NA,34,2024
"A36..36",NA,35,2024
"A36..36",1,36,2024
"A36..36",NA,37,2024
"A36..36",NA,38,2024
"A36..36",NA,39,2024
"A36..36",NA,40,2024
"A36..36",NA,41,2024
"A36..36",NA,42,2024
"A36..36",NA,43,2024
"A36..36",NA,44,2024
"A36..36",NA,45,2024
"A36..36",NA,46,2024
"A36..36",1,47,2024
"A36..36",NA,48,2024
"A36..36",5,49,2024
"A36..36",2,50,2024
"A36..36",4,51,2024
"A36..36",3,52,2024
"A37..37",6,1,2024
"A37..37",8,2,2024
"A37..37",16,3,2024
"A37..37",14,4,2024
"A37..37",13,5,2024
"A37..37",16,6,2024
"A37..37",13,7,2024
"A37..37",5,8,2024
"A37..37",9,9,2024
"A37..37",6,10,2024
"A37..37",6,11,2024
"A37..37",5,12,2024
"A37..37",3,13,2024
"A37..37",1,14,2024
"A37..37",2,15,2024
"A37..37",3,16,2024
"A37..37",1,17,2024
"A37..37",1,18,2024
"A37..37",NA,19,2024
"A37..37",1,20,2024
"A37..37",NA,21,2024
"A37..37",NA,22,2024
"A37..37",NA,23,2024
"A37..37",NA,24,2024
"A37..37",NA,25,2024
"A37..37",1,26,2024
"A37..37",NA,27,2024
"A37..37",NA,28,2024
"A37..37",NA,29,2024
"A37..37",NA,30,2024
"A37..37",NA,31,2024
"A37..37",1,32,2024
"A37..37",1,33,2024
"A37..37",1,34,2024
"A37..37",NA,35,2024
"A37..37",NA,36,2024
"A37..37",1,37,2024
"A37..37",NA,38,2024
"A37..37",2,39,2024
"A37..37",1,40,2024
"A37..37",NA,41,2024
"A37..37",NA,42,2024
"A37..37",1,43,2024
"A37..37",NA,44,2024
"A37..37",NA,45,2024
"A37..37",NA,46,2024
"A37..37",1,47,2024
"A37..37",1,48,2024
"A37..37",2,49,2024
"A37..37",1,50,2024
"A37..37",2,51,2024
"A37..37",1,52,2024
"A38..38",9,1,2024
"A38..38",9,2,2024
"A38..38",6,3,2024
"A38..38",8,4,2024
"A38..38",10,5,2024
"A38..38",11,6,2024
"A38..38",14,7,2024
"A38..38",12,8,2024
"A38..38",10,9,2024
"A38..38",5,10,2024
"A38..38",2,11,2024
"A38..38",8,12,2024
"A38..38",4,13,2024
"A38..38",NA,14,2024
"A38..38",1,15,2024
"A38..38",NA,16,2024
"A38..38",3,17,2024
"A38..38",2,18,2024
"A38..38",NA,19,2024
"A38..38",NA,20,2024
"A38..38",NA,21,2024
"A38..38",3,22,2024
"A38..38",1,23,2024
"A38..38",NA,24,2024
"A38..38",NA,25,2024
"A38..38",NA,26,2024
"A38..38",2,27,2024
"A38..38",NA,28,2024
"A38..38",NA,29,2024
"A38..38",NA,30,2024
"A38..38",NA,31,2024
"A38..38",1,32,2024
"A38..38",NA,33,2024
"A38..38",3,34,2024
"A38..38",NA,35,2024
"A38..38",NA,36,2024
"A38..38",NA,37,2024
"A38..38",NA,38,2024
"A38..38",NA,39,2024
"A38..38",NA,40,2024
"A38..38",NA,41,2024
"A38..38",NA,42,2024
"A38..38",2,43,2024
"A38..38",NA,44,2024
"A38..38",NA,45,2024
"A38..38",NA,46,2024
"A38..38",1,47,2024
"A38..38",2,48,2024
"A38..38",2,49,2024
"A38..38",NA,50,2024
"A38..38",3,51,2024
"A38..38",1,52,2024
"A39..39",14,1,2024
"A39..39",16,2,2024
"A39..39",7,3,2024
"A39..39",16,4,2024
"A39..39",10,5,2024
"A39..39",13,6,2024
"A39..39",18,7,2024
"A39..39",8,8,2024
"A39..39",9,9,2024
"A39..39",9,10,2024
"A39..39",3,11,2024
"A39..39",4,12,2024
"A39..39",4,13,2024
"A39..39",1,14,2024
"A39..39",1,15,2024
"A39..39",1,16,2024
"A39..39",2,17,2024
"A39..39",NA,18,2024
"A39..39",NA,19,2024
"A39..39",NA,20,2024
"A39..39",NA,21,2024
"A39..39",NA,22,2024
"A39..39",NA,23,2024
"A39..39",1,24,2024
"A39..39",NA,25,2024
"A39..39",NA,26,2024
"A39..39",NA,27,2024
"A39..39",NA,28,2024
"A39..39",1,29,2024
"A39..39",NA,30,2024
"A39..39",NA,31,2024
"A39..39",NA,32,2024
"A39..39",NA,33,2024
"A39..39",NA,34,2024
"A39..39",1,35,2024
"A39..39",NA,36,2024
"A39..39",NA,37,2024
"A39..39",NA,38,2024
"A39..39",NA,39,2024
"A39..39",NA,40,2024
"A39..39",NA,41,2024
"A39..39",NA,42,2024
"A39..39",NA,43,2024
"A39..39",1,44,2024
"A39..39",NA,45,2024
"A39..39",1,46,2024
"A39..39",1,47,2024
"A39..39",2,48,2024
"A39..39",3,49,2024
"A39..39",2,50,2024
"A39..39",4,51,2024
"A39..39",1,52,2024
"A40..40",14,1,2024
"A40..40",14,2,2024
"A40..40",6,3,2024
"A40..40",12,4,2024
"A40..40",17,5,2024
"A40..40",17,6,2024
"A40..40",15,7,2024
"A40..40",8,8,2024
"A40..40",7,9,2024
"A40..40",7,10,2024
"A40..40",7,11,2024
"A40..40",6,12,2024
"A40..40",3,13,2024
"A40..40",2,14,2024
"A40..40",2,15,2024
"A40..40",1,16,2024
"A40..40",NA,17,2024
"A40..40",NA,18,2024
"A40..40",NA,19,2024
"A40..40",NA,20,2024
"A40..40",NA,21,2024
"A40..40",NA,22,2024
"A40..40",NA,23,2024
"A40..40",NA,24,2024
"A40..40",NA,25,2024
"A40..40",2,26,2024
"A40..40",NA,27,2024
"A40..40",NA,28,2024
"A40..40",NA,29,2024
"A40..40",NA,30,2024
"A40..40",NA,31,2024
"A40..40",NA,32,2024
"A40..40",NA,33,2024
"A40..40",NA,34,2024
"A40..40",NA,35,2024
"A40..40",NA,36,2024
"A40..40",NA,37,2024
"A40..40",NA,38,2024
"A40..40",1,39,2024
"A40..40",NA,40,2024
"A40..40",NA,41,2024
"A40..40",1,42,2024
"A40..40",NA,43,2024
"A40..40",NA,44,2024
"A40..40",NA,45,2024
"A40..40",1,46,2024
"A40..40",NA,47,2024
"A40..40",NA,48,2024
"A40..40",1,49,2024
"A40..40",1,50,2024
"A40..40",5,51,2024
"A40..40",3,52,2024
"A41..41",9,1,2024
"A41..41",3,2,2024
"A41..41",6,3,2024
"A41..41",11,4,2024
"A41..41",9,5,2024
"A41..41",9,6,2024
"A41..41",4,7,2024
"A41..41",13,8,2024
"A41..41",6,9,2024
"A41..41",4,10,2024
"A41..41",5,11,2024
"A41..41",5,12,2024
"A41..41",4,13,2024
"A41..41",4,14,2024
"A41..41",2,15,2024
"A41..41",NA,16,2024
"A41..41",1,17,2024
"A41..41",1,18,2024
"A41..41",1,19,2024
"A41..41",1,20,2024
"A41..41",NA,21,2024
"A41..41",NA,22,2024
"A41..41",NA,23,2024
"A41..41",1,24,2024
"A41..41",NA,25,2024
"A41..41",NA,26,2024
"A41..41",2,27,2024
"A41..41",NA,28,2024
"A41..41",NA,29,2024
"A41..41",NA,30,2024
"A41..41",NA,31,2024
"A41..41",NA,32,2024
"A41..41",NA,33,2024
"A41..41",2,34,2024
"A41..41",NA,35,2024
"A41..41",NA,36,2024
"A41..41",NA,37,2024
"A41..41",NA,38,2024
"A41..41",NA,39,2024
"A41..41",1,40,2024
"A41..41",1,41,2024
"A41..41",1,42,2024
"A41..41",NA,43,2024
"A41..41",NA,44,2024
"A41..41",NA,45,2024
"A41..41",1,46,2024
"A41..41",2,47,2024
"A41..41",3,48,2024
"A41..41",2,49,2024
"A41..41",4,50,2024
"A41..41",3,51,2024
"A41..41",2,52,2024
"A42..42",16,1,2024
"A42..42",10,2,2024
"A42..42",8,3,2024
"A42..42",8,4,2024
"A42..42",11,5,2024
"A42..42",8,6,2024
"A42..42",6,7,2024
"A42..42",14,8,2024
"A42..42",5,9,2024
"A42..42",7,10,2024
"A42..42",5,11,2024
"A42..42",3,12,2024
"A42..42",3,13,2024
"A42..42",4,14,2024
"A42..42",3,15,2024
"A42..42",3,16,2024
"A42..42",NA,17,2024
"A42..42",1,18,2024
"A42..42",1,19,2024
"A42..42",NA,20,2024
"A42..42",NA,21,2024
"A42..42",1,22,2024
"A42..42",NA,23,2024
"A42..42",NA,24,2024
"A42..42",1,25,2024
"A42..42",NA,26,2024
"A42..42",NA,27,2024
"A42..42",NA,28,2024
"A42..42",NA,29,2024
"A42..42",NA,30,2024
"A42..42",NA,31,2024
"A42..42",NA,32,2024
"A42..42",NA,33,2024
"A42..42",1,34,2024
"A42..42",NA,35,2024
"A42..42",NA,36,2024
"A42..42",NA,37,2024
"A42..42",NA,38,2024
"A42..42",1,39,2024
"A42..42",NA,40,2024
"A42..42",NA,41,2024
"A42..42",NA,42,2024
"A42..42",NA,43,2024
"A42..42",NA,44,2024
"A42..42",NA,45,2024
"A42..42",2,46,2024
"A42..42",NA,47,2024
"A42..42",NA,48,2024
"A42..42",3,49,2024
"A42..42",5,50,2024
"A42..42",2,51,2024
"A42..42",NA,52,2024
"A43..43",7,1,2024
"A43..43",10,2,2024
"A43..43",10,3,2024
"A43..43",8,4,2024
"A43..43",18,5,2024
"A43..43",13,6,2024
"A43..43",9,7,2024
"A43..43",10,8,2024
"A43..43",7,9,2024
"A43..43",7,10,2024
"A43..43",9,11,2024
"A43..43",5,12,2024
"A43..43",4,13,2024
"A43..43",3,14,2024
"A43..43",NA,15,2024
"A43..43",2,16,2024
"A43..43",1,17,2024
"A43..43",NA,18,2024
"A43..43",1,19,2024
"A43..43",NA,20,2024
"A43..43",NA,21,2024
"A43..43",NA,22,2024
"A43..43",NA,23,2024
"A43..43",NA,24,2024
"A43..43",NA,25,2024
"A43..43",NA,26,2024
"A43..43",1,27,2024
"A43..43",1,28,2024
"A43..43",NA,29,2024
"A43..43",NA,30,2024
"A43..43",1,31,2024
"A43..43",NA,32,2024
"A43..43",NA,33,2024
"A43..43",NA,34,2024
"A43..43",NA,35,2024
"A43..43",NA,36,2024
"A43..43",1,37,2024
"A43..43",NA,38,2024
"A43..43",NA,39,2024
"A43..43",NA,40,2024
"A43..43",NA,41,2024
"A43..43",NA,42,2024
"A43..43",1,43,2024
"A43..43",1,44,2024
"A43..43",NA,45,2024
"A43..43",1,46,2024
"A43..43",3,47,2024
"A43..43",1,48,2024
"A43..43",2,49,2024
"A43..43",3,50,2024
"A43..43",5,51,2024
"A43..43",NA,52,2024
"A44..44",3,1,2024
"A44..44",6,2,2024
"A44..44",9,3,2024
"A44..44",11,4,2024
"A44..44",9,5,2024
"A44..44",9,6,2024
"A44..44",10,7,2024
"A44..44",6,8,2024
"A44..44",2,9,2024
"A44..44",5,10,2024
"A44..44",5,11,2024
"A44..44",3,12,2024
"A44..44",5,13,2024
"A44..44",3,14,2024
"A44..44",1,15,2024
"A44..44",3,16,2024
"A44..44",NA,17,2024
"A44..44",2,18,2024
"A44..44",1,19,2024
"A44..44",2,20,2024
"A44..44",NA,21,2024
"A44..44",1,22,2024
"A44..44",2,23,2024
"A44..44",1,24,2024
"A44..44",NA,25,2024
"A44..44",NA,26,2024
"A44..44",1,27,2024
"A44..44",1,28,2024
"A44..44",NA,29,2024
"A44..44",NA,30,2024
"A44..44",NA,31,2024
"A44..44",NA,32,2024
"A44..44",NA,33,2024
"A44..44",NA,34,2024
"A44..44",NA,35,2024
"A44..44",NA,36,2024
"A44..44",NA,37,2024
"A44..44",2,38,2024
"A44..44",1,39,2024
"A44..44",1,40,2024
"A44..44",NA,41,2024
"A44..44",1,42,2024
"A44..44",NA,43,2024
"A44..44",1,44,2024
"A44..44",1,45,2024
"A44..44",NA,46,2024
"A44..44",1,47,2024
"A44..44",1,48,2024
"A44..44",1,49,2024
"A44..44",NA,50,2024
"A44..44",4,51,2024
"A44..44",1,52,2024
"A45..45",7,1,2024
"A45..45",5,2,2024
"A45..45",8,3,2024
"A45..45",8,4,2024
"A45..45",15,5,2024
"A45..45",12,6,2024
"A45..45",9,7,2024
"A45..45",12,8,2024
"A45..45",10,9,2024
"A45..45",7,10,2024
"A45..45",4,11,2024
"A45..45",6,12,2024
"A45..45",NA,13,2024
"A45..45",2,14,2024
"A45..45",NA,15,2024
"A45..45",2,16,2024
"A45..45",1,17,2024
"A45..45",1,18,2024
"A45..45",NA,19,2024
"A45..45",NA,20,2024
"A45..45",1,21,2024
"A45..45",NA,22,2024
"A45..45",NA,23,2024
"A45..45",NA,24,2024
"A45..45",NA,25,2024
"A45..45",NA,26,2024
"A45..45",NA,27,2024
"A45..45",1,28,2024
"A45..45",NA,29,2024
"A45..45",NA,30,2024
"A45..45",NA,31,2024
"A45..45",NA,32,2024
"A45..45",2,33,2024
"A45..45",NA,34,2024
"A45..45",NA,35,2024
"A45..45",NA,36,2024
"A45..45",NA,37,2024
"A45..45",NA,38,2024
"A45..45",NA,39,2024
"A45..45",NA,40,2024
"A45..45",NA,41,2024
"A45..45",NA,42,2024
"A45..45",NA,43,2024
"A45..45",NA,44,2024
"A45..45",NA,45,2024
"A45..45",NA,46,2024
"A45..45",1,47,2024
"A45..45",NA,48,2024
"A45..45",NA,49,2024
"A45..45",1,50,2024
"A45..45",1,51,2024
"A45..45",1,52,2024
"A46..46",6,1,2024
"A46..46",6,2,2024
"A46..46",5,3,2024
"A46..46",13,4,2024
"A46..46",13,5,2024
"A46..46",13,6,2024
"A46..46",16,7,2024
"A46..46",8,8,2024
"A46..46",8,9,2024
"A46..46",6,10,2024
"A46..46",4,11,2024
"A46..46",4,12,2024
"A46..46",NA,13,2024
"A46..46",4,14,2024
"A46..46",2,15,2024
"A46..46",NA,16,2024
"A46..46",3,17,2024
"A46..46",1,18,2024
"A46..46",NA,19,2024
"A46..46",1,20,2024
"A46..46",2,21,2024
"A46..46",NA,22,2024
"A46..46",NA,23,2024
"A46..46",NA,24,2024
"A46..46",NA,25,2024
"A46..46",1,26,2024
"A46..46",NA,27,2024
"A46..46",NA,28,2024
"A46..46",NA,29,2024
"A46..46",NA,30,2024
"A46..46",NA,31,2024
"A46..46",1,32,2024
"A46..46",2,33,2024
"A46..46",NA,34,2024
"A46..46",NA,35,2024
"A46..46",NA,36,2024
"A46..46",NA,37,2024
"A46..46",NA,38,2024
"A46..46",NA,39,2024
"A46..46",NA,40,2024
"A46..46",NA,41,2024
"A46..46",NA,42,2024
"A46..46",1,43,2024
"A46..46",NA,44,2024
"A46..46",1,45,2024
"A46..46",1,46,2024
"A46..46",1,47,2024
"A46..46",1,48,2024
"A46..46",4,49,2024
"A46..46",1,50,2024
"A46..46",4,51,2024
"A46..46",NA,52,2024
"A47..47",5,1,2024
"A47..47",8,2,2024
"A47..47",9,3,2024
"A47..47",10,4,2024
"A47..47",10,5,2024
"A47..47",16,6,2024
"A47..47",7,7,2024
"A47..47",8,8,2024
"A47..47",5,9,2024
"A47..47",4,10,2024
"A47..47",6,11,2024
"A47..47",1,12,2024
"A47..47",NA,13,2024
"A47..47",3,14,2024
"A47..47",NA,15,2024
"A47..47",1,16,2024
"A47..47",1,17,2024
"A47..47",1,18,2024
"A47..47",NA,19,2024
"A47..47",NA,20,2024
"A47..47",NA,21,2024
"A47..47",NA,22,2024
"A47..47",NA,23,2024
"A47..47",NA,24,2024
"A47..47",NA,25,2024
"A47..47",NA,26,2024
"A47..47",NA,27,2024
"A47..47",NA,28,2024
"A47..47",1,29,2024
"A47..47",NA,30,2024
"A47..47",NA,31,2024
"A47..47",NA,32,2024
"A47..47",NA,33,2024
"A47..47",2,34,2024
"A47..47",NA,35,2024
"A47..47",NA,36,2024
"A47..47",NA,37,2024
"A47..47",NA,38,2024
"A47..47",NA,39,2024
"A47..47",NA,40,2024
"A47..47",1,41,2024
"A47..47",NA,42,2024
"A47..47",1,43,2024
"A47..47",NA,44,2024
"A47..47",NA,45,2024
"A47..47",1,46,2024
"A47..47",NA,47,2024
"A47..47",NA,48,2024
"A47..47",NA,49,2024
"A47..47",NA,50,2024
"A47..47",4,51,2024
"A47..47",1,52,2024
"A48..48",11,1,2024
"A48..48",9,2,2024
"A48..48",7,3,2024
"A48..48",8,4,2024
"A48..48",7,5,2024
"A48..48",8,6,2024
"A48..48",6,7,2024
"A48..48",14,8,2024
"A48..48",6,9,2024
"A48..48",12,10,2024
"A48..48",5,11,2024
"A48..48",1,12,2024
"A48..48",1,13,2024
"A48..48",1,14,2024
"A48..48",5,15,2024
"A48..48",1,16,2024
"A48..48",NA,17,2024
"A48..48",NA,18,2024
"A48..48",1,19,2024
"A48..48",NA,20,2024
"A48..48",NA,21,2024
"A48..48",NA,22,2024
"A48..48",1,23,2024
"A48..48",NA,24,2024
"A48..48",1,25,2024
"A48..48",1,26,2024
"A48..48",NA,27,2024
"A48..48",NA,28,2024
"A48..48",NA,29,2024
"A48..48",NA,30,2024
"A48..48",NA,31,2024
"A48..48",NA,32,2024
"A48..48",1,33,2024
"A48..48",NA,34,2024
"A48..48",1,35,2024
"A48..48",NA,36,2024
"A48..48",NA,37,2024
"A48..48",NA,38,2024
"A48..48",1,39,2024
"A48..48",NA,40,2024
"A48..48",NA,41,2024
"A48..48",1,42,2024
"A48..48",NA,43,2024
"A48..48",2,44,2024
"A48..48",NA,45,2024
"A48..48",NA,46,2024
"A48..48",NA,47,2024
"A48..48",NA,48,2024
"A48..48",2,49,2024
"A48..48",4,50,2024
"A48..48",4,51,2024
"A48..48",2,52,2024
"A49..49",10,1,2024
"A49..49",6,2,2024
"A49..49",7,3,2024
"A49..49",8,4,2024
"A49..49",9,5,2024
"A49..49",10,6,2024
"A49..49",8,7,2024
"A49..49",8,8,2024
"A49..49",3,9,2024
"A49..49",7,10,2024
"A49..49",6,11,2024
"A49..49",5,12,2024
"A49..49",2,13,2024
"A49..49",4,14,2024
"A49..49",2,15,2024
"A49..49",2,16,2024
"A49..49",1,17,2024
"A49..49",NA,18,2024
"A49..49",1,19,2024
"A49..49",NA,20,2024
"A49..49",NA,21,2024
"A49..49",NA,22,2024
"A49..49",1,23,2024
"A49..49",NA,24,2024
"A49..49",NA,25,2024
"A49..49",NA,26,2024
"A49..49",2,27,2024
"A49..49",NA,28,2024
"A49..49",NA,29,2024
"A49..49",NA,30,2024
"A49..49",NA,31,2024
"A49..49",NA,32,2024
"A49..49",NA,33,2024
"A49..49",NA,34,2024
"A49..49",NA,35,2024
"A49..49",NA,36,2024
"A49..49",NA,37,2024
"A49..49",NA,38,2024
"A49..49",NA,39,2024
"A49..49",NA,40,2024
"A49..49",NA,41,2024
"A49..49",NA,42,2024
"A49..49",1,43,2024
"A49..49",NA,44,2024
"A49..49",NA,45,2024
"A49..49",2,46,2024
"A49..49",NA,47,2024
"A49..49",1,48,2024
"A49..49",NA,49,2024
"A49..49",1,50,2024
"A49..49",1,51,2024
"A49..49",NA,52,2024
"A50..50",10,1,2024
"A50..50",14,2,2024
"A50..50",10,3,2024
"A50..50",10,4,2024
"A50..50",21,5,2024
"A50..50",10,6,2024
"A50..50",7,7,2024
"A50..50",6,8,2024
"A50..50",6,9,2024
"A50..50",8,10,2024
"A50..50",3,11,2024
"A50..50",2,12,2024
"A50..50",2,13,2024
"A50..50",2,14,2024
"A50..50",4,15,2024
"A50..50",NA,16,2024
"A50..50",NA,17,2024
"A50..50",1,18,2024
"A50..50",NA,19,2024
"A50..50",NA,20,2024
"A50..50",NA,21,2024
"A50..50",1,22,2024
"A50..50",1,23,2024
"A50..50",NA,24,2024
"A50..50",NA,25,2024
"A50..50",NA,26,2024
"A50..50",NA,27,2024
"A50..50",NA,28,2024
"A50..50",NA,29,2024
"A50..50",NA,30,2024
"A50..50",NA,31,2024
"A50..50",NA,32,2024
"A50..50",NA,33,2024
"A50..50",NA,34,2024
"A50..50",1,35,2024
"A50..50",NA,36,2024
"A50..50",NA,37,2024
"A50..50",NA,38,2024
"A50..50",1,39,2024
"A50..50",NA,40,2024
"A50..50",NA,41,2024
"A50..50",1,42,2024
"A50..50",NA,43,2024
"A50..50",2,44,2024
"A50..50",2,45,2024
"A50..50",2,46,2024
"A50..50",2,47,2024
"A50..50",1,48,2024
"A50..50",1,49,2024
"A50..50",1,50,2024
"A50..50",4,51,2024
"A50..50",3,52,2024
"A51..51",3,1,2024
"A51..51",19,2,2024
"A51..51",5,3,2024
"A51..51",5,4,2024
"A51..51",12,5,2024
"A51..51",18,6,2024
"A51..51",9,7,2024
"A51..51",16,8,2024
"A51..51",11,9,2024
"A51..51",5,10,2024
"A51..51",4,11,2024
"A51..51",6,12,2024
"A51..51",4,13,2024
"A51..51",2,14,2024
"A51..51",4,15,2024
"A51..51",1,16,2024
"A51..51",1,17,2024
"A51..51",NA,18,2024
"A51..51",NA,19,2024
"A51..51",2,20,2024
"A51..51",NA,21,2024
"A51..51",NA,22,2024
"A51..51",NA,23,2024
"A51..51",NA,24,2024
"A51..51",NA,25,2024
"A51..51",NA,26,2024
"A51..51",NA,27,2024
"A51..51",NA,28,2024
"A51..51",NA,29,2024
"A51..51",NA,30,2024
"A51..51",NA,31,2024
"A51..51",NA,32,2024
"A51..51",NA,33,2024
"A51..51",1,34,2024
"A51..51",NA,35,2024
"A51..51",NA,36,2024
"A51..51",1,37,2024
"A51..51",NA,38,2024
"A51..51",NA,39,2024
"A51..51",1,40,2024
"A51..51",NA,41,2024
"A51..51",1,42,2024
"A51..51",1,43,2024
"A51..51",NA,44,2024
"A51..51",NA,45,2024
"A51..51",NA,46,2024
"A51..51",1,47,2024
"A51..51",1,48,2024
"A51..51",NA,49,2024
"A51..51",2,50,2024
"A51..51",1,51,2024
"A51..51",1,52,2024
"A52..52",9,1,2024
"A52..52",14,2,2024
"A52..52",7,3,2024
"A52..52",12,4,2024
"A52..52",16,5,2024
"A52..52",13,6,2024
"A52..52",13,7,2024
"A52..52",22,8,2024
"A52..52",8,9,2024
"A52..52",9,10,2024
"A52..52",8,11,2024
"A52..52",5,12,2024
"A52..52",1,13,2024
"A52..52",NA,14,2024
"A52..52",NA,15,2024
"A52..52",2,16,2024
"A52..52",4,17,2024
"A52..52",NA,18,2024
"A52..52",1,19,2024
"A52..52",1,20,2024
"A52..52",1,21,2024
"A52..52",NA,22,2024
"A52..52",NA,23,2024
"A52..52",1,24,2024
"A52..52",NA,25,2024
"A52..52",NA,26,2024
"A52..52",NA,27,2024
"A52..52",NA,28,2024
"A52..52",NA,29,2024
"A52..52",NA,30,2024
"A52..52",NA,31,2024
"A52..52",NA,32,2024
"A52..52",1,33,2024
"A52..52",NA,34,2024
"A52..52",1,35,2024
"A52..52",NA,36,2024
"A52..52",1,37,2024
"A52..52",NA,38,2024
"A52..52",NA,39,2024
"A52..52",NA,40,2024
"A52..52",NA,41,2024
"A52..52",NA,42,2024
"A52..52",NA,43,2024
"A52..52",NA,44,2024
"A52..52",NA,45,2024
"A52..52",NA,46,2024
"A52..52",1,47,2024
"A52..52",1,48,2024
"A52..52",NA,49,2024
"A52..52",NA,50,2024
"A52..52",2,51,2024
"A52..52",3,52,2024
"A53..53",9,1,2024
"A53..53",11,2,2024
"A53..53",13,3,2024
"A53..53",14,4,2024
"A53..53",16,5,2024
"A53..53",16,6,2024
"A53..53",6,7,2024
"A53..53",11,8,2024
"A53..53",9,9,2024
"A53..53",8,10,2024
"A53..53",6,11,2024
"A53..53",5,12,2024
"A53..53",4,13,2024
"A53..53",3,14,2024
"A53..53",2,15,2024
"A53..53",2,16,2024
"A53..53",4,17,2024
"A53..53",1,18,2024
"A53..53",NA,19,2024
"A53..53",NA,20,2024
"A53..53",NA,21,2024
"A53..53",NA,22,2024
"A53..53",NA,23,2024
"A53..53",1,24,2024
"A53..53",NA,25,2024
"A53..53",NA,26,2024
"A53..53",NA,27,2024
"A53..53",NA,28,2024
"A53..53",NA,29,2024
"A53..53",1,30,2024
"A53..53",NA,31,2024
"A53..53",NA,32,2024
"A53..53",NA,33,2024
"A53..53",2,34,2024
"A53..53",1,35,2024
"A53..53",NA,36,2024
"A53..53",NA,37,2024
"A53..53",NA,38,2024
"A53..53",1,39,2024
"A53..53",NA,40,2024
"A53..53",NA,41,2024
"A53..53",NA,42,2024
"A53..53",1,43,2024
"A53..53",1,44,2024
"A53..53",2,45,2024
"A53..53",1,46,2024
"A53..53",NA,47,2024
"A53..53",2,48,2024
"A53..53",2,49,2024
"A53..53",3,50,2024
"A53..53",3,51,2024
"A53..53",2,52,2024
"A54..54",11,1,2024
"A54..54",15,2,2024
"A54..54",13,3,2024
"A54..54",17,4,2024
"A54..54",10,5,2024
"A54..54",15,6,2024
"A54..54",16,7,2024
"A54..54",19,8,2024
"A54..54",14,9,2024
"A54..54",8,10,2024
"A54..54",16,11,2024
"A54..54",4,12,2024
"A54..54",1,13,2024
"A54..54",2,14,2024
"A54..54",1,15,2024
"A54..54",2,16,2024
"A54..54",3,17,2024
"A54..54",2,18,2024
"A54..54",NA,19,2024
"A54..54",2,20,2024
"A54..54",NA,21,2024
"A54..54",1,22,2024
"A54..54",NA,23,2024
"A54..54",NA,24,2024
"A54..54",NA,25,2024
"A54..54",NA,26,2024
"A54..54",NA,27,2024
"A54..54",NA,28,2024
"A54..54",NA,29,2024
"A54..54",NA,30,2024
"A54..54",NA,31,2024
"A54..54",NA,32,2024
"A54..54",NA,33,2024
"A54..54",NA,34,2024
"A54..54",NA,35,2024
"A54..54",1,36,2024
"A54..54",2,37,2024
"A54..54",NA,38,2024
"A54..54",1,39,2024
"A54..54",NA,40,2024
"A54..54",NA,41,2024
"A54..54",1,42,2024
"A54..54",NA,43,2024
"A54..54",NA,44,2024
"A54..54",NA,45,2024
"A54..54",3,46,2024
"A54..54",1,47,2024
"A54..54",4,48,2024
"A54..54",3,49,2024
"A54..54",1,50,2024
"A54..54",5,51,2024
"A54..54",NA,52,2024
"A55..55",12,1,2024
"A55..55",10,2,2024
"A55..55",14,3,2024
"A55..55",12,4,2024
"A55..55",17,5,2024
"A55..55",14,6,2024
"A55..55",18,7,2024
"A55..55",14,8,2024
"A55..55",12,9,2024
"A55..55",9,10,2024
"A55..55",9,11,2024
"A55..55",6,12,2024
"A55..55",3,13,2024
"A55..55",1,14,2024
"A55..55",2,15,2024
"A55..55",2,16,2024
"A55..55",1,17,2024
"A55..55",3,18,2024
"A55..55",1,19,2024
"A55..55",NA,20,2024
"A55..55",1,21,2024
"A55..55",NA,22,2024
"A55..55",1,23,2024
"A55..55",1,24,2024
"A55..55",NA,25,2024
"A55..55",NA,26,2024
"A55..55",NA,27,2024
"A55..55",1,28,2024
"A55..55",NA,29,2024
"A55..55",NA,30,2024
"A55..55",1,31,2024
"A55..55",NA,32,2024
"A55..55",NA,33,2024
"A55..55",NA,34,2024
"A55..55",NA,35,2024
"A55..55",NA,36,2024
"A55..55",NA,37,2024
"A55..55",NA,38,2024
"A55..55",1,39,2024
"A55..55",NA,40,2024
"A55..55",NA,41,2024
"A55..55",NA,42,2024
"A55..55",NA,43,2024
"A55..55",2,44,2024
"A55..55",1,45,2024
"A55..55",1,46,2024
"A55..55",NA,47,2024
"A55..55",1,48,2024
"A55..55",2,49,2024
"A55..55",2,50,2024
"A55..55",2,51,2024
"A55..55",2,52,2024
"A56..56",8,1,2024
"A56..56",17,2,2024
"A56..56",6,3,2024
"A56..56",14,4,2024
"A56..56",13,5,2024
"A56..56",15,6,2024
"A56..56",12,7,2024
"A56..56",18,8,2024
"A56..56",8,9,2024
"A56..56",6,10,2024
"A56..56",10,11,2024
"A56..56",11,12,2024
"A56..56",4,13,2024
"A56..56",8,14,2024
"A56..56",5,15,2024
"A56..56",1,16,2024
"A56..56",2,17,2024
"A56..56",1,18,2024
"A56..56",NA,19,2024
"A56..56",NA,20,2024
"A56..56",NA,21,2024
"A56..56",1,22,2024
"A56..56",2,23,2024
"A56..56",NA,24,2024
"A56..56",NA,25,2024
"A56..56",NA,26,2024
"A56..56",2,27,2024
"A56..56",NA,28,2024
"A56..56",1,29,2024
"A56..56",NA,30,2024
"A56..56",NA,31,2024
"A56..56",NA,32,2024
"A56..56",NA,33,2024
"A56..56",NA,34,2024
"A56..56",1,35,2024
"A56..56",1,36,2024
"A56..56",NA,37,2024
"A56..56",1,38,2024
"A56..56",NA,39,2024
"A56..56",1,40,2024
"A56..56",NA,41,2024
"A56..56",NA,42,2024
"A56..56",1,43,2024
"A56..56",1,44,2024
"A56..56",NA,45,2024
"A56..56",NA,46,2024
"A56..56",2,47,2024
"A56..56",1,48,2024
"A56..56",3,49,2024
"A56..56",1,50,2024
"A56..56",5,51,2024
"A56..56",3,52,2024
"A57..57",16,1,2024
"A57..57",13,2,2024
"A57..57",21,3,2024
"A57..57",12,4,2024
"A57..57",18,5,2024
"A57..57",24,6,2024
"A57..57",17,7,2024
"A57..57",21,8,2024
"A57..57",19,9,2024
"A57..57",10,10,2024
"A57..57",12,11,2024
"A57..57",9,12,2024
"A57..57",2,13,2024
"A57..57",6,14,2024
"A57..57",2,15,2024
"A57..57",6,16,2024
"A57..57",NA,17,2024
"A57..57",3,18,2024
"A57..57",1,19,2024
"A57..57",NA,20,2024
"A57..57",NA,21,2024
"A57..57",NA,22,2024
"A57..57",2,23,2024
"A57..57",NA,24,2024
"A57..57",1,25,2024
"A57..57",NA,26,2024
"A57..57",NA,27,2024
"A57..57",NA,28,2024
"A57..57",2,29,2024
"A57..57",1,30,2024
"A57..57",2,31,2024
"A57..57",NA,32,2024
"A57..57",NA,33,2024
"A57..57",NA,34,2024
"A57..57",1,35,2024
"A57..57",NA,36,2024
"A57..57",1,37,2024
"A57..57",1,38,2024
"A57..57",NA,39,2024
"A57..57",NA,40,2024
"A57..57",1,41,2024
"A57..57",NA,42,2024
"A57..57",NA,43,2024
"A57..57",1,44,2024
"A57..57",NA,45,2024
"A57..57",4,46,2024
"A57..57",NA,47,2024
"A57..57",1,48,2024
"A57..57",1,49,2024
"A57..57",1,50,2024
"A57..57",4,51,2024
"A57..57",5,52,2024
"A58..58",17,1,2024
"A58..58",14,2,2024
"A58..58",17,3,2024
"A58..58",19,4,2024
"A58..58",26,5,2024
"A58..58",22,6,2024
"A58..58",15,7,2024
"A58..58",17,8,2024
"A58..58",16,9,2024
"A58..58",12,10,2024
"A58..58",17,11,2024
"A58..58",8,12,2024
"A58..58",6,13,2024
"A58..58",7,14,2024
"A58..58",2,15,2024
"A58..58",3,16,2024
"A58..58",3,17,2024
"A58..58",3,18,2024
"A58..58",1,19,2024
"A58..58",3,20,2024
"A58..58",NA,21,2024
"A58..58",NA,22,2024
"A58..58",1,23,2024
"A58..58",NA,24,2024
"A58..58",NA,25,2024
"A58..58",NA,26,2024
"A58..58",NA,27,2024
"A58..58",1,28,2024
"A58..58",NA,29,2024
"A58..58",NA,30,2024
"A58..58",NA,31,2024
"A58..58",NA,32,2024
"A58..58",NA,33,2024
"A58..58",NA,34,2024
"A58..58",NA,35,2024
"A58..58",1,36,2024
"A58..58",NA,37,2024
"A58..58",1,38,2024
"A58..58",NA,39,2024
"A58..58",NA,40,2024
"A58..58",NA,41,2024
"A58..58",1,42,2024
"A58..58",2,43,2024
"A58..58",1,44,2024
"A58..58",1,45,2024
"A58..58",NA,46,2024
"A58..58",1,47,2024
"A58..58",2,48,2024
"A58..58",1,49,2024
"A58..58",6,50,2024
"A58..58",8,51,2024
"A58..58",NA,52,2024
"A59..59",21,1,2024
"A59..59",26,2,2024
"A59..59",22,3,2024
"A59..59",26,4,2024
"A59..59",21,5,2024
"A59..59",27,6,2024
"A59..59",21,7,2024
"A59..59",19,8,2024
"A59..59",12,9,2024
"A59..59",18,10,2024
"A59..59",11,11,2024
"A59..59",14,12,2024
"A59..59",9,13,2024
"A59..59",6,14,2024
"A59..59",2,15,2024
"A59..59",4,16,2024
"A59..59",4,17,2024
"A59..59",1,18,2024
"A59..59",2,19,2024
"A59..59",3,20,2024
"A59..59",1,21,2024
"A59..59",1,22,2024
"A59..59",NA,23,2024
"A59..59",1,24,2024
"A59..59",2,25,2024
"A59..59",NA,26,2024
"A59..59",NA,27,2024
"A59..59",1,28,2024
"A59..59",1,29,2024
"A59..59",NA,30,2024
"A59..59",NA,31,2024
"A59..59",1,32,2024
"A59..59",NA,33,2024
"A59..59",1,34,2024
"A59..59",NA,35,2024
"A59..59",NA,36,2024
"A59..59",NA,37,2024
"A59..59",NA,38,2024
"A59..59",NA,39,2024
"A59..59",NA,40,2024
"A59..59",NA,41,2024
"A59..59",1,42,2024
"A59..59",2,43,2024
"A59..59",NA,44,2024
"A59..59",1,45,2024
"A59..59",1,46,2024
"A59..59",3,47,2024
"A59..59",3,48,2024
"A59..59",4,49,2024
"A59..59",3,50,2024
"A59..59",6,51,2024
"A59..59",2,52,2024
"A60..60",17,1,2024
"A60..60",23,2,2024
"A60..60",18,3,2024
"A60..60",32,4,2024
"A60..60",33,5,2024
"A60..60",28,6,2024
"A60..60",22,7,2024
"A60..60",11,8,2024
"A60..60",31,9,2024
"A60..60",16,10,2024
"A60..60",10,11,2024
"A60..60",7,12,2024
"A60..60",5,13,2024
"A60..60",5,14,2024
"A60..60",5,15,2024
"A60..60",1,16,2024
"A60..60",1,17,2024
"A60..60",2,18,2024
"A60..60",NA,19,2024
"A60..60",NA,20,2024
"A60..60",NA,21,2024
"A60..60",1,22,2024
"A60..60",2,23,2024
"A60..60",NA,24,2024
"A60..60",NA,25,2024
"A60..60",1,26,2024
"A60..60",2,27,2024
"A60..60",NA,28,2024
"A60..60",NA,29,2024
"A60..60",NA,30,2024
"A60..60",NA,31,2024
"A60..60",NA,32,2024
"A60..60",NA,33,2024
"A60..60",NA,34,2024
"A60..60",NA,35,2024
"A60..60",NA,36,2024
"A60..60",NA,37,2024
"A60..60",NA,38,2024
"A60..60",1,39,2024
"A60..60",1,40,2024
"A60..60",NA,41,2024
"A60..60",2,42,2024
"A60..60",NA,43,2024
"A60..60",NA,44,2024
"A60..60",NA,45,2024
"A60..60",1,46,2024
"A60..60",NA,47,2024
"A60..60",3,48,2024
"A60..60",2,49,2024
"A60..60",7,50,2024
"A60..60",3,51,2024
"A60..60",2,52,2024
"A61..61",25,1,2024
"A61..61",31,2,2024
"A61..61",16,3,2024
"A61..61",19,4,2024
"A61..61",22,5,2024
"A61..61",25,6,2024
"A61..61",26,7,2024
"A61..61",26,8,2024
"A61..61",15,9,2024
"A61..61",19,10,2024
"A61..61",14,11,2024
"A61..61",11,12,2024
"A61..61",6,13,2024
"A61..61",2,14,2024
"A61..61",2,15,2024
"A61..61",NA,16,2024
"A61..61",2,17,2024
"A61..61",2,18,2024
"A61..61",1,19,2024
"A61..61",1,20,2024
"A61..61",NA,21,2024
"A61..61",1,22,2024
"A61..61",2,23,2024
"A61..61",NA,24,2024
"A61..61",NA,25,2024
"A61..61",1,26,2024
"A61..61",NA,27,2024
"A61..61",NA,28,2024
"A61..61",NA,29,2024
"A61..61",NA,30,2024
"A61..61",NA,31,2024
"A61..61",NA,32,2024
"A61..61",NA,33,2024
"A61..61",NA,34,2024
"A61..61",1,35,2024
"A61..61",1,36,2024
"A61..61",NA,37,2024
"A61..61",NA,38,2024
"A61..61",1,39,2024
"A61..61",NA,40,2024
"A61..61",NA,41,2024
"A61..61",1,42,2024
"A61..61",1,43,2024
"A61..61",2,44,2024
"A61..61",1,45,2024
"A61..61",NA,46,2024
"A61..61",NA,47,2024
"A61..61",3,48,2024
"A61..61",2,49,2024
"A61..61",1,50,2024
"A61..61",3,51,2024
"A61..61",4,52,2024
"A62..62",14,1,2024
"A62..62",24,2,2024
"A62..62",19,3,2024
"A62..62",27,4,2024
"A62..62",30,5,2024
"A62..62",17,6,2024
"A62..62",42,7,2024
"A62..62",20,8,2024
"A62..62",18,9,2024
"A62..62",13,10,2024
"A62..62",10,11,2024
"A62..62",6,12,2024
"A62..62",6,13,2024
"A62..62",6,14,2024
"A62..62",5,15,2024
"A62..62",2,16,2024
"A62..62",3,17,2024
"A62..62",1,18,2024
"A62..62",2,19,2024
"A62..62",1,20,2024
"A62..62",NA,21,2024
"A62..62",2,22,2024
"A62..62",NA,23,2024
"A62..62",NA,24,2024
"A62..62",NA,25,2024
"A62..62",NA,26,2024
"A62..62",NA,27,2024
"A62..62",NA,28,2024
"A62..62",1,29,2024
"A62..62",NA,30,2024
"A62..62",NA,31,2024
"A62..62",NA,32,2024
"A62..62",1,33,2024
"A62..62",NA,34,2024
"A62..62",NA,35,2024
"A62..62",NA,36,2024
"A62..62",NA,37,2024
"A62..62",NA,38,2024
"A62..62",NA,39,2024
"A62..62",NA,40,2024
"A62..62",NA,41,2024
"A62..62",1,42,2024
"A62..62",1,43,2024
"A62..62",1,44,2024
"A62..62",NA,45,2024
"A62..62",NA,46,2024
"A62..62",1,47,2024
"A62..62",1,48,2024
"A62..62",1,49,2024
"A62..62",1,50,2024
"A62..62",5,51,2024
"A62..62",3,52,2024
"A63..63",14,1,2024
"A63..63",28,2,2024
"A63..63",15,3,2024
"A63..63",20,4,2024
"A63..63",25,5,2024
"A63..63",11,6,2024
"A63..63",21,7,2024
"A63..63",22,8,2024
"A63..63",21,9,2024
"A63..63",10,10,2024
"A63..63",13,11,2024
"A63..63",7,12,2024
"A63..63",7,13,2024
"A63..63",6,14,2024
"A63..63",8,15,2024
"A63..63",5,16,2024
"A63..63",NA,17,2024
"A63..63",2,18,2024
"A63..63",1,19,2024
"A63..63",2,20,2024
"A63..63",NA,21,2024
"A63..63",NA,22,2024
"A63..63",1,23,2024
"A63..63",1,24,2024
"A63..63",NA,25,2024
"A63..63",1,26,2024
"A63..63",NA,27,2024
"A63..63",NA,28,2024
"A63..63",NA,29,2024
"A63..63",1,30,2024
"A63..63",1,31,2024
"A63..63",1,32,2024
"A63..63",NA,33,2024
"A63..63",NA,34,2024
"A63..63",NA,35,2024
"A63..63",NA,36,2024
"A63..63",NA,37,2024
"A63..63",NA,38,2024
"A63..63",NA,39,2024
"A63..63",NA,40,2024
"A63..63",3,41,2024
"A63..63",NA,42,2024
"A63..63",NA,43,2024
"A63..63",1,44,2024
"A63..63",2,45,2024
"A63..63",1,46,2024
"A63..63",1,47,2024
"A63..63",3,48,2024
"A63..63",3,49,2024
"A63..63",6,50,2024
"A63..63",2,51,2024
"A63..63",7,52,2024
"A64..64",17,1,2024
"A64..64",20,2,2024
"A64..64",14,3,2024
"A64..64",18,4,2024
"A64..64",28,5,2024
"A64..64",25,6,2024
"A64..64",22,7,2024
"A64..64",18,8,2024
"A64..64",17,9,2024
"A64..64",15,10,2024
"A64..64",9,11,2024
"A64..64",9,12,2024
"A64..64",4,13,2024
"A64..64",3,14,2024
"A64..64",4,15,2024
"A64..64",4,16,2024
"A64..64",1,17,2024
"A64..64",1,18,2024
"A64..64",1,19,2024
"A64..64",1,20,2024
"A64..64",NA,21,2024
"A64..64",1,22,2024
"A64..64",1,23,2024
"A64..64",1,24,2024
"A64..64",NA,25,2024
"A64..64",NA,26,2024
"A64..64",NA,27,2024
"A64..64",2,28,2024
"A64..64",NA,29,2024
"A64..64",NA,30,2024
"A64..64",NA,31,2024
"A64..64",1,32,2024
"A64..64",NA,33,2024
"A64..64",NA,34,2024
"A64..64",NA,35,2024
"A64..64",NA,36,2024
"A64..64",NA,37,2024
"A64..64",NA,38,2024
"A64..64",NA,39,2024
"A64..64",NA,40,2024
"A64..64",NA,41,2024
"A64..64",1,42,2024
"A64..64",1,43,2024
"A64..64",NA,44,2024
"A64..64",NA,45,2024
"A64..64",NA,46,2024
"A64..64",1,47,2024
"A64..64",1,48,2024
"A64..64",2,49,2024
"A64..64",6,50,2024
"A64..64",3,51,2024
"A64..64",6,52,2024
"A65..65",12,1,2024
"A65..65",20,2,2024
"A65..65",10,3,2024
"A65..65",12,4,2024
"A65..65",21,5,2024
"A65..65",27,6,2024
"A65..65",22,7,2024
"A65..65",19,8,2024
"A65..65",14,9,2024
"A65..65",10,10,2024
"A65..65",10,11,2024
"A65..65",11,12,2024
"A65..65",9,13,2024
"A65..65",2,14,2024
"A65..65",3,15,2024
"A65..65",9,16,2024
"A65..65",2,17,2024
"A65..65",4,18,2024
"A65..65",NA,19,2024
"A65..65",1,20,2024
"A65..65",1,21,2024
"A65..65",NA,22,2024
"A65..65",NA,23,2024
"A65..65",1,24,2024
"A65..65",NA,25,2024
"A65..65",NA,26,2024
"A65..65",NA,27,2024
"A65..65",1,28,2024
"A65..65",NA,29,2024
"A65..65",NA,30,2024
"A65..65",NA,31,2024
"A65..65",NA,32,2024
"A65..65",NA,33,2024
"A65..65",NA,34,2024
"A65..65",NA,35,2024
"A65..65",1,36,2024
"A65..65",NA,37,2024
"A65..65",1,38,2024
"A65..65",1,39,2024
"A65..65",NA,40,2024
"A65..65",NA,41,2024
"A65..65",NA,42,2024
"A65..65",NA,43,2024
"A65..65",1,44,2024
"A65..65",NA,45,2024
"A65..65",NA,46,2024
"A65..65",NA,47,2024
"A65..65",2,48,2024
"A65..65",NA,49,2024
"A65..65",5,50,2024
"A65..65",1,51,2024
"A65..65",3,52,2024
"A66..66",15,1,2024
"A66..66",18,2,2024
"A66..66",21,3,2024
"A66..66",18,4,2024
"A66..66",11,5,2024
"A66..66",16,6,2024
"A66..66",20,7,2024
"A66..66",18,8,2024
"A66..66",14,9,2024
"A66..66",9,10,2024
"A66..66",10,11,2024
"A66..66",11,12,2024
"A66..66",10,13,2024
"A66..66",3,14,2024
"A66..66",2,15,2024
"A66..66",3,16,2024
"A66..66",4,17,2024
"A66..66",NA,18,2024
"A66..66",1,19,2024
"A66..66",3,20,2024
"A66..66",1,21,2024
"A66..66",NA,22,2024
"A66..66",1,23,2024
"A66..66",2,24,2024
"A66..66",1,25,2024
"A66..66",1,26,2024
"A66..66",NA,27,2024
"A66..66",1,28,2024
"A66..66",2,29,2024
"A66..66",NA,30,2024
"A66..66",NA,31,2024
"A66..66",NA,32,2024
"A66..66",NA,33,2024
"A66..66",NA,34,2024
"A66..66",NA,35,2024
"A66..66",NA,36,2024
"A66..66",NA,37,2024
"A66..66",1,38,2024
"A66..66",NA,39,2024
"A66..66",NA,40,2024
"A66..66",NA,41,2024
"A66..66",2,42,2024
"A66..66",NA,43,2024
"A66..66",NA,44,2024
"A66..66",1,45,2024
"A66..66",2,46,2024
"A66..66",2,47,2024
"A66..66",2,48,2024
"A66..66",1,49,2024
"A66..66",5,50,2024
"A66..66",4,51,2024
"A66..66",4,52,2024
"A67..67",13,1,2024
"A67..67",18,2,2024
"A67..67",14,3,2024
"A67..67",18,4,2024
"A67..67",20,5,2024
"A67..67",29,6,2024
"A67..67",21,7,2024
"A67..67",22,8,2024
"A67..67",16,9,2024
"A67..67",11,10,2024
"A67..67",15,11,2024
"A67..67",7,12,2024
"A67..67",6,13,2024
"A67..67",6,14,2024
"A67..67",3,15,2024
"A67..67",3,16,2024
"A67..67",NA,17,2024
"A67..67",1,18,2024
"A67..67",NA,19,2024
"A67..67",2,20,2024
"A67..67",NA,21,2024
"A67..67",1,22,2024
"A67..67",NA,23,2024
"A67..67",1,24,2024
"A67..67",NA,25,2024
"A67..67",NA,26,2024
"A67..67",1,27,2024
"A67..67",NA,28,2024
"A67..67",1,29,2024
"A67..67",NA,30,2024
"A67..67",1,31,2024
"A67..67",NA,32,2024
"A67..67",1,33,2024
"A67..67",NA,34,2024
"A67..67",NA,35,2024
"A67..67",1,36,2024
"A67..67",NA,37,2024
"A67..67",NA,38,2024
"A67..67",NA,39,2024
"A67..67",NA,40,2024
"A67..67",NA,41,2024
"A67..67",NA,42,2024
"A67..67",NA,43,2024
"A67..67",1,44,2024
"A67..67",2,45,2024
"A67..67",1,46,2024
"A67..67",NA,47,2024
"A67..67",1,48,2024
"A67..67",1,49,2024
"A67..67",1,50,2024
"A67..67",4,51,2024
"A67..67",4,52,2024
"A68..68",28,1,2024
"A68..68",22,2,2024
"A68..68",16,3,2024
"A68..68",14,4,2024
"A68..68",22,5,2024
"A68..68",27,6,2024
"A68..68",18,7,2024
"A68..68",17,8,2024
"A68..68",20,9,2024
"A68..68",12,10,2024
"A68..68",11,11,2024
"A68..68",13,12,2024
"A68..68",3,13,2024
"A68..68",6,14,2024
"A68..68",3,15,2024
"A68..68",3,16,2024
"A68..68",4,17,2024
"A68..68",2,18,2024
"A68..68",2,19,2024
"A68..68",NA,20,2024
"A68..68",2,21,2024
"A68..68",NA,22,2024
"A68..68",1,23,2024
"A68..68",1,24,2024
"A68..68",1,25,2024
"A68..68",1,26,2024
"A68..68",1,27,2024
"A68..68",NA,28,2024
"A68..68",NA,29,2024
"A68..68",2,30,2024
"A68..68",NA,31,2024
"A68..68",NA,32,2024
"A68..68",NA,33,2024
"A68..68",NA,34,2024
"A68..68",NA,35,2024
"A68..68",NA,36,2024
"A68..68",NA,37,2024
"A68..68",NA,38,2024
"A68..68",NA,39,2024
"A68..68",NA,40,2024
"A68..68",NA,41,2024
"A68..68",1,42,2024
"A68..68",1,43,2024
"A68..68",NA,44,2024
"A68..68",NA,45,2024
"A68..68",1,46,2024
"A68..68",NA,47,2024
"A68..68",1,48,2024
"A68..68",2,49,2024
"A68..68",2,50,2024
"A68..68",5,51,2024
"A68..68",5,52,2024
"A69..69",23,1,2024
"A69..69",19,2,2024
"A69..69",22,3,2024
"A69..69",22,4,2024
"A69..69",15,5,2024
"A69..69",23,6,2024
"A69..69",17,7,2024
"A69..69",18,8,2024
"A69..69",19,9,2024
"A69..69",6,10,2024
"A69..69",10,11,2024
"A69..69",9,12,2024
"A69..69",1,13,2024
"A69..69",6,14,2024
"A69..69",3,15,2024
"A69..69",2,16,2024
"A69..69",4,17,2024
"A69..69",1,18,2024
"A69..69",1,19,2024
"A69..69",NA,20,2024
"A69..69",1,21,2024
"A69..69",1,22,2024
"A69..69",1,23,2024
"A69..69",NA,24,2024
"A69..69",NA,25,2024
"A69..69",2,26,2024
"A69..69",1,27,2024
"A69..69",1,28,2024
"A69..69",NA,29,2024
"A69..69",NA,30,2024
"A69..69",NA,31,2024
"A69..69",NA,32,2024
"A69..69",NA,33,2024
"A69..69",NA,34,2024
"A69..69",NA,35,2024
"A69..69",1,36,2024
"A69..69",NA,37,2024
"A69..69",NA,38,2024
"A69..69",NA,39,2024
"A69..69",NA,40,2024
"A69..69",NA,41,2024
"A69..69",1,42,2024
"A69..69",NA,43,2024
"A69..69",NA,44,2024
"A69..69",NA,45,2024
"A69..69",2,46,2024
"A69..69",NA,47,2024
"A69..69",2,48,2024
"A69..69",1,49,2024
"A69..69",3,50,2024
"A69..69",7,51,2024
"A69..69",3,52,2024
"A70..70",20,1,2024
"A70..70",29,2,2024
"A70..70",25,3,2024
"A70..70",27,4,2024
"A70..70",24,5,2024
"A70..70",21,6,2024
"A70..70",16,7,2024
"A70..70",13,8,2024
"A70..70",19,9,2024
"A70..70",11,10,2024
"A70..70",9,11,2024
"A70..70",12,12,2024
"A70..70",5,13,2024
"A70..70",7,14,2024
"A70..70",4,15,2024
"A70..70",4,16,2024
"A70..70",3,17,2024
"A70..70",2,18,2024
"A70..70",1,19,2024
"A70..70",NA,20,2024
"A70..70",1,21,2024
"A70..70",1,22,2024
"A70..70",NA,23,2024
"A70..70",1,24,2024
"A70..70",NA,25,2024
"A70..70",2,26,2024
"A70..70",NA,27,2024
"A70..70",1,28,2024
"A70..70",NA,29,2024
"A70..70",NA,30,2024
"A70..70",NA,31,2024
"A70..70",1,32,2024
"A70..70",1,33,2024
"A70..70",1,34,2024
"A70..70",NA,35,2024
"A70..70",NA,36,2024
"A70..70",NA,37,2024
"A70..70",NA,38,2024
"A70..70",1,39,2024
"A70..70",NA,40,2024
"A70..70",NA,41,2024
"A70..70",1,42,2024
"A70..70",1,43,2024
"A70..70",NA,44,2024
"A70..70",3,45,2024
"A70..70",1,46,2024
"A70..70",2,47,2024
"A70..70",NA,48,2024
"A70..70",3,49,2024
"A70..70",3,50,2024
"A70..70",7,51,2024
"A70..70",2,52,2024
"A71..71",21,1,2024
"A71..71",23,2,2024
"A71..71",20,3,2024
"A71..71",9,4,2024
"A71..71",25,5,2024
"A71..71",19,6,2024
"A71..71",14,7,2024
"A71..71",18,8,2024
"A71..71",24,9,2024
"A71..71",16,10,2024
"A71..71",12,11,2024
"A71..71",9,12,2024
"A71..71",6,13,2024
"A71..71",2,14,2024
"A71..71",5,15,2024
"A71..71",5,16,2024
"A71..71",2,17,2024
"A71..71",5,18,2024
"A71..71",1,19,2024
"A71..71",NA,20,2024
"A71..71",2,21,2024
"A71..71",1,22,2024
"A71..71",NA,23,2024
"A71..71",2,24,2024
"A71..71",NA,25,2024
"A71..71",NA,26,2024
"A71..71",NA,27,2024
"A71..71",NA,28,2024
"A71..71",NA,29,2024
"A71..71",NA,30,2024
"A71..71",NA,31,2024
"A71..71",1,32,2024
"A71..71",NA,33,2024
"A71..71",NA,34,2024
"A71..71",NA,35,2024
"A71..71",1,36,2024
"A71..71",NA,37,2024
"A71..71",NA,38,2024
"A71..71",1,39,2024
"A71..71",NA,40,2024
"A71..71",NA,41,2024
"A71..71",NA,42,2024
"A71..71",NA,43,2024
"A71..71",NA,44,2024
"A71..71",2,45,2024
"A71..71",1,46,2024
"A71..71",NA,47,2024
"A71..71",4,48,2024
"A71..71",1,49,2024
"A71..71",3,50,2024
"A71..71",4,51,2024
"A71..71",5,52,2024
"A72..72",23,1,2024
"A72..72",20,2,2024
"A72..72",19,3,2024
"A72..72",19,4,2024
"A72..72",17,5,2024
"A72..72",18,6,2024
"A72..72",13,7,2024
"A72..72",23,8,2024
"A72..72",24,9,2024
"A72..72",17,10,2024
"A72..72",13,11,2024
"A72..72",12,12,2024
"A72..72",8,13,2024
"A72..72",4,14,2024
"A72..72",8,15,2024
"A72..72",4,16,2024
"A72..72",2,17,2024
"A72..72",2,18,2024
"A72..72",NA,19,2024
"A72..72",NA,20,2024
"A72..72",NA,21,2024
"A72..72",NA,22,2024
"A72..72",NA,23,2024
"A72..72",1,24,2024
"A72..72",1,25,2024
"A72..72",NA,26,2024
"A72..72",NA,27,2024
"A72..72",NA,28,2024
"A72..72",NA,29,2024
"A72..72",1,30,2024
"A72..72",NA,31,2024
"A72..72",NA,32,2024
"A72..72",NA,33,2024
"A72..72",NA,34,2024
"A72..72",NA,35,2024
"A72..72",NA,36,2024
"A72..72",1,37,2024
"A72..72",NA,38,2024
"A72..72",NA,39,2024
"A72..72",NA,40,2024
"A72..72",NA,41,2024
"A72..72",NA,42,2024
"A72..72",1,43,2024
"A72..72",1,44,2024
"A72..72",NA,45,2024
"A72..72",1,46,2024
"A72..72",NA,47,2024
"A72..72",2,48,2024
"A72..72",NA,49,2024
"A72..72",7,50,2024
"A72..72",3,51,2024
"A72..72",6,52,2024
"A73..73",13,1,2024
"A73..73",16,2,2024
"A73..73",6,3,2024
"A73..73",20,4,2024
"A73..73",22,5,2024
"A73..73",33,6,2024
"A73..73",17,7,2024
"A73..73",20,8,2024
"A73..73",20,9,2024
"A73..73",15,10,2024
"A73..73",14,11,2024
"A73..73",6,12,2024
"A73..73",11,13,2024
"A73..73",7,14,2024
"A73..73",6,15,2024
"A73..73",5,16,2024
"A73..73",3,17,2024
"A73..73",1,18,2024
"A73..73",NA,19,2024
"A73..73",NA,20,2024
"A73..73",1,21,2024
"A73..73",NA,22,2024
"A73..73",NA,23,2024
"A73..73",NA,24,2024
"A73..73",NA,25,2024
"A73..73",NA,26,2024
"A73..73",NA,27,2024
"A73..73",NA,28,2024
"A73..73",NA,29,2024
"A73..73",NA,30,2024
"A73..73",NA,31,2024
"A73..73",NA,32,2024
"A73..73",1,33,2024
"A73..73",NA,34,2024
"A73..73",NA,35,2024
"A73..73",NA,36,2024
"A73..73",NA,37,2024
"A73..73",NA,38,2024
"A73..73",1,39,2024
"A73..73",1,40,2024
"A73..73",NA,41,2024
"A73..73",NA,42,2024
"A73..73",NA,43,2024
"A73..73",NA,44,2024
"A73..73",2,45,2024
"A73..73",1,46,2024
"A73..73",NA,47,2024
"A73..73",NA,48,2024
"A73..73",1,49,2024
"A73..73",5,50,2024
"A73..73",6,51,2024
"A73..73",1,52,2024
"A74..74",20,1,2024
"A74..74",21,2,2024
"A74..74",13,3,2024
"A74..74",13,4,2024
"A74..74",26,5,2024
"A74..74",22,6,2024
"A74..74",22,7,2024
"A74..74",23,8,2024
"A74..74",16,9,2024
"A74..74",14,10,2024
"A74..74",15,11,2024
"A74..74",9,12,2024
"A74..74",4,13,2024
"A74..74",8,14,2024
"A74..74",2,15,2024
"A74..74",6,16,2024
"A74..74",3,17,2024
"A74..74",3,18,2024
"A74..74",3,19,2024
"A74..74",1,20,2024
"A74..74",NA,21,2024
"A74..74",1,22,2024
"A74..74",3,23,2024
"A74..74",NA,24,2024
"A74..74",1,25,2024
"A74..74",1,26,2024
"A74..74",1,27,2024
"A74..74",NA,28,2024
"A74..74",NA,29,2024
"A74..74",NA,30,2024
"A74..74",1,31,2024
"A74..74",NA,32,2024
"A74..74",NA,33,2024
"A74..74",1,34,2024
"A74..74",NA,35,2024
"A74..74",NA,36,2024
"A74..74",1,37,2024
"A74..74",NA,38,2024
"A74..74",1,39,2024
"A74..74",NA,40,2024
"A74..74",1,41,2024
"A74..74",NA,42,2024
"A74..74",1,43,2024
"A74..74",2,44,2024
"A74..74",NA,45,2024
"A74..74",NA,46,2024
"A74..74",2,47,2024
"A74..74",3,48,2024
"A74..74",NA,49,2024
"A74..74",2,50,2024
"A74..74",5,51,2024
"A74..74",2,52,2024
"A75..75",20,1,2024
"A75..75",23,2,2024
"A75..75",12,3,2024
"A75..75",18,4,2024
"A75..75",22,5,2024
"A75..75",30,6,2024
"A75..75",18,7,2024
"A75..75",21,8,2024
"A75..75",19,9,2024
"A75..75",14,10,2024
"A75..75",17,11,2024
"A75..75",13,12,2024
"A75..75",7,13,2024
"A75..75",11,14,2024
"A75..75",6,15,2024
"A75..75",NA,16,2024
"A75..75",NA,17,2024
"A75..75",4,18,2024
"A75..75",3,19,2024
"A75..75",NA,20,2024
"A75..75",NA,21,2024
"A75..75",NA,22,2024
"A75..75",NA,23,2024
"A75..75",NA,24,2024
"A75..75",NA,25,2024
"A75..75",NA,26,2024
"A75..75",1,27,2024
"A75..75",1,28,2024
"A75..75",2,29,2024
"A75..75",NA,30,2024
"A75..75",NA,31,2024
"A75..75",NA,32,2024
"A75..75",NA,33,2024
"A75..75",NA,34,2024
"A75..75",NA,35,2024
"A75..75",NA,36,2024
"A75..75",NA,37,2024
"A75..75",NA,38,2024
"A75..75",2,39,2024
"A75..75",NA,40,2024
"A75..75",1,41,2024
"A75..75",NA,42,2024
"A75..75",NA,43,2024
"A75..75",1,44,2024
"A75..75",NA,45,2024
"A75..75",NA,46,2024
"A75..75",2,47,2024
"A75..75",4,48,2024
"A75..75",2,49,2024
"A75..75",NA,50,2024
"A75..75",3,51,2024
"A75..75",2,52,2024
"A76..76",18,1,2024
"A76..76",20,2,2024
"A76..76",16,3,2024
"A76..76",23,4,2024
"A76..76",19,5,2024
"A76..76",19,6,2024
"A76..76",19,7,2024
"A76..76",18,8,2024
"A76..76",13,9,2024
"A76..76",13,10,2024
"A76..76",12,11,2024
"A76..76",7,12,2024
"A76..76",6,13,2024
"A76..76",8,14,2024
"A76..76",3,15,2024
"A76..76",3,16,2024
"A76..76",NA,17,2024
"A76..76",1,18,2024
"A76..76",1,19,2024
"A76..76",1,20,2024
"A76..76",NA,21,2024
"A76..76",NA,22,2024
"A76..76",NA,23,2024
"A76..76",NA,24,2024
"A76..76",1,25,2024
"A76..76",NA,26,2024
"A76..76",2,27,2024
"A76..76",1,28,2024
"A76..76",NA,29,2024
"A76..76",NA,30,2024
"A76..76",NA,31,2024
"A76..76",NA,32,2024
"A76..76",NA,33,2024
"A76..76",1,34,2024
"A76..76",1,35,2024
"A76..76",NA,36,2024
"A76..76",NA,37,2024
"A76..76",NA,38,2024
"A76..76",NA,39,2024
"A76..76",3,40,2024
"A76..76",NA,41,2024
"A76..76",NA,42,2024
"A76..76",NA,43,2024
"A76..76",NA,44,2024
"A76..76",NA,45,2024
"A76..76",1,46,2024
"A76..76",2,47,2024
"A76..76",1,48,2024
"A76..76",1,49,2024
"A76..76",3,50,2024
"A76..76",3,51,2024
"A76..76",4,52,2024
"A77..77",13,1,2024
"A77..77",15,2,2024
"A77..77",20,3,2024
"A77..77",20,4,2024
"A77..77",32,5,2024
"A77..77",21,6,2024
"A77..77",18,7,2024
"A77..77",15,8,2024
"A77..77",15,9,2024
"A77..77",15,10,2024
"A77..77",12,11,2024
"A77..77",8,12,2024
"A77..77",2,13,2024
"A77..77",5,14,2024
"A77..77",3,15,2024
"A77..77",4,16,2024
"A77..77",4,17,2024
"A77..77",3,18,2024
"A77..77",2,19,2024
"A77..77",1,20,2024
"A77..77",NA,21,2024
"A77..77",NA,22,2024
"A77..77",NA,23,2024
"A77..77",NA,24,2024
"A77..77",NA,25,2024
"A77..77",NA,26,2024
"A77..77",1,27,2024
"A77..77",NA,28,2024
"A77..77",NA,29,2024
"A77..77",1,30,2024
"A77..77",NA,31,2024
"A77..77",1,32,2024
"A77..77",1,33,2024
"A77..77",NA,34,2024
"A77..77",1,35,2024
"A77..77",NA,36,2024
"A77..77",NA,37,2024
"A77..77",1,38,2024
"A77..77",NA,39,2024
"A77..77",NA,40,2024
"A77..77",NA,41,2024
"A77..77",1,42,2024
"A77..77",NA,43,2024
"A77..77",1,44,2024
"A77..77",1,45,2024
"A77..77",NA,46,2024
"A77..77",NA,47,2024
"A77..77",NA,48,2024
"A77..77",NA,49,2024
"A77..77",5,50,2024
"A77..77",4,51,2024
"A77..77",3,52,2024
"A78..78",11,1,2024
"A78..78",11,2,2024
"A78..78",11,3,2024
"A78..78",17,4,2024
"A78..78",18,5,2024
"A78..78",14,6,2024
"A78..78",13,7,2024
"A78..78",9,8,2024
"A78..78",13,9,2024
"A78..78",10,10,2024
"A78..78",10,11,2024
"A78..78",8,12,2024
"A78..78",5,13,2024
"A78..78",6,14,2024
"A78..78",4,15,2024
"A78..78",NA,16,2024
"A78..78",NA,17,2024
"A78..78",2,18,2024
"A78..78",1,19,2024
"A78..78",2,20,2024
"A78..78",NA,21,2024
"A78..78",NA,22,2024
"A78..78",NA,23,2024
"A78..78",NA,24,2024
"A78..78",2,25,2024
"A78..78",NA,26,2024
"A78..78",1,27,2024
"A78..78",NA,28,2024
"A78..78",NA,29,2024
"A78..78",NA,30,2024
"A78..78",NA,31,2024
"A78..78",NA,32,2024
"A78..78",NA,33,2024
"A78..78",NA,34,2024
"A78..78",NA,35,2024
"A78..78",NA,36,2024
"A78..78",NA,37,2024
"A78..78",1,38,2024
"A78..78",1,39,2024
"A78..78",1,40,2024
"A78..78",1,41,2024
"A78..78",NA,42,2024
"A78..78",1,43,2024
"A78..78",NA,44,2024
"A78..78",NA,45,2024
"A78..78",NA,46,2024
"A78..78",NA,47,2024
"A78..78",1,48,2024
"A78..78",1,49,2024
"A78..78",1,50,2024
"A78..78",1,51,2024
"A78..78",1,52,2024
"A79..79",14,1,2024
"A79..79",24,2,2024
"A79..79",24,3,2024
"A79..79",31,4,2024
"A79..79",29,5,2024
"A79..79",24,6,2024
"A79..79",17,7,2024
"A79..79",25,8,2024
"A79..79",20,9,2024
"A79..79",17,10,2024
"A79..79",13,11,2024
"A79..79",11,12,2024
"A79..79",4,13,2024
"A79..79",10,14,2024
"A79..79",1,15,2024
"A79..79",1,16,2024
"A79..79",2,17,2024
"A79..79",NA,18,2024
"A79..79",1,19,2024
"A79..79",NA,20,2024
"A79..79",1,21,2024
"A79..79",1,22,2024
"A79..79",NA,23,2024
"A79..79",1,24,2024
"A79..79",NA,25,2024
"A79..79",NA,26,2024
"A79..79",NA,27,2024
"A79..79",NA,28,2024
"A79..79",1,29,2024
"A79..79",NA,30,2024
"A79..79",NA,31,2024
"A79..79",NA,32,2024
"A79..79",NA,33,2024
"A79..79",NA,34,2024
"A79..79",NA,35,2024
"A79..79",NA,36,2024
"A79..79",NA,37,2024
"A79..79",NA,38,2024
"A79..79",NA,39,2024
"A79..79",NA,40,2024
"A79..79",NA,41,2024
"A79..79",NA,42,2024
"A79..79",NA,43,2024
"A79..79",NA,44,2024
"A79..79",NA,45,2024
"A79..79",1,46,2024
"A79..79",NA,47,2024
"A79..79",2,48,2024
"A79..79",NA,49,2024
"A79..79",1,50,2024
"A79..79",7,51,2024
"A79..79",1,52,2024
"A80.",262,1,2024
"A80.",292,2,2024
"A80.",233,3,2024
"A80.",300,4,2024
"A80.",384,5,2024
"A80.",392,6,2024
"A80.",362,7,2024
"A80.",301,8,2024
"A80.",241,9,2024
"A80.",209,10,2024
"A80.",204,11,2024
"A80.",175,12,2024
"A80.",105,13,2024
"A80.",129,14,2024
"A80.",91,15,2024
"A80.",39,16,2024
"A80.",38,17,2024
"A80.",36,18,2024
"A80.",15,19,2024
"A80.",24,20,2024
"A80.",11,21,2024
"A80.",13,22,2024
"A80.",9,23,2024
"A80.",7,24,2024
"A80.",7,25,2024
"A80.",9,26,2024
"A80.",9,27,2024
"A80.",5,28,2024
"A80.",2,29,2024
"A80.",3,30,2024
"A80.",3,31,2024
"A80.",1,32,2024
"A80.",2,33,2024
"A80.",4,34,2024
"A80.",1,35,2024
"A80.",3,36,2024
"A80.",NA,37,2024
"A80.",5,38,2024
"A80.",9,39,2024
"A80.",4,40,2024
"A80.",2,41,2024
"A80.",7,42,2024
"A80.",3,43,2024
"A80.",7,44,2024
"A80.",6,45,2024
"A80.",8,46,2024
"A80.",12,47,2024
"A80.",16,48,2024
"A80.",28,49,2024
"A80.",24,50,2024
"A80.",55,51,2024
"A80.",61,52,2024
"Unbekannt",3,1,2024
"Unbekannt",1,2,2024
"Unbekannt",NA,3,2024
"Unbekannt",32,4,2024
"Unbekannt",8,5,2024
"Unbekannt",20,6,2024
"Unbekannt",1,7,2024
"Unbekannt",3,8,2024
"Unbekannt",2,9,2024
"Unbekannt",NA,10,2024
"Unbekannt",NA,11,2024
"Unbekannt",NA,12,2024
"Unbekannt",NA,13,2024
"Unbekannt",NA,14,2024
"Unbekannt",NA,15,2024
"Unbekannt",NA,16,2024
"Unbekannt",NA,17,2024
"Unbekannt",NA,18,2024
"Unbekannt",NA,19,2024
"Unbekannt",NA,20,2024
"Unbekannt",1,21,2024
"Unbekannt",NA,22,2024
"Unbekannt",NA,23,2024
"Unbekannt",NA,24,2024
"Unbekannt",NA,25,2024
"Unbekannt",NA,26,2024
"Unbekannt",NA,27,2024
"Unbekannt",NA,28,2024
"Unbekannt",NA,29,2024
"Unbekannt",NA,30,2024
"Unbekannt",NA,31,2024
"Unbekannt",NA,32,2024
"Unbekannt",NA,33,2024
"Unbekannt",NA,34,2024
"Unbekannt",NA,35,2024
"Unbekannt",NA,36,2024
"Unbekannt",NA,37,2024
"Unbekannt",NA,38,2024
"Unbekannt",NA,39,2024
"Unbekannt",NA,40,2024
"Unbekannt",NA,41,2024
"Unbekannt",NA,42,2024
"Unbekannt",NA,43,2024
"Unbekannt",NA,44,2024
"Unbekannt",NA,45,2024
"Unbekannt",NA,46,2024
"Unbekannt",8,47,2024
"Unbekannt",1,48,2024
"Unbekannt",2,49,2024
"Unbekannt",2,50,2024
"Unbekannt",NA,51,2024
"Unbekannt",1,52,2024
