"stratum","value","week","year"
"A00..00",NA,1,2026
"A00..00",1,2,2026
"A00..00",NA,3,2026
"A00..00",NA,4,2026
"A00..00",NA,5,2026
"A00..00",3,6,2026
"A00..00",1,7,2026
"A00..00",NA,8,2026
"A00..00",2,9,2026
"A00..00",NA,10,2026
"A00..00",3,11,2026
"A00..00",3,12,2026
"A00..00",6,13,2026
"A00..00",1,14,2026
"A01..01",NA,1,2026
"A01..01",1,2,2026
"A01..01",1,3,2026
"A01..01",NA,4,2026
"A01..01",1,5,2026
"A01..01",1,6,2026
"A01..01",3,7,2026
"A01..01",3,8,2026
"A01..01",1,9,2026
"A01..01",4,10,2026
"A01..01",NA,11,2026
"A01..01",2,12,2026
"A01..01",NA,13,2026
"A01..01",1,14,2026
"A02..02",NA,1,2026
"A02..02",NA,2,2026
"A02..02",NA,3,2026
"A02..02",NA,4,2026
"A02..02",1,5,2026
"A02..02",1,6,2026
"A02..02",5,7,2026
"A02..02",1,8,2026
"A02..02",3,9,2026
"A02..02",2,10,2026
"A02..02",NA,11,2026
"A02..02",2,12,2026
"A02..02",3,13,2026
"A02..02",1,14,2026
"A03..03",3,1,2026
"A03..03",1,2,2026
"A03..03",NA,3,2026
"A03..03",NA,4,2026
"A03..03",NA,5,2026
"A03..03",NA,6,2026
"A03..03",3,7,2026
"A03..03",1,8,2026
"A03..03",NA,9,2026
"A03..03",1,10,2026
"A03..03",NA,11,2026
"A03..03",NA,12,2026
"A03..03",1,13,2026
"A03..03",NA,14,2026
"A04..04",NA,1,2026
"A04..04",NA,2,2026
"A04..04",NA,3,2026
"A04..04",NA,4,2026
"A04..04",NA,5,2026
"A04..04",2,6,2026
"A04..04",NA,7,2026
"A04..04",1,8,2026
"A04..04",2,9,2026
"A04..04",NA,10,2026
"A04..04",2,11,2026
"A04..04",1,12,2026
"A04..04",NA,13,2026
"A04..04",NA,14,2026
"A05..05",NA,1,2026
"A05..05",NA,2,2026
"A05..05",NA,3,2026
"A05..05",NA,4,2026
"A05..05",NA,5,2026
"A05..05",1,6,2026
"A05..05",2,7,2026
"A05..05",1,8,2026
"A05..05",NA,9,2026
"A05..05",1,10,2026
"A05..05",NA,11,2026
"A05..05",NA,12,2026
"A05..05",1,13,2026
"A05..05",NA,14,2026
"A06..06",NA,1,2026
"A06..06",1,2,2026
"A06..06",NA,3,2026
"A06..06",NA,4,2026
"A06..06",NA,5,2026
"A06..06",1,6,2026
"A06..06",NA,7,2026
"A06..06",NA,8,2026
"A06..06",NA,9,2026
"A06..06",1,10,2026
"A06..06",NA,11,2026
"A06..06",NA,12,2026
"A06..06",NA,13,2026
"A06..06",NA,14,2026
"A07..07",NA,1,2026
"A07..07",NA,2,2026
"A07..07",NA,3,2026
"A07..07",NA,4,2026
"A07..07",NA,5,2026
"A07..07",NA,6,2026
"A07..07",NA,7,2026
"A07..07",NA,8,2026
"A07..07",1,9,2026
"A07..07",NA,10,2026
"A07..07",2,11,2026
"A07..07",NA,12,2026
"A07..07",NA,13,2026
"A07..07",NA,14,2026
"A08..08",NA,1,2026
"A08..08",NA,2,2026
"A08..08",NA,3,2026
"A08..08",NA,4,2026
"A08..08",NA,5,2026
"A08..08",NA,6,2026
"A08..08",NA,7,2026
"A08..08",NA,8,2026
"A08..08",1,9,2026
"A08..08",NA,10,2026
"A08..08",1,11,2026
"A08..08",1,12,2026
"A08..08",NA,13,2026
"A08..08",1,14,2026
"A09..09",NA,1,2026
"A09..09",1,2,2026
"A09..09",NA,3,2026
"A09..09",NA,4,2026
"A09..09",NA,5,2026
"A09..09",NA,6,2026
"A09..09",NA,7,2026
"A09..09",1,8,2026
"A09..09",NA,9,2026
"A09..09",NA,10,2026
"A09..09",2,11,2026
"A09..09",1,12,2026
"A09..09",NA,13,2026
"A09..09",NA,14,2026
"A10..10",NA,1,2026
"A10..10",NA,2,2026
"A10..10",NA,3,2026
"A10..10",NA,4,2026
"A10..10",NA,5,2026
"A10..10",NA,6,2026
"A10..10",1,7,2026
"A10..10",NA,8,2026
"A10..10",NA,9,2026
"A10..10",1,10,2026
"A10..10",NA,11,2026
"A10..10",NA,12,2026
"A10..10",NA,13,2026
"A10..10",NA,14,2026
"A11..11",NA,1,2026
"A11..11",NA,2,2026
"A11..11",1,3,2026
"A11..11",NA,4,2026
"A11..11",1,5,2026
"A11..11",NA,6,2026
"A11..11",NA,7,2026
"A11..11",2,8,2026
"A11..11",NA,9,2026
"A11..11",NA,10,2026
"A11..11",1,11,2026
"A11..11",1,12,2026
"A11..11",NA,13,2026
"A11..11",NA,14,2026
"A12..12",NA,1,2026
"A12..12",NA,2,2026
"A12..12",NA,3,2026
"A12..12",NA,4,2026
"A12..12",NA,5,2026
"A12..12",NA,6,2026
"A12..12",NA,7,2026
"A12..12",4,8,2026
"A12..12",NA,9,2026
"A12..12",1,10,2026
"A12..12",NA,11,2026
"A12..12",1,12,2026
"A12..12",NA,13,2026
"A12..12",NA,14,2026
"A13..13",NA,1,2026
"A13..13",NA,2,2026
"A13..13",1,3,2026
"A13..13",1,4,2026
"A13..13",NA,5,2026
"A13..13",NA,6,2026
"A13..13",1,7,2026
"A13..13",NA,8,2026
"A13..13",NA,9,2026
"A13..13",NA,10,2026
"A13..13",NA,11,2026
"A13..13",NA,12,2026
"A13..13",NA,13,2026
"A13..13",NA,14,2026
"A14..14",NA,1,2026
"A14..14",NA,2,2026
"A14..14",NA,3,2026
"A14..14",NA,4,2026
"A14..14",NA,5,2026
"A14..14",NA,6,2026
"A14..14",NA,7,2026
"A14..14",NA,8,2026
"A14..14",NA,9,2026
"A14..14",NA,10,2026
"A14..14",NA,11,2026
"A14..14",1,12,2026
"A14..14",NA,13,2026
"A14..14",NA,14,2026
"A15..15",NA,1,2026
"A15..15",1,2,2026
"A15..15",NA,3,2026
"A15..15",NA,4,2026
"A15..15",NA,5,2026
"A15..15",NA,6,2026
"A15..15",NA,7,2026
"A15..15",1,8,2026
"A15..15",NA,9,2026
"A15..15",NA,10,2026
"A15..15",NA,11,2026
"A15..15",NA,12,2026
"A15..15",NA,13,2026
"A15..15",NA,14,2026
"A16..16",NA,1,2026
"A16..16",NA,2,2026
"A16..16",1,3,2026
"A16..16",NA,4,2026
"A16..16",NA,5,2026
"A16..16",NA,6,2026
"A16..16",NA,7,2026
"A16..16",1,8,2026
"A16..16",NA,9,2026
"A16..16",NA,10,2026
"A16..16",NA,11,2026
"A16..16",NA,12,2026
"A16..16",NA,13,2026
"A16..16",NA,14,2026
"A17..17",1,1,2026
"A17..17",2,2,2026
"A17..17",NA,3,2026
"A17..17",NA,4,2026
"A17..17",1,5,2026
"A17..17",1,6,2026
"A17..17",NA,7,2026
"A17..17",NA,8,2026
"A17..17",NA,9,2026
"A17..17",1,10,2026
"A17..17",1,11,2026
"A17..17",NA,12,2026
"A17..17",NA,13,2026
"A17..17",NA,14,2026
"A18..18",NA,1,2026
"A18..18",NA,2,2026
"A18..18",NA,3,2026
"A18..18",1,4,2026
"A18..18",NA,5,2026
"A18..18",NA,6,2026
"A18..18",NA,7,2026
"A18..18",1,8,2026
"A18..18",2,9,2026
"A18..18",1,10,2026
"A18..18",NA,11,2026
"A18..18",NA,12,2026
"A18..18",1,13,2026
"A18..18",NA,14,2026
"A19..19",NA,1,2026
"A19..19",2,2,2026
"A19..19",2,3,2026
"A19..19",2,4,2026
"A19..19",NA,5,2026
"A19..19",NA,6,2026
"A19..19",2,7,2026
"A19..19",2,8,2026
"A19..19",NA,9,2026
"A19..19",NA,10,2026
"A19..19",NA,11,2026
"A19..19",1,12,2026
"A19..19",NA,13,2026
"A19..19",NA,14,2026
"A20..20",NA,1,2026
"A20..20",NA,2,2026
"A20..20",1,3,2026
"A20..20",NA,4,2026
"A20..20",NA,5,2026
"A20..20",1,6,2026
"A20..20",NA,7,2026
"A20..20",NA,8,2026
"A20..20",1,9,2026
"A20..20",NA,10,2026
"A20..20",NA,11,2026
"A20..20",NA,12,2026
"A20..20",NA,13,2026
"A20..20",NA,14,2026
"A21..21",NA,1,2026
"A21..21",1,2,2026
"A21..21",1,3,2026
"A21..21",NA,4,2026
"A21..21",NA,5,2026
"A21..21",NA,6,2026
"A21..21",NA,7,2026
"A21..21",NA,8,2026
"A21..21",NA,9,2026
"A21..21",NA,10,2026
"A21..21",NA,11,2026
"A21..21",NA,12,2026
"A21..21",NA,13,2026
"A21..21",NA,14,2026
"A22..22",NA,1,2026
"A22..22",NA,2,2026
"A22..22",NA,3,2026
"A22..22",NA,4,2026
"A22..22",NA,5,2026
"A22..22",NA,6,2026
"A22..22",NA,7,2026
"A22..22",NA,8,2026
"A22..22",1,9,2026
"A22..22",1,10,2026
"A22..22",NA,11,2026
"A22..22",NA,12,2026
"A22..22",NA,13,2026
"A22..22",1,14,2026
"A23..23",1,1,2026
"A23..23",NA,2,2026
"A23..23",1,3,2026
"A23..23",NA,4,2026
"A23..23",NA,5,2026
"A23..23",NA,6,2026
"A23..23",3,7,2026
"A23..23",1,8,2026
"A23..23",2,9,2026
"A23..23",NA,10,2026
"A23..23",1,11,2026
"A23..23",NA,12,2026
"A23..23",NA,13,2026
"A23..23",NA,14,2026
"A24..24",NA,1,2026
"A24..24",1,2,2026
"A24..24",NA,3,2026
"A24..24",NA,4,2026
"A24..24",NA,5,2026
"A24..24",NA,6,2026
"A24..24",NA,7,2026
"A24..24",NA,8,2026
"A24..24",2,9,2026
"A24..24",NA,10,2026
"A24..24",1,11,2026
"A24..24",NA,12,2026
"A24..24",1,13,2026
"A24..24",NA,14,2026
"A25..25",NA,1,2026
"A25..25",1,2,2026
"A25..25",NA,3,2026
"A25..25",1,4,2026
"A25..25",NA,5,2026
"A25..25",NA,6,2026
"A25..25",NA,7,2026
"A25..25",NA,8,2026
"A25..25",NA,9,2026
"A25..25",NA,10,2026
"A25..25",NA,11,2026
"A25..25",1,12,2026
"A25..25",NA,13,2026
"A25..25",NA,14,2026
"A26..26",NA,1,2026
"A26..26",NA,2,2026
"A26..26",1,3,2026
"A26..26",NA,4,2026
"A26..26",NA,5,2026
"A26..26",1,6,2026
"A26..26",NA,7,2026
"A26..26",NA,8,2026
"A26..26",1,9,2026
"A26..26",NA,10,2026
"A26..26",NA,11,2026
"A26..26",1,12,2026
"A26..26",NA,13,2026
"A26..26",NA,14,2026
"A27..27",NA,1,2026
"A27..27",NA,2,2026
"A27..27",1,3,2026
"A27..27",NA,4,2026
"A27..27",NA,5,2026
"A27..27",NA,6,2026
"A27..27",1,7,2026
"A27..27",NA,8,2026
"A27..27",NA,9,2026
"A27..27",1,10,2026
"A27..27",1,11,2026
"A27..27",1,12,2026
"A27..27",NA,13,2026
"A27..27",1,14,2026
"A28..28",NA,1,2026
"A28..28",NA,2,2026
"A28..28",NA,3,2026
"A28..28",NA,4,2026
"A28..28",1,5,2026
"A28..28",1,6,2026
"A28..28",NA,7,2026
"A28..28",2,8,2026
"A28..28",NA,9,2026
"A28..28",NA,10,2026
"A28..28",NA,11,2026
"A28..28",1,12,2026
"A28..28",1,13,2026
"A28..28",1,14,2026
"A29..29",1,1,2026
"A29..29",1,2,2026
"A29..29",1,3,2026
"A29..29",NA,4,2026
"A29..29",NA,5,2026
"A29..29",NA,6,2026
"A29..29",1,7,2026
"A29..29",1,8,2026
"A29..29",1,9,2026
"A29..29",1,10,2026
"A29..29",1,11,2026
"A29..29",1,12,2026
"A29..29",NA,13,2026
"A29..29",NA,14,2026
"A30..30",NA,1,2026
"A30..30",2,2,2026
"A30..30",NA,3,2026
"A30..30",1,4,2026
"A30..30",NA,5,2026
"A30..30",1,6,2026
"A30..30",NA,7,2026
"A30..30",1,8,2026
"A30..30",1,9,2026
"A30..30",NA,10,2026
"A30..30",1,11,2026
"A30..30",NA,12,2026
"A30..30",2,13,2026
"A30..30",NA,14,2026
"A31..31",1,1,2026
"A31..31",NA,2,2026
"A31..31",1,3,2026
"A31..31",1,4,2026
"A31..31",NA,5,2026
"A31..31",2,6,2026
"A31..31",1,7,2026
"A31..31",NA,8,2026
"A31..31",1,9,2026
"A31..31",NA,10,2026
"A31..31",NA,11,2026
"A31..31",1,12,2026
"A31..31",1,13,2026
"A31..31",NA,14,2026
"A32..32",NA,1,2026
"A32..32",2,2,2026
"A32..32",1,3,2026
"A32..32",2,4,2026
"A32..32",1,5,2026
"A32..32",1,6,2026
"A32..32",NA,7,2026
"A32..32",1,8,2026
"A32..32",2,9,2026
"A32..32",1,10,2026
"A32..32",1,11,2026
"A32..32",NA,12,2026
"A32..32",1,13,2026
"A32..32",NA,14,2026
"A33..33",1,1,2026
"A33..33",1,2,2026
"A33..33",1,3,2026
"A33..33",NA,4,2026
"A33..33",NA,5,2026
"A33..33",2,6,2026
"A33..33",1,7,2026
"A33..33",NA,8,2026
"A33..33",NA,9,2026
"A33..33",NA,10,2026
"A33..33",NA,11,2026
"A33..33",NA,12,2026
"A33..33",1,13,2026
"A33..33",NA,14,2026
"A34..34",NA,1,2026
"A34..34",NA,2,2026
"A34..34",1,3,2026
"A34..34",NA,4,2026
"A34..34",NA,5,2026
"A34..34",1,6,2026
"A34..34",3,7,2026
"A34..34",4,8,2026
"A34..34",2,9,2026
"A34..34",NA,10,2026
"A34..34",NA,11,2026
"A34..34",NA,12,2026
"A34..34",NA,13,2026
"A34..34",NA,14,2026
"A35..35",NA,1,2026
"A35..35",NA,2,2026
"A35..35",2,3,2026
"A35..35",NA,4,2026
"A35..35",2,5,2026
"A35..35",NA,6,2026
"A35..35",3,7,2026
"A35..35",1,8,2026
"A35..35",1,9,2026
"A35..35",1,10,2026
"A35..35",1,11,2026
"A35..35",NA,12,2026
"A35..35",1,13,2026
"A35..35",2,14,2026
"A36..36",2,1,2026
"A36..36",NA,2,2026
"A36..36",2,3,2026
"A36..36",NA,4,2026
"A36..36",NA,5,2026
"A36..36",NA,6,2026
"A36..36",3,7,2026
"A36..36",3,8,2026
"A36..36",2,9,2026
"A36..36",1,10,2026
"A36..36",1,11,2026
"A36..36",1,12,2026
"A36..36",2,13,2026
"A36..36",1,14,2026
"A37..37",2,1,2026
"A37..37",1,2,2026
"A37..37",1,3,2026
"A37..37",2,4,2026
"A37..37",NA,5,2026
"A37..37",3,6,2026
"A37..37",2,7,2026
"A37..37",2,8,2026
"A37..37",3,9,2026
"A37..37",1,10,2026
"A37..37",5,11,2026
"A37..37",2,12,2026
"A37..37",1,13,2026
"A37..37",1,14,2026
"A38..38",3,1,2026
"A38..38",NA,2,2026
"A38..38",2,3,2026
"A38..38",NA,4,2026
"A38..38",2,5,2026
"A38..38",2,6,2026
"A38..38",2,7,2026
"A38..38",4,8,2026
"A38..38",1,9,2026
"A38..38",NA,10,2026
"A38..38",3,11,2026
"A38..38",NA,12,2026
"A38..38",1,13,2026
"A38..38",1,14,2026
"A39..39",1,1,2026
"A39..39",5,2,2026
"A39..39",NA,3,2026
"A39..39",1,4,2026
"A39..39",NA,5,2026
"A39..39",1,6,2026
"A39..39",NA,7,2026
"A39..39",2,8,2026
"A39..39",3,9,2026
"A39..39",3,10,2026
"A39..39",3,11,2026
"A39..39",1,12,2026
"A39..39",1,13,2026
"A39..39",NA,14,2026
"A40..40",4,1,2026
"A40..40",3,2,2026
"A40..40",2,3,2026
"A40..40",2,4,2026
"A40..40",1,5,2026
"A40..40",3,6,2026
"A40..40",3,7,2026
"A40..40",NA,8,2026
"A40..40",1,9,2026
"A40..40",NA,10,2026
"A40..40",4,11,2026
"A40..40",1,12,2026
"A40..40",1,13,2026
"A40..40",NA,14,2026
"A41..41",1,1,2026
"A41..41",2,2,2026
"A41..41",2,3,2026
"A41..41",1,4,2026
"A41..41",1,5,2026
"A41..41",4,6,2026
"A41..41",1,7,2026
"A41..41",2,8,2026
"A41..41",1,9,2026
"A41..41",1,10,2026
"A41..41",NA,11,2026
"A41..41",1,12,2026
"A41..41",2,13,2026
"A41..41",2,14,2026
"A42..42",3,1,2026
"A42..42",2,2,2026
"A42..42",2,3,2026
"A42..42",3,4,2026
"A42..42",1,5,2026
"A42..42",1,6,2026
"A42..42",1,7,2026
"A42..42",2,8,2026
"A42..42",NA,9,2026
"A42..42",2,10,2026
"A42..42",1,11,2026
"A42..42",3,12,2026
"A42..42",NA,13,2026
"A42..42",NA,14,2026
"A43..43",1,1,2026
"A43..43",2,2,2026
"A43..43",1,3,2026
"A43..43",NA,4,2026
"A43..43",NA,5,2026
"A43..43",4,6,2026
"A43..43",1,7,2026
"A43..43",2,8,2026
"A43..43",1,9,2026
"A43..43",1,10,2026
"A43..43",1,11,2026
"A43..43",4,12,2026
"A43..43",1,13,2026
"A43..43",NA,14,2026
"A44..44",4,1,2026
"A44..44",1,2,2026
"A44..44",1,3,2026
"A44..44",1,4,2026
"A44..44",2,5,2026
"A44..44",NA,6,2026
"A44..44",1,7,2026
"A44..44",4,8,2026
"A44..44",1,9,2026
"A44..44",2,10,2026
"A44..44",1,11,2026
"A44..44",3,12,2026
"A44..44",1,13,2026
"A44..44",NA,14,2026
"A45..45",1,1,2026
"A45..45",3,2,2026
"A45..45",2,3,2026
"A45..45",NA,4,2026
"A45..45",NA,5,2026
"A45..45",2,6,2026
"A45..45",2,7,2026
"A45..45",4,8,2026
"A45..45",1,9,2026
"A45..45",1,10,2026
"A45..45",2,11,2026
"A45..45",4,12,2026
"A45..45",1,13,2026
"A45..45",NA,14,2026
"A46..46",4,1,2026
"A46..46",2,2,2026
"A46..46",1,3,2026
"A46..46",1,4,2026
"A46..46",3,5,2026
"A46..46",1,6,2026
"A46..46",1,7,2026
"A46..46",1,8,2026
"A46..46",2,9,2026
"A46..46",NA,10,2026
"A46..46",1,11,2026
"A46..46",3,12,2026
"A46..46",NA,13,2026
"A46..46",2,14,2026
"A47..47",2,1,2026
"A47..47",3,2,2026
"A47..47",1,3,2026
"A47..47",2,4,2026
"A47..47",1,5,2026
"A47..47",2,6,2026
"A47..47",5,7,2026
"A47..47",NA,8,2026
"A47..47",1,9,2026
"A47..47",2,10,2026
"A47..47",1,11,2026
"A47..47",4,12,2026
"A47..47",3,13,2026
"A47..47",1,14,2026
"A48..48",NA,1,2026
"A48..48",2,2,2026
"A48..48",NA,3,2026
"A48..48",2,4,2026
"A48..48",3,5,2026
"A48..48",NA,6,2026
"A48..48",2,7,2026
"A48..48",1,8,2026
"A48..48",NA,9,2026
"A48..48",2,10,2026
"A48..48",2,11,2026
"A48..48",4,12,2026
"A48..48",NA,13,2026
"A48..48",2,14,2026
"A49..49",1,1,2026
"A49..49",1,2,2026
"A49..49",1,3,2026
"A49..49",2,4,2026
"A49..49",3,5,2026
"A49..49",2,6,2026
"A49..49",1,7,2026
"A49..49",2,8,2026
"A49..49",2,9,2026
"A49..49",4,10,2026
"A49..49",2,11,2026
"A49..49",NA,12,2026
"A49..49",1,13,2026
"A49..49",NA,14,2026
"A50..50",3,1,2026
"A50..50",2,2,2026
"A50..50",3,3,2026
"A50..50",1,4,2026
"A50..50",5,5,2026
"A50..50",2,6,2026
"A50..50",2,7,2026
"A50..50",3,8,2026
"A50..50",3,9,2026
"A50..50",1,10,2026
"A50..50",2,11,2026
"A50..50",3,12,2026
"A50..50",2,13,2026
"A50..50",1,14,2026
"A51..51",NA,1,2026
"A51..51",2,2,2026
"A51..51",1,3,2026
"A51..51",1,4,2026
"A51..51",2,5,2026
"A51..51",NA,6,2026
"A51..51",2,7,2026
"A51..51",1,8,2026
"A51..51",3,9,2026
"A51..51",3,10,2026
"A51..51",NA,11,2026
"A51..51",2,12,2026
"A51..51",3,13,2026
"A51..51",NA,14,2026
"A52..52",NA,1,2026
"A52..52",3,2,2026
"A52..52",NA,3,2026
"A52..52",3,4,2026
"A52..52",2,5,2026
"A52..52",2,6,2026
"A52..52",4,7,2026
"A52..52",2,8,2026
"A52..52",4,9,2026
"A52..52",1,10,2026
"A52..52",1,11,2026
"A52..52",NA,12,2026
"A52..52",2,13,2026
"A52..52",1,14,2026
"A53..53",2,1,2026
"A53..53",2,2,2026
"A53..53",1,3,2026
"A53..53",3,4,2026
"A53..53",3,5,2026
"A53..53",4,6,2026
"A53..53",1,7,2026
"A53..53",2,8,2026
"A53..53",3,9,2026
"A53..53",6,10,2026
"A53..53",3,11,2026
"A53..53",1,12,2026
"A53..53",NA,13,2026
"A53..53",1,14,2026
"A54..54",5,1,2026
"A54..54",NA,2,2026
"A54..54",1,3,2026
"A54..54",1,4,2026
"A54..54",4,5,2026
"A54..54",2,6,2026
"A54..54",6,7,2026
"A54..54",2,8,2026
"A54..54",2,9,2026
"A54..54",3,10,2026
"A54..54",1,11,2026
"A54..54",2,12,2026
"A54..54",5,13,2026
"A54..54",NA,14,2026
"A55..55",3,1,2026
"A55..55",3,2,2026
"A55..55",2,3,2026
"A55..55",1,4,2026
"A55..55",1,5,2026
"A55..55",4,6,2026
"A55..55",4,7,2026
"A55..55",4,8,2026
"A55..55",5,9,2026
"A55..55",2,10,2026
"A55..55",4,11,2026
"A55..55",1,12,2026
"A55..55",2,13,2026
"A55..55",2,14,2026
"A56..56",7,1,2026
"A56..56",3,2,2026
"A56..56",3,3,2026
"A56..56",3,4,2026
"A56..56",2,5,2026
"A56..56",3,6,2026
"A56..56",2,7,2026
"A56..56",4,8,2026
"A56..56",3,9,2026
"A56..56",8,10,2026
"A56..56",5,11,2026
"A56..56",1,12,2026
"A56..56",1,13,2026
"A56..56",3,14,2026
"A57..57",1,1,2026
"A57..57",6,2,2026
"A57..57",4,3,2026
"A57..57",2,4,2026
"A57..57",3,5,2026
"A57..57",6,6,2026
"A57..57",NA,7,2026
"A57..57",6,8,2026
"A57..57",6,9,2026
"A57..57",2,10,2026
"A57..57",4,11,2026
"A57..57",2,12,2026
"A57..57",2,13,2026
"A57..57",NA,14,2026
"A58..58",5,1,2026
"A58..58",5,2,2026
"A58..58",5,3,2026
"A58..58",2,4,2026
"A58..58",4,5,2026
"A58..58",3,6,2026
"A58..58",7,7,2026
"A58..58",7,8,2026
"A58..58",7,9,2026
"A58..58",5,10,2026
"A58..58",4,11,2026
"A58..58",2,12,2026
"A58..58",3,13,2026
"A58..58",1,14,2026
"A59..59",7,1,2026
"A59..59",8,2,2026
"A59..59",3,3,2026
"A59..59",1,4,2026
"A59..59",1,5,2026
"A59..59",3,6,2026
"A59..59",5,7,2026
"A59..59",6,8,2026
"A59..59",7,9,2026
"A59..59",9,10,2026
"A59..59",3,11,2026
"A59..59",5,12,2026
"A59..59",1,13,2026
"A59..59",3,14,2026
"A60..60",6,1,2026
"A60..60",7,2,2026
"A60..60",6,3,2026
"A60..60",4,4,2026
"A60..60",2,5,2026
"A60..60",4,6,2026
"A60..60",10,7,2026
"A60..60",8,8,2026
"A60..60",4,9,2026
"A60..60",3,10,2026
"A60..60",7,11,2026
"A60..60",2,12,2026
"A60..60",4,13,2026
"A60..60",2,14,2026
"A61..61",4,1,2026
"A61..61",6,2,2026
"A61..61",4,3,2026
"A61..61",4,4,2026
"A61..61",4,5,2026
"A61..61",7,6,2026
"A61..61",3,7,2026
"A61..61",6,8,2026
"A61..61",6,9,2026
"A61..61",8,10,2026
"A61..61",7,11,2026
"A61..61",5,12,2026
"A61..61",5,13,2026
"A61..61",5,14,2026
"A62..62",8,1,2026
"A62..62",9,2,2026
"A62..62",7,3,2026
"A62..62",2,4,2026
"A62..62",3,5,2026
"A62..62",7,6,2026
"A62..62",5,7,2026
"A62..62",1,8,2026
"A62..62",6,9,2026
"A62..62",12,10,2026
"A62..62",13,11,2026
"A62..62",5,12,2026
"A62..62",5,13,2026
"A62..62",2,14,2026
"A63..63",4,1,2026
"A63..63",9,2,2026
"A63..63",6,3,2026
"A63..63",6,4,2026
"A63..63",4,5,2026
"A63..63",3,6,2026
"A63..63",6,7,2026
"A63..63",4,8,2026
"A63..63",6,9,2026
"A63..63",7,10,2026
"A63..63",3,11,2026
"A63..63",5,12,2026
"A63..63",5,13,2026
"A63..63",2,14,2026
"A64..64",7,1,2026
"A64..64",8,2,2026
"A64..64",6,3,2026
"A64..64",5,4,2026
"A64..64",7,5,2026
"A64..64",6,6,2026
"A64..64",11,7,2026
"A64..64",6,8,2026
"A64..64",13,9,2026
"A64..64",5,10,2026
"A64..64",4,11,2026
"A64..64",9,12,2026
"A64..64",7,13,2026
"A64..64",1,14,2026
"A65..65",9,1,2026
"A65..65",10,2,2026
"A65..65",4,3,2026
"A65..65",6,4,2026
"A65..65",8,5,2026
"A65..65",5,6,2026
"A65..65",10,7,2026
"A65..65",9,8,2026
"A65..65",3,9,2026
"A65..65",4,10,2026
"A65..65",6,11,2026
"A65..65",8,12,2026
"A65..65",3,13,2026
"A65..65",1,14,2026
"A66..66",4,1,2026
"A66..66",10,2,2026
"A66..66",4,3,2026
"A66..66",6,4,2026
"A66..66",4,5,2026
"A66..66",4,6,2026
"A66..66",6,7,2026
"A66..66",9,8,2026
"A66..66",8,9,2026
"A66..66",5,10,2026
"A66..66",8,11,2026
"A66..66",4,12,2026
"A66..66",4,13,2026
"A66..66",5,14,2026
"A67..67",10,1,2026
"A67..67",11,2,2026
"A67..67",3,3,2026
"A67..67",5,4,2026
"A67..67",6,5,2026
"A67..67",8,6,2026
"A67..67",9,7,2026
"A67..67",8,8,2026
"A67..67",14,9,2026
"A67..67",8,10,2026
"A67..67",8,11,2026
"A67..67",5,12,2026
"A67..67",8,13,2026
"A67..67",3,14,2026
"A68..68",8,1,2026
"A68..68",6,2,2026
"A68..68",6,3,2026
"A68..68",6,4,2026
"A68..68",8,5,2026
"A68..68",7,6,2026
"A68..68",5,7,2026
"A68..68",3,8,2026
"A68..68",7,9,2026
"A68..68",6,10,2026
"A68..68",5,11,2026
"A68..68",9,12,2026
"A68..68",2,13,2026
"A68..68",3,14,2026
"A69..69",14,1,2026
"A69..69",11,2,2026
"A69..69",7,3,2026
"A69..69",3,4,2026
"A69..69",6,5,2026
"A69..69",3,6,2026
"A69..69",16,7,2026
"A69..69",7,8,2026
"A69..69",14,9,2026
"A69..69",3,10,2026
"A69..69",5,11,2026
"A69..69",6,12,2026
"A69..69",6,13,2026
"A69..69",1,14,2026
"A70..70",7,1,2026
"A70..70",6,2,2026
"A70..70",3,3,2026
"A70..70",6,4,2026
"A70..70",6,5,2026
"A70..70",10,6,2026
"A70..70",6,7,2026
"A70..70",5,8,2026
"A70..70",5,9,2026
"A70..70",6,10,2026
"A70..70",1,11,2026
"A70..70",12,12,2026
"A70..70",8,13,2026
"A70..70",2,14,2026
"A71..71",8,1,2026
"A71..71",11,2,2026
"A71..71",5,3,2026
"A71..71",2,4,2026
"A71..71",4,5,2026
"A71..71",7,6,2026
"A71..71",8,7,2026
"A71..71",10,8,2026
"A71..71",9,9,2026
"A71..71",7,10,2026
"A71..71",4,11,2026
"A71..71",3,12,2026
"A71..71",8,13,2026
"A71..71",NA,14,2026
"A72..72",13,1,2026
"A72..72",11,2,2026
"A72..72",1,3,2026
"A72..72",5,4,2026
"A72..72",5,5,2026
"A72..72",5,6,2026
"A72..72",5,7,2026
"A72..72",4,8,2026
"A72..72",5,9,2026
"A72..72",10,10,2026
"A72..72",4,11,2026
"A72..72",5,12,2026
"A72..72",8,13,2026
"A72..72",5,14,2026
"A73..73",13,1,2026
"A73..73",8,2,2026
"A73..73",10,3,2026
"A73..73",7,4,2026
"A73..73",5,5,2026
"A73..73",7,6,2026
"A73..73",9,7,2026
"A73..73",8,8,2026
"A73..73",8,9,2026
"A73..73",6,10,2026
"A73..73",7,11,2026
"A73..73",6,12,2026
"A73..73",7,13,2026
"A73..73",4,14,2026
"A74..74",10,1,2026
"A74..74",8,2,2026
"A74..74",4,3,2026
"A74..74",3,4,2026
"A74..74",6,5,2026
"A74..74",7,6,2026
"A74..74",10,7,2026
"A74..74",4,8,2026
"A74..74",7,9,2026
"A74..74",4,10,2026
"A74..74",9,11,2026
"A74..74",5,12,2026
"A74..74",6,13,2026
"A74..74",1,14,2026
"A75..75",7,1,2026
"A75..75",11,2,2026
"A75..75",2,3,2026
"A75..75",2,4,2026
"A75..75",2,5,2026
"A75..75",8,6,2026
"A75..75",6,7,2026
"A75..75",6,8,2026
"A75..75",11,9,2026
"A75..75",9,10,2026
"A75..75",10,11,2026
"A75..75",8,12,2026
"A75..75",6,13,2026
"A75..75",4,14,2026
"A76..76",9,1,2026
"A76..76",6,2,2026
"A76..76",10,3,2026
"A76..76",5,4,2026
"A76..76",8,5,2026
"A76..76",10,6,2026
"A76..76",3,7,2026
"A76..76",7,8,2026
"A76..76",3,9,2026
"A76..76",3,10,2026
"A76..76",3,11,2026
"A76..76",4,12,2026
"A76..76",7,13,2026
"A76..76",4,14,2026
"A77..77",9,1,2026
"A77..77",11,2,2026
"A77..77",6,3,2026
"A77..77",2,4,2026
"A77..77",1,5,2026
"A77..77",9,6,2026
"A77..77",9,7,2026
"A77..77",6,8,2026
"A77..77",4,9,2026
"A77..77",9,10,2026
"A77..77",4,11,2026
"A77..77",7,12,2026
"A77..77",3,13,2026
"A77..77",6,14,2026
"A78..78",10,1,2026
"A78..78",6,2,2026
"A78..78",4,3,2026
"A78..78",4,4,2026
"A78..78",2,5,2026
"A78..78",8,6,2026
"A78..78",2,7,2026
"A78..78",7,8,2026
"A78..78",3,9,2026
"A78..78",4,10,2026
"A78..78",4,11,2026
"A78..78",2,12,2026
"A78..78",5,13,2026
"A78..78",4,14,2026
"A79..79",4,1,2026
"A79..79",7,2,2026
"A79..79",3,3,2026
"A79..79",2,4,2026
"A79..79",4,5,2026
"A79..79",5,6,2026
"A79..79",2,7,2026
"A79..79",6,8,2026
"A79..79",3,9,2026
"A79..79",3,10,2026
"A79..79",6,11,2026
"A79..79",8,12,2026
"A79..79",2,13,2026
"A79..79",2,14,2026
"A80.",115,1,2026
"A80.",128,2,2026
"A80.",81,3,2026
"A80.",59,4,2026
"A80.",47,5,2026
"A80.",58,6,2026
"A80.",96,7,2026
"A80.",85,8,2026
"A80.",85,9,2026
"A80.",72,10,2026
"A80.",63,11,2026
"A80.",68,12,2026
"A80.",62,13,2026
"A80.",32,14,2026
"A00..00",1,1,2025
"A00..00",3,2,2025
"A00..00",NA,3,2025
"A00..00",1,4,2025
"A00..00",1,5,2025
"A00..00",3,6,2025
"A00..00",2,7,2025
"A00..00",4,8,2025
"A00..00",4,9,2025
"A00..00",2,10,2025
"A00..00",NA,11,2025
"A00..00",2,12,2025
"A00..00",3,13,2025
"A00..00",2,14,2025
"A00..00",2,15,2025
"A00..00",NA,16,2025
"A00..00",2,17,2025
"A00..00",1,18,2025
"A00..00",1,19,2025
"A00..00",1,20,2025
"A00..00",NA,21,2025
"A00..00",1,22,2025
"A00..00",2,23,2025
"A00..00",2,24,2025
"A00..00",1,25,2025
"A00..00",3,26,2025
"A00..00",NA,27,2025
"A00..00",NA,28,2025
"A00..00",3,29,2025
"A00..00",NA,30,2025
"A00..00",1,31,2025
"A00..00",NA,32,2025
"A00..00",NA,33,2025
"A00..00",2,34,2025
"A00..00",1,35,2025
"A00..00",NA,36,2025
"A00..00",NA,37,2025
"A00..00",NA,38,2025
"A00..00",NA,39,2025
"A00..00",NA,40,2025
"A00..00",1,41,2025
"A00..00",1,42,2025
"A00..00",1,43,2025
"A00..00",1,44,2025
"A00..00",NA,45,2025
"A00..00",NA,46,2025
"A00..00",1,47,2025
"A00..00",2,48,2025
"A00..00",NA,49,2025
"A00..00",3,50,2025
"A00..00",1,51,2025
"A00..00",NA,52,2025
"A01..01",1,1,2025
"A01..01",4,2,2025
"A01..01",1,3,2025
"A01..01",1,4,2025
"A01..01",NA,5,2025
"A01..01",1,6,2025
"A01..01",1,7,2025
"A01..01",5,8,2025
"A01..01",2,9,2025
"A01..01",1,10,2025
"A01..01",3,11,2025
"A01..01",2,12,2025
"A01..01",NA,13,2025
"A01..01",2,14,2025
"A01..01",1,15,2025
"A01..01",NA,16,2025
"A01..01",1,17,2025
"A01..01",NA,18,2025
"A01..01",1,19,2025
"A01..01",1,20,2025
"A01..01",1,21,2025
"A01..01",NA,22,2025
"A01..01",1,23,2025
"A01..01",3,24,2025
"A01..01",1,25,2025
"A01..01",2,26,2025
"A01..01",2,27,2025
"A01..01",NA,28,2025
"A01..01",2,29,2025
"A01..01",2,30,2025
"A01..01",NA,31,2025
"A01..01",1,32,2025
"A01..01",NA,33,2025
"A01..01",NA,34,2025
"A01..01",NA,35,2025
"A01..01",1,36,2025
"A01..01",NA,37,2025
"A01..01",NA,38,2025
"A01..01",2,39,2025
"A01..01",1,40,2025
"A01..01",3,41,2025
"A01..01",3,42,2025
"A01..01",NA,43,2025
"A01..01",1,44,2025
"A01..01",1,45,2025
"A01..01",2,46,2025
"A01..01",1,47,2025
"A01..01",2,48,2025
"A01..01",2,49,2025
"A01..01",1,50,2025
"A01..01",1,51,2025
"A01..01",1,52,2025
"A02..02",3,1,2025
"A02..02",2,2,2025
"A02..02",NA,3,2025
"A02..02",NA,4,2025
"A02..02",3,5,2025
"A02..02",1,6,2025
"A02..02",2,7,2025
"A02..02",3,8,2025
"A02..02",NA,9,2025
"A02..02",1,10,2025
"A02..02",NA,11,2025
"A02..02",2,12,2025
"A02..02",NA,13,2025
"A02..02",NA,14,2025
"A02..02",1,15,2025
"A02..02",3,16,2025
"A02..02",NA,17,2025
"A02..02",NA,18,2025
"A02..02",NA,19,2025
"A02..02",NA,20,2025
"A02..02",NA,21,2025
"A02..02",NA,22,2025
"A02..02",NA,23,2025
"A02..02",NA,24,2025
"A02..02",NA,25,2025
"A02..02",NA,26,2025
"A02..02",1,27,2025
"A02..02",NA,28,2025
"A02..02",NA,29,2025
"A02..02",1,30,2025
"A02..02",NA,31,2025
"A02..02",NA,32,2025
"A02..02",NA,33,2025
"A02..02",NA,34,2025
"A02..02",NA,35,2025
"A02..02",NA,36,2025
"A02..02",1,37,2025
"A02..02",1,38,2025
"A02..02",NA,39,2025
"A02..02",1,40,2025
"A02..02",NA,41,2025
"A02..02",NA,42,2025
"A02..02",1,43,2025
"A02..02",NA,44,2025
"A02..02",1,45,2025
"A02..02",2,46,2025
"A02..02",2,47,2025
"A02..02",NA,48,2025
"A02..02",NA,49,2025
"A02..02",2,50,2025
"A02..02",NA,51,2025
"A02..02",NA,52,2025
"A03..03",NA,1,2025
"A03..03",NA,2,2025
"A03..03",1,3,2025
"A03..03",NA,4,2025
"A03..03",NA,5,2025
"A03..03",2,6,2025
"A03..03",1,7,2025
"A03..03",2,8,2025
"A03..03",1,9,2025
"A03..03",NA,10,2025
"A03..03",3,11,2025
"A03..03",1,12,2025
"A03..03",NA,13,2025
"A03..03",2,14,2025
"A03..03",NA,15,2025
"A03..03",1,16,2025
"A03..03",1,17,2025
"A03..03",NA,18,2025
"A03..03",1,19,2025
"A03..03",NA,20,2025
"A03..03",1,21,2025
"A03..03",NA,22,2025
"A03..03",1,23,2025
"A03..03",1,24,2025
"A03..03",NA,25,2025
"A03..03",NA,26,2025
"A03..03",NA,27,2025
"A03..03",NA,28,2025
"A03..03",NA,29,2025
"A03..03",NA,30,2025
"A03..03",NA,31,2025
"A03..03",NA,32,2025
"A03..03",NA,33,2025
"A03..03",NA,34,2025
"A03..03",NA,35,2025
"A03..03",1,36,2025
"A03..03",NA,37,2025
"A03..03",NA,38,2025
"A03..03",NA,39,2025
"A03..03",NA,40,2025
"A03..03",1,41,2025
"A03..03",NA,42,2025
"A03..03",NA,43,2025
"A03..03",1,44,2025
"A03..03",1,45,2025
"A03..03",NA,46,2025
"A03..03",2,47,2025
"A03..03",NA,48,2025
"A03..03",1,49,2025
"A03..03",NA,50,2025
"A03..03",2,51,2025
"A03..03",NA,52,2025
"A04..04",2,1,2025
"A04..04",NA,2,2025
"A04..04",NA,3,2025
"A04..04",NA,4,2025
"A04..04",1,5,2025
"A04..04",2,6,2025
"A04..04",3,7,2025
"A04..04",4,8,2025
"A04..04",NA,9,2025
"A04..04",NA,10,2025
"A04..04",3,11,2025
"A04..04",2,12,2025
"A04..04",NA,13,2025
"A04..04",NA,14,2025
"A04..04",NA,15,2025
"A04..04",1,16,2025
"A04..04",1,17,2025
"A04..04",NA,18,2025
"A04..04",NA,19,2025
"A04..04",NA,20,2025
"A04..04",NA,21,2025
"A04..04",1,22,2025
"A04..04",NA,23,2025
"A04..04",1,24,2025
"A04..04",NA,25,2025
"A04..04",NA,26,2025
"A04..04",NA,27,2025
"A04..04",1,28,2025
"A04..04",1,29,2025
"A04..04",NA,30,2025
"A04..04",NA,31,2025
"A04..04",NA,32,2025
"A04..04",NA,33,2025
"A04..04",NA,34,2025
"A04..04",NA,35,2025
"A04..04",NA,36,2025
"A04..04",NA,37,2025
"A04..04",NA,38,2025
"A04..04",NA,39,2025
"A04..04",NA,40,2025
"A04..04",NA,41,2025
"A04..04",1,42,2025
"A04..04",NA,43,2025
"A04..04",NA,44,2025
"A04..04",NA,45,2025
"A04..04",NA,46,2025
"A04..04",NA,47,2025
"A04..04",NA,48,2025
"A04..04",NA,49,2025
"A04..04",NA,50,2025
"A04..04",NA,51,2025
"A04..04",1,52,2025
"A05..05",NA,1,2025
"A05..05",NA,2,2025
"A05..05",1,3,2025
"A05..05",1,4,2025
"A05..05",NA,5,2025
"A05..05",NA,6,2025
"A05..05",3,7,2025
"A05..05",NA,8,2025
"A05..05",NA,9,2025
"A05..05",NA,10,2025
"A05..05",NA,11,2025
"A05..05",1,12,2025
"A05..05",1,13,2025
"A05..05",NA,14,2025
"A05..05",NA,15,2025
"A05..05",NA,16,2025
"A05..05",NA,17,2025
"A05..05",2,18,2025
"A05..05",1,19,2025
"A05..05",1,20,2025
"A05..05",1,21,2025
"A05..05",NA,22,2025
"A05..05",NA,23,2025
"A05..05",1,24,2025
"A05..05",NA,25,2025
"A05..05",1,26,2025
"A05..05",NA,27,2025
"A05..05",NA,28,2025
"A05..05",NA,29,2025
"A05..05",NA,30,2025
"A05..05",NA,31,2025
"A05..05",NA,32,2025
"A05..05",NA,33,2025
"A05..05",NA,34,2025
"A05..05",NA,35,2025
"A05..05",NA,36,2025
"A05..05",NA,37,2025
"A05..05",NA,38,2025
"A05..05",NA,39,2025
"A05..05",NA,40,2025
"A05..05",NA,41,2025
"A05..05",NA,42,2025
"A05..05",1,43,2025
"A05..05",NA,44,2025
"A05..05",1,45,2025
"A05..05",1,46,2025
"A05..05",2,47,2025
"A05..05",1,48,2025
"A05..05",NA,49,2025
"A05..05",2,50,2025
"A05..05",NA,51,2025
"A05..05",NA,52,2025
"A06..06",NA,1,2025
"A06..06",NA,2,2025
"A06..06",NA,3,2025
"A06..06",NA,4,2025
"A06..06",NA,5,2025
"A06..06",1,6,2025
"A06..06",NA,7,2025
"A06..06",NA,8,2025
"A06..06",NA,9,2025
"A06..06",2,10,2025
"A06..06",NA,11,2025
"A06..06",2,12,2025
"A06..06",NA,13,2025
"A06..06",NA,14,2025
"A06..06",NA,15,2025
"A06..06",1,16,2025
"A06..06",1,17,2025
"A06..06",1,18,2025
"A06..06",1,19,2025
"A06..06",NA,20,2025
"A06..06",NA,21,2025
"A06..06",NA,22,2025
"A06..06",1,23,2025
"A06..06",NA,24,2025
"A06..06",NA,25,2025
"A06..06",NA,26,2025
"A06..06",1,27,2025
"A06..06",NA,28,2025
"A06..06",NA,29,2025
"A06..06",NA,30,2025
"A06..06",NA,31,2025
"A06..06",NA,32,2025
"A06..06",NA,33,2025
"A06..06",1,34,2025
"A06..06",NA,35,2025
"A06..06",NA,36,2025
"A06..06",NA,37,2025
"A06..06",NA,38,2025
"A06..06",NA,39,2025
"A06..06",NA,40,2025
"A06..06",NA,41,2025
"A06..06",NA,42,2025
"A06..06",NA,43,2025
"A06..06",NA,44,2025
"A06..06",NA,45,2025
"A06..06",NA,46,2025
"A06..06",NA,47,2025
"A06..06",NA,48,2025
"A06..06",NA,49,2025
"A06..06",NA,50,2025
"A06..06",1,51,2025
"A06..06",NA,52,2025
"A07..07",NA,1,2025
"A07..07",NA,2,2025
"A07..07",NA,3,2025
"A07..07",NA,4,2025
"A07..07",NA,5,2025
"A07..07",NA,6,2025
"A07..07",1,7,2025
"A07..07",1,8,2025
"A07..07",1,9,2025
"A07..07",NA,10,2025
"A07..07",NA,11,2025
"A07..07",1,12,2025
"A07..07",NA,13,2025
"A07..07",NA,14,2025
"A07..07",1,15,2025
"A07..07",NA,16,2025
"A07..07",NA,17,2025
"A07..07",NA,18,2025
"A07..07",NA,19,2025
"A07..07",NA,20,2025
"A07..07",1,21,2025
"A07..07",NA,22,2025
"A07..07",NA,23,2025
"A07..07",NA,24,2025
"A07..07",NA,25,2025
"A07..07",NA,26,2025
"A07..07",NA,27,2025
"A07..07",NA,28,2025
"A07..07",NA,29,2025
"A07..07",1,30,2025
"A07..07",NA,31,2025
"A07..07",NA,32,2025
"A07..07",NA,33,2025
"A07..07",NA,34,2025
"A07..07",NA,35,2025
"A07..07",NA,36,2025
"A07..07",NA,37,2025
"A07..07",NA,38,2025
"A07..07",1,39,2025
"A07..07",NA,40,2025
"A07..07",NA,41,2025
"A07..07",NA,42,2025
"A07..07",NA,43,2025
"A07..07",NA,44,2025
"A07..07",NA,45,2025
"A07..07",1,46,2025
"A07..07",1,47,2025
"A07..07",NA,48,2025
"A07..07",NA,49,2025
"A07..07",NA,50,2025
"A07..07",1,51,2025
"A07..07",NA,52,2025
"A08..08",NA,1,2025
"A08..08",NA,2,2025
"A08..08",NA,3,2025
"A08..08",1,4,2025
"A08..08",NA,5,2025
"A08..08",3,6,2025
"A08..08",2,7,2025
"A08..08",NA,8,2025
"A08..08",1,9,2025
"A08..08",NA,10,2025
"A08..08",NA,11,2025
"A08..08",NA,12,2025
"A08..08",2,13,2025
"A08..08",1,14,2025
"A08..08",NA,15,2025
"A08..08",1,16,2025
"A08..08",NA,17,2025
"A08..08",NA,18,2025
"A08..08",NA,19,2025
"A08..08",NA,20,2025
"A08..08",NA,21,2025
"A08..08",NA,22,2025
"A08..08",NA,23,2025
"A08..08",NA,24,2025
"A08..08",NA,25,2025
"A08..08",1,26,2025
"A08..08",NA,27,2025
"A08..08",NA,28,2025
"A08..08",NA,29,2025
"A08..08",2,30,2025
"A08..08",NA,31,2025
"A08..08",NA,32,2025
"A08..08",NA,33,2025
"A08..08",NA,34,2025
"A08..08",NA,35,2025
"A08..08",NA,36,2025
"A08..08",NA,37,2025
"A08..08",1,38,2025
"A08..08",1,39,2025
"A08..08",NA,40,2025
"A08..08",1,41,2025
"A08..08",1,42,2025
"A08..08",NA,43,2025
"A08..08",1,44,2025
"A08..08",NA,45,2025
"A08..08",NA,46,2025
"A08..08",NA,47,2025
"A08..08",1,48,2025
"A08..08",NA,49,2025
"A08..08",1,50,2025
"A08..08",NA,51,2025
"A08..08",1,52,2025
"A09..09",NA,1,2025
"A09..09",NA,2,2025
"A09..09",NA,3,2025
"A09..09",1,4,2025
"A09..09",NA,5,2025
"A09..09",NA,6,2025
"A09..09",NA,7,2025
"A09..09",2,8,2025
"A09..09",1,9,2025
"A09..09",1,10,2025
"A09..09",NA,11,2025
"A09..09",1,12,2025
"A09..09",1,13,2025
"A09..09",NA,14,2025
"A09..09",NA,15,2025
"A09..09",NA,16,2025
"A09..09",1,17,2025
"A09..09",NA,18,2025
"A09..09",NA,19,2025
"A09..09",NA,20,2025
"A09..09",NA,21,2025
"A09..09",1,22,2025
"A09..09",NA,23,2025
"A09..09",NA,24,2025
"A09..09",NA,25,2025
"A09..09",NA,26,2025
"A09..09",NA,27,2025
"A09..09",NA,28,2025
"A09..09",NA,29,2025
"A09..09",NA,30,2025
"A09..09",NA,31,2025
"A09..09",NA,32,2025
"A09..09",NA,33,2025
"A09..09",NA,34,2025
"A09..09",NA,35,2025
"A09..09",NA,36,2025
"A09..09",NA,37,2025
"A09..09",NA,38,2025
"A09..09",NA,39,2025
"A09..09",NA,40,2025
"A09..09",NA,41,2025
"A09..09",NA,42,2025
"A09..09",1,43,2025
"A09..09",NA,44,2025
"A09..09",NA,45,2025
"A09..09",NA,46,2025
"A09..09",NA,47,2025
"A09..09",NA,48,2025
"A09..09",NA,49,2025
"A09..09",NA,50,2025
"A09..09",NA,51,2025
"A09..09",1,52,2025
"A10..10",NA,1,2025
"A10..10",NA,2,2025
"A10..10",NA,3,2025
"A10..10",NA,4,2025
"A10..10",NA,5,2025
"A10..10",NA,6,2025
"A10..10",2,7,2025
"A10..10",NA,8,2025
"A10..10",1,9,2025
"A10..10",NA,10,2025
"A10..10",NA,11,2025
"A10..10",NA,12,2025
"A10..10",NA,13,2025
"A10..10",NA,14,2025
"A10..10",1,15,2025
"A10..10",NA,16,2025
"A10..10",NA,17,2025
"A10..10",NA,18,2025
"A10..10",NA,19,2025
"A10..10",NA,20,2025
"A10..10",NA,21,2025
"A10..10",NA,22,2025
"A10..10",NA,23,2025
"A10..10",1,24,2025
"A10..10",NA,25,2025
"A10..10",NA,26,2025
"A10..10",NA,27,2025
"A10..10",NA,28,2025
"A10..10",1,29,2025
"A10..10",NA,30,2025
"A10..10",NA,31,2025
"A10..10",NA,32,2025
"A10..10",NA,33,2025
"A10..10",NA,34,2025
"A10..10",NA,35,2025
"A10..10",NA,36,2025
"A10..10",NA,37,2025
"A10..10",NA,38,2025
"A10..10",NA,39,2025
"A10..10",NA,40,2025
"A10..10",NA,41,2025
"A10..10",NA,42,2025
"A10..10",NA,43,2025
"A10..10",NA,44,2025
"A10..10",NA,45,2025
"A10..10",NA,46,2025
"A10..10",NA,47,2025
"A10..10",NA,48,2025
"A10..10",NA,49,2025
"A10..10",NA,50,2025
"A10..10",NA,51,2025
"A10..10",NA,52,2025
"A11..11",1,1,2025
"A11..11",NA,2,2025
"A11..11",NA,3,2025
"A11..11",NA,4,2025
"A11..11",NA,5,2025
"A11..11",NA,6,2025
"A11..11",1,7,2025
"A11..11",NA,8,2025
"A11..11",2,9,2025
"A11..11",NA,10,2025
"A11..11",NA,11,2025
"A11..11",NA,12,2025
"A11..11",NA,13,2025
"A11..11",NA,14,2025
"A11..11",1,15,2025
"A11..11",NA,16,2025
"A11..11",NA,17,2025
"A11..11",NA,18,2025
"A11..11",NA,19,2025
"A11..11",NA,20,2025
"A11..11",NA,21,2025
"A11..11",NA,22,2025
"A11..11",NA,23,2025
"A11..11",NA,24,2025
"A11..11",NA,25,2025
"A11..11",NA,26,2025
"A11..11",NA,27,2025
"A11..11",NA,28,2025
"A11..11",NA,29,2025
"A11..11",NA,30,2025
"A11..11",NA,31,2025
"A11..11",NA,32,2025
"A11..11",NA,33,2025
"A11..11",NA,34,2025
"A11..11",NA,35,2025
"A11..11",1,36,2025
"A11..11",NA,37,2025
"A11..11",NA,38,2025
"A11..11",NA,39,2025
"A11..11",NA,40,2025
"A11..11",NA,41,2025
"A11..11",NA,42,2025
"A11..11",NA,43,2025
"A11..11",NA,44,2025
"A11..11",NA,45,2025
"A11..11",2,46,2025
"A11..11",NA,47,2025
"A11..11",NA,48,2025
"A11..11",NA,49,2025
"A11..11",NA,50,2025
"A11..11",NA,51,2025
"A11..11",NA,52,2025
"A12..12",NA,1,2025
"A12..12",NA,2,2025
"A12..12",NA,3,2025
"A12..12",NA,4,2025
"A12..12",1,5,2025
"A12..12",1,6,2025
"A12..12",NA,7,2025
"A12..12",NA,8,2025
"A12..12",NA,9,2025
"A12..12",1,10,2025
"A12..12",NA,11,2025
"A12..12",1,12,2025
"A12..12",1,13,2025
"A12..12",NA,14,2025
"A12..12",NA,15,2025
"A12..12",NA,16,2025
"A12..12",NA,17,2025
"A12..12",NA,18,2025
"A12..12",NA,19,2025
"A12..12",NA,20,2025
"A12..12",NA,21,2025
"A12..12",NA,22,2025
"A12..12",NA,23,2025
"A12..12",NA,24,2025
"A12..12",NA,25,2025
"A12..12",NA,26,2025
"A12..12",NA,27,2025
"A12..12",NA,28,2025
"A12..12",1,29,2025
"A12..12",NA,30,2025
"A12..12",NA,31,2025
"A12..12",NA,32,2025
"A12..12",NA,33,2025
"A12..12",NA,34,2025
"A12..12",NA,35,2025
"A12..12",NA,36,2025
"A12..12",NA,37,2025
"A12..12",NA,38,2025
"A12..12",NA,39,2025
"A12..12",NA,40,2025
"A12..12",NA,41,2025
"A12..12",NA,42,2025
"A12..12",NA,43,2025
"A12..12",NA,44,2025
"A12..12",NA,45,2025
"A12..12",NA,46,2025
"A12..12",NA,47,2025
"A12..12",NA,48,2025
"A12..12",NA,49,2025
"A12..12",NA,50,2025
"A12..12",1,51,2025
"A12..12",NA,52,2025
"A13..13",NA,1,2025
"A13..13",NA,2,2025
"A13..13",NA,3,2025
"A13..13",NA,4,2025
"A13..13",NA,5,2025
"A13..13",1,6,2025
"A13..13",1,7,2025
"A13..13",2,8,2025
"A13..13",1,9,2025
"A13..13",1,10,2025
"A13..13",NA,11,2025
"A13..13",NA,12,2025
"A13..13",NA,13,2025
"A13..13",NA,14,2025
"A13..13",NA,15,2025
"A13..13",NA,16,2025
"A13..13",1,17,2025
"A13..13",NA,18,2025
"A13..13",NA,19,2025
"A13..13",NA,20,2025
"A13..13",NA,21,2025
"A13..13",NA,22,2025
"A13..13",NA,23,2025
"A13..13",NA,24,2025
"A13..13",NA,25,2025
"A13..13",NA,26,2025
"A13..13",NA,27,2025
"A13..13",NA,28,2025
"A13..13",NA,29,2025
"A13..13",NA,30,2025
"A13..13",NA,31,2025
"A13..13",1,32,2025
"A13..13",NA,33,2025
"A13..13",NA,34,2025
"A13..13",NA,35,2025
"A13..13",NA,36,2025
"A13..13",NA,37,2025
"A13..13",1,38,2025
"A13..13",NA,39,2025
"A13..13",NA,40,2025
"A13..13",NA,41,2025
"A13..13",NA,42,2025
"A13..13",NA,43,2025
"A13..13",NA,44,2025
"A13..13",NA,45,2025
"A13..13",NA,46,2025
"A13..13",NA,47,2025
"A13..13",NA,48,2025
"A13..13",NA,49,2025
"A13..13",NA,50,2025
"A13..13",NA,51,2025
"A13..13",NA,52,2025
"A14..14",1,1,2025
"A14..14",NA,2,2025
"A14..14",NA,3,2025
"A14..14",NA,4,2025
"A14..14",NA,5,2025
"A14..14",NA,6,2025
"A14..14",1,7,2025
"A14..14",NA,8,2025
"A14..14",NA,9,2025
"A14..14",NA,10,2025
"A14..14",1,11,2025
"A14..14",1,12,2025
"A14..14",NA,13,2025
"A14..14",2,14,2025
"A14..14",NA,15,2025
"A14..14",1,16,2025
"A14..14",1,17,2025
"A14..14",NA,18,2025
"A14..14",NA,19,2025
"A14..14",NA,20,2025
"A14..14",NA,21,2025
"A14..14",NA,22,2025
"A14..14",NA,23,2025
"A14..14",NA,24,2025
"A14..14",NA,25,2025
"A14..14",NA,26,2025
"A14..14",NA,27,2025
"A14..14",NA,28,2025
"A14..14",NA,29,2025
"A14..14",NA,30,2025
"A14..14",NA,31,2025
"A14..14",NA,32,2025
"A14..14",NA,33,2025
"A14..14",NA,34,2025
"A14..14",NA,35,2025
"A14..14",NA,36,2025
"A14..14",NA,37,2025
"A14..14",NA,38,2025
"A14..14",NA,39,2025
"A14..14",NA,40,2025
"A14..14",NA,41,2025
"A14..14",NA,42,2025
"A14..14",NA,43,2025
"A14..14",NA,44,2025
"A14..14",NA,45,2025
"A14..14",NA,46,2025
"A14..14",NA,47,2025
"A14..14",NA,48,2025
"A14..14",NA,49,2025
"A14..14",NA,50,2025
"A14..14",1,51,2025
"A14..14",NA,52,2025
"A15..15",NA,1,2025
"A15..15",NA,2,2025
"A15..15",NA,3,2025
"A15..15",NA,4,2025
"A15..15",1,5,2025
"A15..15",NA,6,2025
"A15..15",NA,7,2025
"A15..15",NA,8,2025
"A15..15",NA,9,2025
"A15..15",NA,10,2025
"A15..15",1,11,2025
"A15..15",NA,12,2025
"A15..15",NA,13,2025
"A15..15",NA,14,2025
"A15..15",NA,15,2025
"A15..15",NA,16,2025
"A15..15",1,17,2025
"A15..15",NA,18,2025
"A15..15",NA,19,2025
"A15..15",NA,20,2025
"A15..15",NA,21,2025
"A15..15",1,22,2025
"A15..15",1,23,2025
"A15..15",NA,24,2025
"A15..15",NA,25,2025
"A15..15",NA,26,2025
"A15..15",NA,27,2025
"A15..15",NA,28,2025
"A15..15",NA,29,2025
"A15..15",NA,30,2025
"A15..15",NA,31,2025
"A15..15",NA,32,2025
"A15..15",NA,33,2025
"A15..15",NA,34,2025
"A15..15",NA,35,2025
"A15..15",NA,36,2025
"A15..15",NA,37,2025
"A15..15",NA,38,2025
"A15..15",NA,39,2025
"A15..15",NA,40,2025
"A15..15",NA,41,2025
"A15..15",NA,42,2025
"A15..15",NA,43,2025
"A15..15",NA,44,2025
"A15..15",NA,45,2025
"A15..15",NA,46,2025
"A15..15",NA,47,2025
"A15..15",NA,48,2025
"A15..15",NA,49,2025
"A15..15",NA,50,2025
"A15..15",NA,51,2025
"A15..15",NA,52,2025
"A16..16",NA,1,2025
"A16..16",NA,2,2025
"A16..16",NA,3,2025
"A16..16",1,4,2025
"A16..16",NA,5,2025
"A16..16",NA,6,2025
"A16..16",NA,7,2025
"A16..16",1,8,2025
"A16..16",1,9,2025
"A16..16",NA,10,2025
"A16..16",NA,11,2025
"A16..16",NA,12,2025
"A16..16",NA,13,2025
"A16..16",NA,14,2025
"A16..16",1,15,2025
"A16..16",NA,16,2025
"A16..16",NA,17,2025
"A16..16",NA,18,2025
"A16..16",NA,19,2025
"A16..16",NA,20,2025
"A16..16",NA,21,2025
"A16..16",NA,22,2025
"A16..16",NA,23,2025
"A16..16",1,24,2025
"A16..16",NA,25,2025
"A16..16",NA,26,2025
"A16..16",NA,27,2025
"A16..16",NA,28,2025
"A16..16",NA,29,2025
"A16..16",NA,30,2025
"A16..16",NA,31,2025
"A16..16",NA,32,2025
"A16..16",NA,33,2025
"A16..16",NA,34,2025
"A16..16",NA,35,2025
"A16..16",NA,36,2025
"A16..16",NA,37,2025
"A16..16",NA,38,2025
"A16..16",NA,39,2025
"A16..16",NA,40,2025
"A16..16",NA,41,2025
"A16..16",NA,42,2025
"A16..16",NA,43,2025
"A16..16",NA,44,2025
"A16..16",NA,45,2025
"A16..16",NA,46,2025
"A16..16",NA,47,2025
"A16..16",NA,48,2025
"A16..16",1,49,2025
"A16..16",NA,50,2025
"A16..16",NA,51,2025
"A16..16",NA,52,2025
"A17..17",1,1,2025
"A17..17",NA,2,2025
"A17..17",NA,3,2025
"A17..17",NA,4,2025
"A17..17",1,5,2025
"A17..17",NA,6,2025
"A17..17",NA,7,2025
"A17..17",NA,8,2025
"A17..17",1,9,2025
"A17..17",NA,10,2025
"A17..17",NA,11,2025
"A17..17",NA,12,2025
"A17..17",NA,13,2025
"A17..17",1,14,2025
"A17..17",NA,15,2025
"A17..17",NA,16,2025
"A17..17",NA,17,2025
"A17..17",NA,18,2025
"A17..17",NA,19,2025
"A17..17",NA,20,2025
"A17..17",1,21,2025
"A17..17",NA,22,2025
"A17..17",NA,23,2025
"A17..17",1,24,2025
"A17..17",NA,25,2025
"A17..17",NA,26,2025
"A17..17",NA,27,2025
"A17..17",1,28,2025
"A17..17",NA,29,2025
"A17..17",NA,30,2025
"A17..17",NA,31,2025
"A17..17",NA,32,2025
"A17..17",NA,33,2025
"A17..17",NA,34,2025
"A17..17",NA,35,2025
"A17..17",NA,36,2025
"A17..17",NA,37,2025
"A17..17",NA,38,2025
"A17..17",NA,39,2025
"A17..17",NA,40,2025
"A17..17",NA,41,2025
"A17..17",NA,42,2025
"A17..17",NA,43,2025
"A17..17",NA,44,2025
"A17..17",NA,45,2025
"A17..17",NA,46,2025
"A17..17",NA,47,2025
"A17..17",NA,48,2025
"A17..17",1,49,2025
"A17..17",NA,50,2025
"A17..17",1,51,2025
"A17..17",NA,52,2025
"A18..18",NA,1,2025
"A18..18",NA,2,2025
"A18..18",NA,3,2025
"A18..18",NA,4,2025
"A18..18",NA,5,2025
"A18..18",NA,6,2025
"A18..18",NA,7,2025
"A18..18",NA,8,2025
"A18..18",2,9,2025
"A18..18",1,10,2025
"A18..18",NA,11,2025
"A18..18",NA,12,2025
"A18..18",NA,13,2025
"A18..18",NA,14,2025
"A18..18",NA,15,2025
"A18..18",NA,16,2025
"A18..18",NA,17,2025
"A18..18",NA,18,2025
"A18..18",NA,19,2025
"A18..18",NA,20,2025
"A18..18",NA,21,2025
"A18..18",NA,22,2025
"A18..18",NA,23,2025
"A18..18",NA,24,2025
"A18..18",NA,25,2025
"A18..18",NA,26,2025
"A18..18",1,27,2025
"A18..18",NA,28,2025
"A18..18",NA,29,2025
"A18..18",NA,30,2025
"A18..18",1,31,2025
"A18..18",NA,32,2025
"A18..18",NA,33,2025
"A18..18",NA,34,2025
"A18..18",NA,35,2025
"A18..18",NA,36,2025
"A18..18",NA,37,2025
"A18..18",NA,38,2025
"A18..18",NA,39,2025
"A18..18",NA,40,2025
"A18..18",NA,41,2025
"A18..18",NA,42,2025
"A18..18",NA,43,2025
"A18..18",NA,44,2025
"A18..18",NA,45,2025
"A18..18",NA,46,2025
"A18..18",NA,47,2025
"A18..18",NA,48,2025
"A18..18",NA,49,2025
"A18..18",1,50,2025
"A18..18",NA,51,2025
"A18..18",1,52,2025
"A19..19",1,1,2025
"A19..19",NA,2,2025
"A19..19",NA,3,2025
"A19..19",NA,4,2025
"A19..19",NA,5,2025
"A19..19",1,6,2025
"A19..19",NA,7,2025
"A19..19",NA,8,2025
"A19..19",NA,9,2025
"A19..19",NA,10,2025
"A19..19",1,11,2025
"A19..19",1,12,2025
"A19..19",NA,13,2025
"A19..19",1,14,2025
"A19..19",NA,15,2025
"A19..19",1,16,2025
"A19..19",NA,17,2025
"A19..19",NA,18,2025
"A19..19",NA,19,2025
"A19..19",1,20,2025
"A19..19",NA,21,2025
"A19..19",NA,22,2025
"A19..19",NA,23,2025
"A19..19",NA,24,2025
"A19..19",2,25,2025
"A19..19",1,26,2025
"A19..19",NA,27,2025
"A19..19",NA,28,2025
"A19..19",NA,29,2025
"A19..19",NA,30,2025
"A19..19",NA,31,2025
"A19..19",NA,32,2025
"A19..19",NA,33,2025
"A19..19",NA,34,2025
"A19..19",NA,35,2025
"A19..19",NA,36,2025
"A19..19",NA,37,2025
"A19..19",NA,38,2025
"A19..19",NA,39,2025
"A19..19",NA,40,2025
"A19..19",NA,41,2025
"A19..19",NA,42,2025
"A19..19",NA,43,2025
"A19..19",NA,44,2025
"A19..19",NA,45,2025
"A19..19",NA,46,2025
"A19..19",NA,47,2025
"A19..19",NA,48,2025
"A19..19",1,49,2025
"A19..19",NA,50,2025
"A19..19",NA,51,2025
"A19..19",NA,52,2025
"A20..20",NA,1,2025
"A20..20",NA,2,2025
"A20..20",NA,3,2025
"A20..20",NA,4,2025
"A20..20",NA,5,2025
"A20..20",NA,6,2025
"A20..20",NA,7,2025
"A20..20",NA,8,2025
"A20..20",NA,9,2025
"A20..20",1,10,2025
"A20..20",NA,11,2025
"A20..20",1,12,2025
"A20..20",NA,13,2025
"A20..20",NA,14,2025
"A20..20",NA,15,2025
"A20..20",NA,16,2025
"A20..20",NA,17,2025
"A20..20",NA,18,2025
"A20..20",NA,19,2025
"A20..20",NA,20,2025
"A20..20",NA,21,2025
"A20..20",NA,22,2025
"A20..20",NA,23,2025
"A20..20",NA,24,2025
"A20..20",NA,25,2025
"A20..20",NA,26,2025
"A20..20",NA,27,2025
"A20..20",NA,28,2025
"A20..20",NA,29,2025
"A20..20",NA,30,2025
"A20..20",NA,31,2025
"A20..20",NA,32,2025
"A20..20",NA,33,2025
"A20..20",NA,34,2025
"A20..20",NA,35,2025
"A20..20",1,36,2025
"A20..20",NA,37,2025
"A20..20",NA,38,2025
"A20..20",NA,39,2025
"A20..20",1,40,2025
"A20..20",NA,41,2025
"A20..20",NA,42,2025
"A20..20",NA,43,2025
"A20..20",NA,44,2025
"A20..20",NA,45,2025
"A20..20",NA,46,2025
"A20..20",NA,47,2025
"A20..20",NA,48,2025
"A20..20",NA,49,2025
"A20..20",1,50,2025
"A20..20",1,51,2025
"A20..20",NA,52,2025
"A21..21",NA,1,2025
"A21..21",NA,2,2025
"A21..21",NA,3,2025
"A21..21",NA,4,2025
"A21..21",NA,5,2025
"A21..21",NA,6,2025
"A21..21",NA,7,2025
"A21..21",1,8,2025
"A21..21",NA,9,2025
"A21..21",NA,10,2025
"A21..21",2,11,2025
"A21..21",NA,12,2025
"A21..21",NA,13,2025
"A21..21",NA,14,2025
"A21..21",NA,15,2025
"A21..21",NA,16,2025
"A21..21",NA,17,2025
"A21..21",NA,18,2025
"A21..21",NA,19,2025
"A21..21",NA,20,2025
"A21..21",NA,21,2025
"A21..21",1,22,2025
"A21..21",NA,23,2025
"A21..21",NA,24,2025
"A21..21",NA,25,2025
"A21..21",NA,26,2025
"A21..21",NA,27,2025
"A21..21",NA,28,2025
"A21..21",NA,29,2025
"A21..21",NA,30,2025
"A21..21",NA,31,2025
"A21..21",NA,32,2025
"A21..21",1,33,2025
"A21..21",NA,34,2025
"A21..21",NA,35,2025
"A21..21",NA,36,2025
"A21..21",NA,37,2025
"A21..21",NA,38,2025
"A21..21",NA,39,2025
"A21..21",NA,40,2025
"A21..21",NA,41,2025
"A21..21",NA,42,2025
"A21..21",NA,43,2025
"A21..21",1,44,2025
"A21..21",1,45,2025
"A21..21",NA,46,2025
"A21..21",NA,47,2025
"A21..21",NA,48,2025
"A21..21",NA,49,2025
"A21..21",NA,50,2025
"A21..21",NA,51,2025
"A21..21",NA,52,2025
"A22..22",1,1,2025
"A22..22",1,2,2025
"A22..22",NA,3,2025
"A22..22",NA,4,2025
"A22..22",NA,5,2025
"A22..22",NA,6,2025
"A22..22",NA,7,2025
"A22..22",NA,8,2025
"A22..22",NA,9,2025
"A22..22",1,10,2025
"A22..22",NA,11,2025
"A22..22",NA,12,2025
"A22..22",2,13,2025
"A22..22",NA,14,2025
"A22..22",NA,15,2025
"A22..22",NA,16,2025
"A22..22",NA,17,2025
"A22..22",2,18,2025
"A22..22",1,19,2025
"A22..22",NA,20,2025
"A22..22",NA,21,2025
"A22..22",NA,22,2025
"A22..22",NA,23,2025
"A22..22",NA,24,2025
"A22..22",NA,25,2025
"A22..22",NA,26,2025
"A22..22",2,27,2025
"A22..22",NA,28,2025
"A22..22",NA,29,2025
"A22..22",NA,30,2025
"A22..22",1,31,2025
"A22..22",NA,32,2025
"A22..22",NA,33,2025
"A22..22",1,34,2025
"A22..22",NA,35,2025
"A22..22",NA,36,2025
"A22..22",NA,37,2025
"A22..22",1,38,2025
"A22..22",NA,39,2025
"A22..22",NA,40,2025
"A22..22",NA,41,2025
"A22..22",NA,42,2025
"A22..22",NA,43,2025
"A22..22",NA,44,2025
"A22..22",1,45,2025
"A22..22",NA,46,2025
"A22..22",NA,47,2025
"A22..22",1,48,2025
"A22..22",NA,49,2025
"A22..22",NA,50,2025
"A22..22",NA,51,2025
"A22..22",NA,52,2025
"A23..23",NA,1,2025
"A23..23",NA,2,2025
"A23..23",NA,3,2025
"A23..23",NA,4,2025
"A23..23",1,5,2025
"A23..23",2,6,2025
"A23..23",NA,7,2025
"A23..23",NA,8,2025
"A23..23",2,9,2025
"A23..23",NA,10,2025
"A23..23",NA,11,2025
"A23..23",NA,12,2025
"A23..23",2,13,2025
"A23..23",NA,14,2025
"A23..23",NA,15,2025
"A23..23",NA,16,2025
"A23..23",NA,17,2025
"A23..23",NA,18,2025
"A23..23",NA,19,2025
"A23..23",NA,20,2025
"A23..23",NA,21,2025
"A23..23",NA,22,2025
"A23..23",NA,23,2025
"A23..23",NA,24,2025
"A23..23",NA,25,2025
"A23..23",NA,26,2025
"A23..23",NA,27,2025
"A23..23",NA,28,2025
"A23..23",NA,29,2025
"A23..23",NA,30,2025
"A23..23",NA,31,2025
"A23..23",1,32,2025
"A23..23",NA,33,2025
"A23..23",NA,34,2025
"A23..23",NA,35,2025
"A23..23",NA,36,2025
"A23..23",NA,37,2025
"A23..23",1,38,2025
"A23..23",NA,39,2025
"A23..23",1,40,2025
"A23..23",1,41,2025
"A23..23",NA,42,2025
"A23..23",NA,43,2025
"A23..23",NA,44,2025
"A23..23",NA,45,2025
"A23..23",NA,46,2025
"A23..23",NA,47,2025
"A23..23",NA,48,2025
"A23..23",NA,49,2025
"A23..23",NA,50,2025
"A23..23",NA,51,2025
"A23..23",NA,52,2025
"A24..24",NA,1,2025
"A24..24",NA,2,2025
"A24..24",NA,3,2025
"A24..24",NA,4,2025
"A24..24",NA,5,2025
"A24..24",NA,6,2025
"A24..24",NA,7,2025
"A24..24",NA,8,2025
"A24..24",NA,9,2025
"A24..24",1,10,2025
"A24..24",NA,11,2025
"A24..24",1,12,2025
"A24..24",NA,13,2025
"A24..24",NA,14,2025
"A24..24",NA,15,2025
"A24..24",NA,16,2025
"A24..24",1,17,2025
"A24..24",NA,18,2025
"A24..24",1,19,2025
"A24..24",NA,20,2025
"A24..24",NA,21,2025
"A24..24",NA,22,2025
"A24..24",NA,23,2025
"A24..24",NA,24,2025
"A24..24",1,25,2025
"A24..24",NA,26,2025
"A24..24",NA,27,2025
"A24..24",1,28,2025
"A24..24",NA,29,2025
"A24..24",NA,30,2025
"A24..24",NA,31,2025
"A24..24",NA,32,2025
"A24..24",NA,33,2025
"A24..24",NA,34,2025
"A24..24",NA,35,2025
"A24..24",NA,36,2025
"A24..24",1,37,2025
"A24..24",NA,38,2025
"A24..24",NA,39,2025
"A24..24",NA,40,2025
"A24..24",NA,41,2025
"A24..24",NA,42,2025
"A24..24",NA,43,2025
"A24..24",NA,44,2025
"A24..24",NA,45,2025
"A24..24",NA,46,2025
"A24..24",1,47,2025
"A24..24",NA,48,2025
"A24..24",NA,49,2025
"A24..24",1,50,2025
"A24..24",NA,51,2025
"A24..24",NA,52,2025
"A25..25",NA,1,2025
"A25..25",1,2,2025
"A25..25",1,3,2025
"A25..25",NA,4,2025
"A25..25",NA,5,2025
"A25..25",NA,6,2025
"A25..25",1,7,2025
"A25..25",NA,8,2025
"A25..25",NA,9,2025
"A25..25",NA,10,2025
"A25..25",1,11,2025
"A25..25",2,12,2025
"A25..25",NA,13,2025
"A25..25",NA,14,2025
"A25..25",1,15,2025
"A25..25",1,16,2025
"A25..25",NA,17,2025
"A25..25",NA,18,2025
"A25..25",NA,19,2025
"A25..25",NA,20,2025
"A25..25",NA,21,2025
"A25..25",NA,22,2025
"A25..25",1,23,2025
"A25..25",2,24,2025
"A25..25",NA,25,2025
"A25..25",1,26,2025
"A25..25",NA,27,2025
"A25..25",NA,28,2025
"A25..25",NA,29,2025
"A25..25",NA,30,2025
"A25..25",2,31,2025
"A25..25",NA,32,2025
"A25..25",NA,33,2025
"A25..25",NA,34,2025
"A25..25",NA,35,2025
"A25..25",1,36,2025
"A25..25",NA,37,2025
"A25..25",NA,38,2025
"A25..25",NA,39,2025
"A25..25",NA,40,2025
"A25..25",NA,41,2025
"A25..25",NA,42,2025
"A25..25",NA,43,2025
"A25..25",NA,44,2025
"A25..25",NA,45,2025
"A25..25",NA,46,2025
"A25..25",1,47,2025
"A25..25",NA,48,2025
"A25..25",NA,49,2025
"A25..25",NA,50,2025
"A25..25",1,51,2025
"A25..25",NA,52,2025
"A26..26",NA,1,2025
"A26..26",2,2,2025
"A26..26",NA,3,2025
"A26..26",3,4,2025
"A26..26",NA,5,2025
"A26..26",NA,6,2025
"A26..26",NA,7,2025
"A26..26",NA,8,2025
"A26..26",NA,9,2025
"A26..26",2,10,2025
"A26..26",1,11,2025
"A26..26",NA,12,2025
"A26..26",1,13,2025
"A26..26",NA,14,2025
"A26..26",NA,15,2025
"A26..26",NA,16,2025
"A26..26",NA,17,2025
"A26..26",NA,18,2025
"A26..26",NA,19,2025
"A26..26",NA,20,2025
"A26..26",NA,21,2025
"A26..26",2,22,2025
"A26..26",NA,23,2025
"A26..26",NA,24,2025
"A26..26",1,25,2025
"A26..26",NA,26,2025
"A26..26",NA,27,2025
"A26..26",NA,28,2025
"A26..26",NA,29,2025
"A26..26",NA,30,2025
"A26..26",1,31,2025
"A26..26",NA,32,2025
"A26..26",NA,33,2025
"A26..26",1,34,2025
"A26..26",NA,35,2025
"A26..26",NA,36,2025
"A26..26",NA,37,2025
"A26..26",NA,38,2025
"A26..26",NA,39,2025
"A26..26",1,40,2025
"A26..26",NA,41,2025
"A26..26",2,42,2025
"A26..26",2,43,2025
"A26..26",NA,44,2025
"A26..26",NA,45,2025
"A26..26",NA,46,2025
"A26..26",1,47,2025
"A26..26",NA,48,2025
"A26..26",1,49,2025
"A26..26",NA,50,2025
"A26..26",NA,51,2025
"A26..26",NA,52,2025
"A27..27",NA,1,2025
"A27..27",1,2,2025
"A27..27",NA,3,2025
"A27..27",NA,4,2025
"A27..27",NA,5,2025
"A27..27",NA,6,2025
"A27..27",1,7,2025
"A27..27",1,8,2025
"A27..27",1,9,2025
"A27..27",NA,10,2025
"A27..27",NA,11,2025
"A27..27",NA,12,2025
"A27..27",NA,13,2025
"A27..27",NA,14,2025
"A27..27",NA,15,2025
"A27..27",NA,16,2025
"A27..27",NA,17,2025
"A27..27",NA,18,2025
"A27..27",NA,19,2025
"A27..27",2,20,2025
"A27..27",NA,21,2025
"A27..27",NA,22,2025
"A27..27",NA,23,2025
"A27..27",NA,24,2025
"A27..27",NA,25,2025
"A27..27",NA,26,2025
"A27..27",1,27,2025
"A27..27",NA,28,2025
"A27..27",NA,29,2025
"A27..27",NA,30,2025
"A27..27",1,31,2025
"A27..27",NA,32,2025
"A27..27",NA,33,2025
"A27..27",NA,34,2025
"A27..27",NA,35,2025
"A27..27",NA,36,2025
"A27..27",NA,37,2025
"A27..27",NA,38,2025
"A27..27",NA,39,2025
"A27..27",NA,40,2025
"A27..27",NA,41,2025
"A27..27",1,42,2025
"A27..27",1,43,2025
"A27..27",NA,44,2025
"A27..27",NA,45,2025
"A27..27",NA,46,2025
"A27..27",NA,47,2025
"A27..27",1,48,2025
"A27..27",NA,49,2025
"A27..27",NA,50,2025
"A27..27",NA,51,2025
"A27..27",NA,52,2025
"A28..28",2,1,2025
"A28..28",NA,2,2025
"A28..28",NA,3,2025
"A28..28",NA,4,2025
"A28..28",NA,5,2025
"A28..28",2,6,2025
"A28..28",NA,7,2025
"A28..28",NA,8,2025
"A28..28",3,9,2025
"A28..28",NA,10,2025
"A28..28",1,11,2025
"A28..28",NA,12,2025
"A28..28",NA,13,2025
"A28..28",NA,14,2025
"A28..28",NA,15,2025
"A28..28",2,16,2025
"A28..28",NA,17,2025
"A28..28",NA,18,2025
"A28..28",NA,19,2025
"A28..28",1,20,2025
"A28..28",NA,21,2025
"A28..28",NA,22,2025
"A28..28",NA,23,2025
"A28..28",1,24,2025
"A28..28",NA,25,2025
"A28..28",NA,26,2025
"A28..28",NA,27,2025
"A28..28",NA,28,2025
"A28..28",NA,29,2025
"A28..28",1,30,2025
"A28..28",NA,31,2025
"A28..28",NA,32,2025
"A28..28",1,33,2025
"A28..28",NA,34,2025
"A28..28",NA,35,2025
"A28..28",NA,36,2025
"A28..28",NA,37,2025
"A28..28",NA,38,2025
"A28..28",1,39,2025
"A28..28",NA,40,2025
"A28..28",NA,41,2025
"A28..28",NA,42,2025
"A28..28",1,43,2025
"A28..28",NA,44,2025
"A28..28",NA,45,2025
"A28..28",1,46,2025
"A28..28",NA,47,2025
"A28..28",NA,48,2025
"A28..28",NA,49,2025
"A28..28",NA,50,2025
"A28..28",1,51,2025
"A28..28",NA,52,2025
"A29..29",2,1,2025
"A29..29",1,2,2025
"A29..29",NA,3,2025
"A29..29",NA,4,2025
"A29..29",1,5,2025
"A29..29",NA,6,2025
"A29..29",1,7,2025
"A29..29",1,8,2025
"A29..29",1,9,2025
"A29..29",1,10,2025
"A29..29",NA,11,2025
"A29..29",NA,12,2025
"A29..29",1,13,2025
"A29..29",1,14,2025
"A29..29",1,15,2025
"A29..29",1,16,2025
"A29..29",1,17,2025
"A29..29",NA,18,2025
"A29..29",1,19,2025
"A29..29",NA,20,2025
"A29..29",NA,21,2025
"A29..29",NA,22,2025
"A29..29",1,23,2025
"A29..29",NA,24,2025
"A29..29",NA,25,2025
"A29..29",NA,26,2025
"A29..29",NA,27,2025
"A29..29",1,28,2025
"A29..29",NA,29,2025
"A29..29",NA,30,2025
"A29..29",NA,31,2025
"A29..29",NA,32,2025
"A29..29",NA,33,2025
"A29..29",NA,34,2025
"A29..29",NA,35,2025
"A29..29",NA,36,2025
"A29..29",NA,37,2025
"A29..29",NA,38,2025
"A29..29",NA,39,2025
"A29..29",NA,40,2025
"A29..29",NA,41,2025
"A29..29",NA,42,2025
"A29..29",1,43,2025
"A29..29",NA,44,2025
"A29..29",NA,45,2025
"A29..29",NA,46,2025
"A29..29",NA,47,2025
"A29..29",NA,48,2025
"A29..29",NA,49,2025
"A29..29",NA,50,2025
"A29..29",1,51,2025
"A29..29",NA,52,2025
"A30..30",NA,1,2025
"A30..30",NA,2,2025
"A30..30",NA,3,2025
"A30..30",1,4,2025
"A30..30",NA,5,2025
"A30..30",NA,6,2025
"A30..30",2,7,2025
"A30..30",2,8,2025
"A30..30",2,9,2025
"A30..30",NA,10,2025
"A30..30",1,11,2025
"A30..30",1,12,2025
"A30..30",1,13,2025
"A30..30",NA,14,2025
"A30..30",NA,15,2025
"A30..30",NA,16,2025
"A30..30",NA,17,2025
"A30..30",1,18,2025
"A30..30",NA,19,2025
"A30..30",1,20,2025
"A30..30",1,21,2025
"A30..30",2,22,2025
"A30..30",NA,23,2025
"A30..30",NA,24,2025
"A30..30",NA,25,2025
"A30..30",NA,26,2025
"A30..30",1,27,2025
"A30..30",NA,28,2025
"A30..30",1,29,2025
"A30..30",1,30,2025
"A30..30",NA,31,2025
"A30..30",NA,32,2025
"A30..30",NA,33,2025
"A30..30",1,34,2025
"A30..30",NA,35,2025
"A30..30",NA,36,2025
"A30..30",NA,37,2025
"A30..30",NA,38,2025
"A30..30",NA,39,2025
"A30..30",NA,40,2025
"A30..30",NA,41,2025
"A30..30",NA,42,2025
"A30..30",NA,43,2025
"A30..30",1,44,2025
"A30..30",NA,45,2025
"A30..30",NA,46,2025
"A30..30",NA,47,2025
"A30..30",1,48,2025
"A30..30",NA,49,2025
"A30..30",NA,50,2025
"A30..30",1,51,2025
"A30..30",2,52,2025
"A31..31",1,1,2025
"A31..31",NA,2,2025
"A31..31",NA,3,2025
"A31..31",2,4,2025
"A31..31",NA,5,2025
"A31..31",NA,6,2025
"A31..31",2,7,2025
"A31..31",NA,8,2025
"A31..31",NA,9,2025
"A31..31",1,10,2025
"A31..31",1,11,2025
"A31..31",2,12,2025
"A31..31",NA,13,2025
"A31..31",NA,14,2025
"A31..31",1,15,2025
"A31..31",1,16,2025
"A31..31",2,17,2025
"A31..31",NA,18,2025
"A31..31",NA,19,2025
"A31..31",NA,20,2025
"A31..31",NA,21,2025
"A31..31",NA,22,2025
"A31..31",NA,23,2025
"A31..31",1,24,2025
"A31..31",NA,25,2025
"A31..31",NA,26,2025
"A31..31",NA,27,2025
"A31..31",NA,28,2025
"A31..31",NA,29,2025
"A31..31",NA,30,2025
"A31..31",NA,31,2025
"A31..31",NA,32,2025
"A31..31",NA,33,2025
"A31..31",1,34,2025
"A31..31",NA,35,2025
"A31..31",NA,36,2025
"A31..31",1,37,2025
"A31..31",NA,38,2025
"A31..31",NA,39,2025
"A31..31",NA,40,2025
"A31..31",NA,41,2025
"A31..31",2,42,2025
"A31..31",NA,43,2025
"A31..31",1,44,2025
"A31..31",NA,45,2025
"A31..31",1,46,2025
"A31..31",1,47,2025
"A31..31",NA,48,2025
"A31..31",NA,49,2025
"A31..31",2,50,2025
"A31..31",NA,51,2025
"A31..31",2,52,2025
"A32..32",1,1,2025
"A32..32",1,2,2025
"A32..32",NA,3,2025
"A32..32",NA,4,2025
"A32..32",NA,5,2025
"A32..32",1,6,2025
"A32..32",1,7,2025
"A32..32",1,8,2025
"A32..32",4,9,2025
"A32..32",NA,10,2025
"A32..32",4,11,2025
"A32..32",NA,12,2025
"A32..32",2,13,2025
"A32..32",NA,14,2025
"A32..32",NA,15,2025
"A32..32",2,16,2025
"A32..32",1,17,2025
"A32..32",1,18,2025
"A32..32",1,19,2025
"A32..32",1,20,2025
"A32..32",NA,21,2025
"A32..32",1,22,2025
"A32..32",1,23,2025
"A32..32",1,24,2025
"A32..32",1,25,2025
"A32..32",NA,26,2025
"A32..32",NA,27,2025
"A32..32",NA,28,2025
"A32..32",NA,29,2025
"A32..32",NA,30,2025
"A32..32",NA,31,2025
"A32..32",1,32,2025
"A32..32",NA,33,2025
"A32..32",2,34,2025
"A32..32",NA,35,2025
"A32..32",NA,36,2025
"A32..32",NA,37,2025
"A32..32",NA,38,2025
"A32..32",NA,39,2025
"A32..32",NA,40,2025
"A32..32",2,41,2025
"A32..32",NA,42,2025
"A32..32",NA,43,2025
"A32..32",NA,44,2025
"A32..32",NA,45,2025
"A32..32",NA,46,2025
"A32..32",NA,47,2025
"A32..32",NA,48,2025
"A32..32",NA,49,2025
"A32..32",NA,50,2025
"A32..32",1,51,2025
"A32..32",NA,52,2025
"A33..33",NA,1,2025
"A33..33",1,2,2025
"A33..33",2,3,2025
"A33..33",NA,4,2025
"A33..33",1,5,2025
"A33..33",3,6,2025
"A33..33",NA,7,2025
"A33..33",4,8,2025
"A33..33",3,9,2025
"A33..33",2,10,2025
"A33..33",NA,11,2025
"A33..33",1,12,2025
"A33..33",NA,13,2025
"A33..33",2,14,2025
"A33..33",1,15,2025
"A33..33",NA,16,2025
"A33..33",1,17,2025
"A33..33",1,18,2025
"A33..33",2,19,2025
"A33..33",NA,20,2025
"A33..33",NA,21,2025
"A33..33",1,22,2025
"A33..33",2,23,2025
"A33..33",1,24,2025
"A33..33",NA,25,2025
"A33..33",1,26,2025
"A33..33",NA,27,2025
"A33..33",NA,28,2025
"A33..33",NA,29,2025
"A33..33",NA,30,2025
"A33..33",2,31,2025
"A33..33",NA,32,2025
"A33..33",NA,33,2025
"A33..33",1,34,2025
"A33..33",NA,35,2025
"A33..33",NA,36,2025
"A33..33",NA,37,2025
"A33..33",NA,38,2025
"A33..33",1,39,2025
"A33..33",NA,40,2025
"A33..33",NA,41,2025
"A33..33",NA,42,2025
"A33..33",NA,43,2025
"A33..33",NA,44,2025
"A33..33",NA,45,2025
"A33..33",NA,46,2025
"A33..33",NA,47,2025
"A33..33",1,48,2025
"A33..33",NA,49,2025
"A33..33",1,50,2025
"A33..33",1,51,2025
"A33..33",NA,52,2025
"A34..34",2,1,2025
"A34..34",1,2,2025
"A34..34",NA,3,2025
"A34..34",4,4,2025
"A34..34",NA,5,2025
"A34..34",2,6,2025
"A34..34",2,7,2025
"A34..34",2,8,2025
"A34..34",4,9,2025
"A34..34",2,10,2025
"A34..34",4,11,2025
"A34..34",NA,12,2025
"A34..34",NA,13,2025
"A34..34",2,14,2025
"A34..34",2,15,2025
"A34..34",NA,16,2025
"A34..34",1,17,2025
"A34..34",3,18,2025
"A34..34",NA,19,2025
"A34..34",NA,20,2025
"A34..34",NA,21,2025
"A34..34",NA,22,2025
"A34..34",NA,23,2025
"A34..34",1,24,2025
"A34..34",NA,25,2025
"A34..34",2,26,2025
"A34..34",NA,27,2025
"A34..34",NA,28,2025
"A34..34",NA,29,2025
"A34..34",NA,30,2025
"A34..34",NA,31,2025
"A34..34",NA,32,2025
"A34..34",NA,33,2025
"A34..34",1,34,2025
"A34..34",NA,35,2025
"A34..34",2,36,2025
"A34..34",NA,37,2025
"A34..34",NA,38,2025
"A34..34",NA,39,2025
"A34..34",NA,40,2025
"A34..34",NA,41,2025
"A34..34",NA,42,2025
"A34..34",1,43,2025
"A34..34",2,44,2025
"A34..34",1,45,2025
"A34..34",2,46,2025
"A34..34",1,47,2025
"A34..34",1,48,2025
"A34..34",NA,49,2025
"A34..34",NA,50,2025
"A34..34",1,51,2025
"A34..34",NA,52,2025
"A35..35",2,1,2025
"A35..35",2,2,2025
"A35..35",2,3,2025
"A35..35",NA,4,2025
"A35..35",NA,5,2025
"A35..35",NA,6,2025
"A35..35",3,7,2025
"A35..35",NA,8,2025
"A35..35",4,9,2025
"A35..35",1,10,2025
"A35..35",1,11,2025
"A35..35",5,12,2025
"A35..35",1,13,2025
"A35..35",2,14,2025
"A35..35",NA,15,2025
"A35..35",NA,16,2025
"A35..35",1,17,2025
"A35..35",NA,18,2025
"A35..35",1,19,2025
"A35..35",1,20,2025
"A35..35",NA,21,2025
"A35..35",NA,22,2025
"A35..35",2,23,2025
"A35..35",1,24,2025
"A35..35",NA,25,2025
"A35..35",NA,26,2025
"A35..35",NA,27,2025
"A35..35",NA,28,2025
"A35..35",NA,29,2025
"A35..35",NA,30,2025
"A35..35",3,31,2025
"A35..35",NA,32,2025
"A35..35",NA,33,2025
"A35..35",NA,34,2025
"A35..35",NA,35,2025
"A35..35",NA,36,2025
"A35..35",NA,37,2025
"A35..35",NA,38,2025
"A35..35",NA,39,2025
"A35..35",NA,40,2025
"A35..35",1,41,2025
"A35..35",1,42,2025
"A35..35",1,43,2025
"A35..35",3,44,2025
"A35..35",2,45,2025
"A35..35",NA,46,2025
"A35..35",2,47,2025
"A35..35",NA,48,2025
"A35..35",1,49,2025
"A35..35",2,50,2025
"A35..35",3,51,2025
"A35..35",NA,52,2025
"A36..36",NA,1,2025
"A36..36",2,2,2025
"A36..36",1,3,2025
"A36..36",1,4,2025
"A36..36",1,5,2025
"A36..36",3,6,2025
"A36..36",NA,7,2025
"A36..36",4,8,2025
"A36..36",4,9,2025
"A36..36",1,10,2025
"A36..36",NA,11,2025
"A36..36",1,12,2025
"A36..36",2,13,2025
"A36..36",3,14,2025
"A36..36",1,15,2025
"A36..36",1,16,2025
"A36..36",2,17,2025
"A36..36",NA,18,2025
"A36..36",1,19,2025
"A36..36",NA,20,2025
"A36..36",2,21,2025
"A36..36",NA,22,2025
"A36..36",1,23,2025
"A36..36",NA,24,2025
"A36..36",1,25,2025
"A36..36",2,26,2025
"A36..36",NA,27,2025
"A36..36",NA,28,2025
"A36..36",1,29,2025
"A36..36",1,30,2025
"A36..36",NA,31,2025
"A36..36",1,32,2025
"A36..36",NA,33,2025
"A36..36",1,34,2025
"A36..36",NA,35,2025
"A36..36",NA,36,2025
"A36..36",NA,37,2025
"A36..36",NA,38,2025
"A36..36",1,39,2025
"A36..36",NA,40,2025
"A36..36",2,41,2025
"A36..36",NA,42,2025
"A36..36",NA,43,2025
"A36..36",NA,44,2025
"A36..36",2,45,2025
"A36..36",NA,46,2025
"A36..36",NA,47,2025
"A36..36",1,48,2025
"A36..36",NA,49,2025
"A36..36",2,50,2025
"A36..36",NA,51,2025
"A36..36",2,52,2025
"A37..37",1,1,2025
"A37..37",2,2,2025
"A37..37",2,3,2025
"A37..37",NA,4,2025
"A37..37",NA,5,2025
"A37..37",3,6,2025
"A37..37",5,7,2025
"A37..37",4,8,2025
"A37..37",2,9,2025
"A37..37",2,10,2025
"A37..37",8,11,2025
"A37..37",1,12,2025
"A37..37",NA,13,2025
"A37..37",1,14,2025
"A37..37",2,15,2025
"A37..37",1,16,2025
"A37..37",2,17,2025
"A37..37",2,18,2025
"A37..37",NA,19,2025
"A37..37",1,20,2025
"A37..37",2,21,2025
"A37..37",NA,22,2025
"A37..37",NA,23,2025
"A37..37",NA,24,2025
"A37..37",NA,25,2025
"A37..37",NA,26,2025
"A37..37",1,27,2025
"A37..37",NA,28,2025
"A37..37",1,29,2025
"A37..37",1,30,2025
"A37..37",NA,31,2025
"A37..37",NA,32,2025
"A37..37",1,33,2025
"A37..37",NA,34,2025
"A37..37",2,35,2025
"A37..37",NA,36,2025
"A37..37",2,37,2025
"A37..37",1,38,2025
"A37..37",NA,39,2025
"A37..37",1,40,2025
"A37..37",1,41,2025
"A37..37",NA,42,2025
"A37..37",NA,43,2025
"A37..37",1,44,2025
"A37..37",NA,45,2025
"A37..37",1,46,2025
"A37..37",2,47,2025
"A37..37",2,48,2025
"A37..37",NA,49,2025
"A37..37",1,50,2025
"A37..37",NA,51,2025
"A37..37",1,52,2025
"A38..38",2,1,2025
"A38..38",NA,2,2025
"A38..38",3,3,2025
"A38..38",1,4,2025
"A38..38",1,5,2025
"A38..38",NA,6,2025
"A38..38",4,7,2025
"A38..38",NA,8,2025
"A38..38",7,9,2025
"A38..38",1,10,2025
"A38..38",1,11,2025
"A38..38",2,12,2025
"A38..38",NA,13,2025
"A38..38",NA,14,2025
"A38..38",1,15,2025
"A38..38",NA,16,2025
"A38..38",NA,17,2025
"A38..38",NA,18,2025
"A38..38",1,19,2025
"A38..38",1,20,2025
"A38..38",1,21,2025
"A38..38",NA,22,2025
"A38..38",2,23,2025
"A38..38",NA,24,2025
"A38..38",NA,25,2025
"A38..38",1,26,2025
"A38..38",1,27,2025
"A38..38",NA,28,2025
"A38..38",NA,29,2025
"A38..38",1,30,2025
"A38..38",NA,31,2025
"A38..38",NA,32,2025
"A38..38",NA,33,2025
"A38..38",NA,34,2025
"A38..38",1,35,2025
"A38..38",NA,36,2025
"A38..38",2,37,2025
"A38..38",NA,38,2025
"A38..38",1,39,2025
"A38..38",1,40,2025
"A38..38",NA,41,2025
"A38..38",2,42,2025
"A38..38",1,43,2025
"A38..38",NA,44,2025
"A38..38",2,45,2025
"A38..38",1,46,2025
"A38..38",2,47,2025
"A38..38",1,48,2025
"A38..38",NA,49,2025
"A38..38",2,50,2025
"A38..38",1,51,2025
"A38..38",1,52,2025
"A39..39",NA,1,2025
"A39..39",2,2,2025
"A39..39",NA,3,2025
"A39..39",NA,4,2025
"A39..39",NA,5,2025
"A39..39",3,6,2025
"A39..39",4,7,2025
"A39..39",3,8,2025
"A39..39",2,9,2025
"A39..39",2,10,2025
"A39..39",1,11,2025
"A39..39",1,12,2025
"A39..39",1,13,2025
"A39..39",1,14,2025
"A39..39",2,15,2025
"A39..39",1,16,2025
"A39..39",3,17,2025
"A39..39",3,18,2025
"A39..39",NA,19,2025
"A39..39",1,20,2025
"A39..39",NA,21,2025
"A39..39",1,22,2025
"A39..39",NA,23,2025
"A39..39",3,24,2025
"A39..39",NA,25,2025
"A39..39",NA,26,2025
"A39..39",NA,27,2025
"A39..39",1,28,2025
"A39..39",NA,29,2025
"A39..39",NA,30,2025
"A39..39",NA,31,2025
"A39..39",NA,32,2025
"A39..39",NA,33,2025
"A39..39",NA,34,2025
"A39..39",2,35,2025
"A39..39",1,36,2025
"A39..39",1,37,2025
"A39..39",NA,38,2025
"A39..39",1,39,2025
"A39..39",1,40,2025
"A39..39",NA,41,2025
"A39..39",NA,42,2025
"A39..39",1,43,2025
"A39..39",1,44,2025
"A39..39",NA,45,2025
"A39..39",NA,46,2025
"A39..39",1,47,2025
"A39..39",1,48,2025
"A39..39",1,49,2025
"A39..39",5,50,2025
"A39..39",3,51,2025
"A39..39",NA,52,2025
"A40..40",1,1,2025
"A40..40",5,2,2025
"A40..40",3,3,2025
"A40..40",1,4,2025
"A40..40",3,5,2025
"A40..40",2,6,2025
"A40..40",3,7,2025
"A40..40",4,8,2025
"A40..40",4,9,2025
"A40..40",6,10,2025
"A40..40",1,11,2025
"A40..40",3,12,2025
"A40..40",2,13,2025
"A40..40",2,14,2025
"A40..40",2,15,2025
"A40..40",1,16,2025
"A40..40",2,17,2025
"A40..40",NA,18,2025
"A40..40",1,19,2025
"A40..40",1,20,2025
"A40..40",2,21,2025
"A40..40",NA,22,2025
"A40..40",NA,23,2025
"A40..40",1,24,2025
"A40..40",2,25,2025
"A40..40",1,26,2025
"A40..40",NA,27,2025
"A40..40",NA,28,2025
"A40..40",NA,29,2025
"A40..40",1,30,2025
"A40..40",2,31,2025
"A40..40",2,32,2025
"A40..40",NA,33,2025
"A40..40",NA,34,2025
"A40..40",NA,35,2025
"A40..40",NA,36,2025
"A40..40",NA,37,2025
"A40..40",NA,38,2025
"A40..40",1,39,2025
"A40..40",NA,40,2025
"A40..40",1,41,2025
"A40..40",1,42,2025
"A40..40",1,43,2025
"A40..40",2,44,2025
"A40..40",3,45,2025
"A40..40",3,46,2025
"A40..40",NA,47,2025
"A40..40",NA,48,2025
"A40..40",1,49,2025
"A40..40",1,50,2025
"A40..40",1,51,2025
"A40..40",NA,52,2025
"A41..41",2,1,2025
"A41..41",NA,2,2025
"A41..41",1,3,2025
"A41..41",NA,4,2025
"A41..41",3,5,2025
"A41..41",1,6,2025
"A41..41",1,7,2025
"A41..41",2,8,2025
"A41..41",9,9,2025
"A41..41",2,10,2025
"A41..41",2,11,2025
"A41..41",1,12,2025
"A41..41",2,13,2025
"A41..41",5,14,2025
"A41..41",1,15,2025
"A41..41",1,16,2025
"A41..41",4,17,2025
"A41..41",3,18,2025
"A41..41",2,19,2025
"A41..41",1,20,2025
"A41..41",1,21,2025
"A41..41",1,22,2025
"A41..41",1,23,2025
"A41..41",1,24,2025
"A41..41",1,25,2025
"A41..41",1,26,2025
"A41..41",NA,27,2025
"A41..41",NA,28,2025
"A41..41",1,29,2025
"A41..41",NA,30,2025
"A41..41",1,31,2025
"A41..41",NA,32,2025
"A41..41",NA,33,2025
"A41..41",1,34,2025
"A41..41",NA,35,2025
"A41..41",2,36,2025
"A41..41",1,37,2025
"A41..41",NA,38,2025
"A41..41",1,39,2025
"A41..41",1,40,2025
"A41..41",2,41,2025
"A41..41",2,42,2025
"A41..41",NA,43,2025
"A41..41",3,44,2025
"A41..41",1,45,2025
"A41..41",1,46,2025
"A41..41",NA,47,2025
"A41..41",NA,48,2025
"A41..41",NA,49,2025
"A41..41",1,50,2025
"A41..41",2,51,2025
"A41..41",1,52,2025
"A42..42",2,1,2025
"A42..42",2,2,2025
"A42..42",2,3,2025
"A42..42",NA,4,2025
"A42..42",NA,5,2025
"A42..42",3,6,2025
"A42..42",7,7,2025
"A42..42",2,8,2025
"A42..42",1,9,2025
"A42..42",3,10,2025
"A42..42",2,11,2025
"A42..42",3,12,2025
"A42..42",1,13,2025
"A42..42",3,14,2025
"A42..42",1,15,2025
"A42..42",NA,16,2025
"A42..42",1,17,2025
"A42..42",1,18,2025
"A42..42",1,19,2025
"A42..42",1,20,2025
"A42..42",3,21,2025
"A42..42",NA,22,2025
"A42..42",2,23,2025
"A42..42",1,24,2025
"A42..42",NA,25,2025
"A42..42",2,26,2025
"A42..42",1,27,2025
"A42..42",1,28,2025
"A42..42",1,29,2025
"A42..42",NA,30,2025
"A42..42",NA,31,2025
"A42..42",NA,32,2025
"A42..42",1,33,2025
"A42..42",1,34,2025
"A42..42",1,35,2025
"A42..42",NA,36,2025
"A42..42",2,37,2025
"A42..42",NA,38,2025
"A42..42",1,39,2025
"A42..42",1,40,2025
"A42..42",2,41,2025
"A42..42",1,42,2025
"A42..42",1,43,2025
"A42..42",NA,44,2025
"A42..42",1,45,2025
"A42..42",1,46,2025
"A42..42",NA,47,2025
"A42..42",2,48,2025
"A42..42",NA,49,2025
"A42..42",2,50,2025
"A42..42",NA,51,2025
"A42..42",2,52,2025
"A43..43",2,1,2025
"A43..43",NA,2,2025
"A43..43",1,3,2025
"A43..43",3,4,2025
"A43..43",5,5,2025
"A43..43",2,6,2025
"A43..43",4,7,2025
"A43..43",2,8,2025
"A43..43",1,9,2025
"A43..43",4,10,2025
"A43..43",NA,11,2025
"A43..43",1,12,2025
"A43..43",1,13,2025
"A43..43",3,14,2025
"A43..43",2,15,2025
"A43..43",2,16,2025
"A43..43",3,17,2025
"A43..43",1,18,2025
"A43..43",1,19,2025
"A43..43",NA,20,2025
"A43..43",NA,21,2025
"A43..43",1,22,2025
"A43..43",NA,23,2025
"A43..43",NA,24,2025
"A43..43",1,25,2025
"A43..43",1,26,2025
"A43..43",NA,27,2025
"A43..43",NA,28,2025
"A43..43",1,29,2025
"A43..43",1,30,2025
"A43..43",NA,31,2025
"A43..43",1,32,2025
"A43..43",NA,33,2025
"A43..43",NA,34,2025
"A43..43",NA,35,2025
"A43..43",1,36,2025
"A43..43",NA,37,2025
"A43..43",1,38,2025
"A43..43",NA,39,2025
"A43..43",NA,40,2025
"A43..43",2,41,2025
"A43..43",1,42,2025
"A43..43",1,43,2025
"A43..43",NA,44,2025
"A43..43",1,45,2025
"A43..43",1,46,2025
"A43..43",1,47,2025
"A43..43",2,48,2025
"A43..43",NA,49,2025
"A43..43",4,50,2025
"A43..43",1,51,2025
"A43..43",NA,52,2025
"A44..44",3,1,2025
"A44..44",1,2,2025
"A44..44",NA,3,2025
"A44..44",2,4,2025
"A44..44",4,5,2025
"A44..44",5,6,2025
"A44..44",4,7,2025
"A44..44",3,8,2025
"A44..44",1,9,2025
"A44..44",2,10,2025
"A44..44",5,11,2025
"A44..44",4,12,2025
"A44..44",1,13,2025
"A44..44",4,14,2025
"A44..44",2,15,2025
"A44..44",1,16,2025
"A44..44",NA,17,2025
"A44..44",4,18,2025
"A44..44",1,19,2025
"A44..44",NA,20,2025
"A44..44",1,21,2025
"A44..44",NA,22,2025
"A44..44",1,23,2025
"A44..44",NA,24,2025
"A44..44",4,25,2025
"A44..44",2,26,2025
"A44..44",1,27,2025
"A44..44",NA,28,2025
"A44..44",NA,29,2025
"A44..44",1,30,2025
"A44..44",1,31,2025
"A44..44",NA,32,2025
"A44..44",NA,33,2025
"A44..44",NA,34,2025
"A44..44",NA,35,2025
"A44..44",3,36,2025
"A44..44",4,37,2025
"A44..44",NA,38,2025
"A44..44",NA,39,2025
"A44..44",NA,40,2025
"A44..44",NA,41,2025
"A44..44",3,42,2025
"A44..44",1,43,2025
"A44..44",1,44,2025
"A44..44",1,45,2025
"A44..44",2,46,2025
"A44..44",NA,47,2025
"A44..44",1,48,2025
"A44..44",1,49,2025
"A44..44",1,50,2025
"A44..44",1,51,2025
"A44..44",NA,52,2025
"A45..45",3,1,2025
"A45..45",5,2,2025
"A45..45",1,3,2025
"A45..45",2,4,2025
"A45..45",2,5,2025
"A45..45",5,6,2025
"A45..45",NA,7,2025
"A45..45",2,8,2025
"A45..45",2,9,2025
"A45..45",7,10,2025
"A45..45",2,11,2025
"A45..45",4,12,2025
"A45..45",6,13,2025
"A45..45",4,14,2025
"A45..45",2,15,2025
"A45..45",NA,16,2025
"A45..45",1,17,2025
"A45..45",1,18,2025
"A45..45",2,19,2025
"A45..45",4,20,2025
"A45..45",2,21,2025
"A45..45",1,22,2025
"A45..45",2,23,2025
"A45..45",NA,24,2025
"A45..45",2,25,2025
"A45..45",NA,26,2025
"A45..45",2,27,2025
"A45..45",1,28,2025
"A45..45",3,29,2025
"A45..45",NA,30,2025
"A45..45",1,31,2025
"A45..45",1,32,2025
"A45..45",NA,33,2025
"A45..45",NA,34,2025
"A45..45",2,35,2025
"A45..45",NA,36,2025
"A45..45",1,37,2025
"A45..45",1,38,2025
"A45..45",2,39,2025
"A45..45",NA,40,2025
"A45..45",NA,41,2025
"A45..45",NA,42,2025
"A45..45",NA,43,2025
"A45..45",1,44,2025
"A45..45",1,45,2025
"A45..45",1,46,2025
"A45..45",NA,47,2025
"A45..45",NA,48,2025
"A45..45",1,49,2025
"A45..45",NA,50,2025
"A45..45",2,51,2025
"A45..45",1,52,2025
"A46..46",2,1,2025
"A46..46",NA,2,2025
"A46..46",1,3,2025
"A46..46",2,4,2025
"A46..46",1,5,2025
"A46..46",3,6,2025
"A46..46",1,7,2025
"A46..46",2,8,2025
"A46..46",6,9,2025
"A46..46",2,10,2025
"A46..46",1,11,2025
"A46..46",3,12,2025
"A46..46",1,13,2025
"A46..46",NA,14,2025
"A46..46",1,15,2025
"A46..46",3,16,2025
"A46..46",1,17,2025
"A46..46",1,18,2025
"A46..46",1,19,2025
"A46..46",2,20,2025
"A46..46",NA,21,2025
"A46..46",NA,22,2025
"A46..46",2,23,2025
"A46..46",2,24,2025
"A46..46",2,25,2025
"A46..46",NA,26,2025
"A46..46",1,27,2025
"A46..46",1,28,2025
"A46..46",NA,29,2025
"A46..46",NA,30,2025
"A46..46",NA,31,2025
"A46..46",NA,32,2025
"A46..46",NA,33,2025
"A46..46",1,34,2025
"A46..46",NA,35,2025
"A46..46",NA,36,2025
"A46..46",NA,37,2025
"A46..46",NA,38,2025
"A46..46",1,39,2025
"A46..46",NA,40,2025
"A46..46",NA,41,2025
"A46..46",3,42,2025
"A46..46",3,43,2025
"A46..46",NA,44,2025
"A46..46",1,45,2025
"A46..46",1,46,2025
"A46..46",NA,47,2025
"A46..46",2,48,2025
"A46..46",3,49,2025
"A46..46",NA,50,2025
"A46..46",1,51,2025
"A46..46",NA,52,2025
"A47..47",3,1,2025
"A47..47",3,2,2025
"A47..47",NA,3,2025
"A47..47",2,4,2025
"A47..47",3,5,2025
"A47..47",2,6,2025
"A47..47",3,7,2025
"A47..47",4,8,2025
"A47..47",3,9,2025
"A47..47",3,10,2025
"A47..47",3,11,2025
"A47..47",3,12,2025
"A47..47",1,13,2025
"A47..47",2,14,2025
"A47..47",4,15,2025
"A47..47",NA,16,2025
"A47..47",NA,17,2025
"A47..47",3,18,2025
"A47..47",1,19,2025
"A47..47",NA,20,2025
"A47..47",NA,21,2025
"A47..47",4,22,2025
"A47..47",NA,23,2025
"A47..47",1,24,2025
"A47..47",1,25,2025
"A47..47",2,26,2025
"A47..47",NA,27,2025
"A47..47",1,28,2025
"A47..47",1,29,2025
"A47..47",NA,30,2025
"A47..47",NA,31,2025
"A47..47",NA,32,2025
"A47..47",1,33,2025
"A47..47",1,34,2025
"A47..47",NA,35,2025
"A47..47",NA,36,2025
"A47..47",1,37,2025
"A47..47",NA,38,2025
"A47..47",1,39,2025
"A47..47",NA,40,2025
"A47..47",2,41,2025
"A47..47",1,42,2025
"A47..47",NA,43,2025
"A47..47",1,44,2025
"A47..47",NA,45,2025
"A47..47",2,46,2025
"A47..47",NA,47,2025
"A47..47",1,48,2025
"A47..47",1,49,2025
"A47..47",1,50,2025
"A47..47",2,51,2025
"A47..47",1,52,2025
"A48..48",NA,1,2025
"A48..48",4,2,2025
"A48..48",NA,3,2025
"A48..48",1,4,2025
"A48..48",2,5,2025
"A48..48",4,6,2025
"A48..48",5,7,2025
"A48..48",1,8,2025
"A48..48",9,9,2025
"A48..48",4,10,2025
"A48..48",1,11,2025
"A48..48",3,12,2025
"A48..48",1,13,2025
"A48..48",NA,14,2025
"A48..48",NA,15,2025
"A48..48",1,16,2025
"A48..48",1,17,2025
"A48..48",1,18,2025
"A48..48",1,19,2025
"A48..48",5,20,2025
"A48..48",1,21,2025
"A48..48",2,22,2025
"A48..48",2,23,2025
"A48..48",NA,24,2025
"A48..48",1,25,2025
"A48..48",2,26,2025
"A48..48",2,27,2025
"A48..48",NA,28,2025
"A48..48",2,29,2025
"A48..48",1,30,2025
"A48..48",1,31,2025
"A48..48",1,32,2025
"A48..48",NA,33,2025
"A48..48",NA,34,2025
"A48..48",NA,35,2025
"A48..48",NA,36,2025
"A48..48",1,37,2025
"A48..48",1,38,2025
"A48..48",NA,39,2025
"A48..48",1,40,2025
"A48..48",1,41,2025
"A48..48",NA,42,2025
"A48..48",1,43,2025
"A48..48",1,44,2025
"A48..48",1,45,2025
"A48..48",3,46,2025
"A48..48",2,47,2025
"A48..48",NA,48,2025
"A48..48",NA,49,2025
"A48..48",NA,50,2025
"A48..48",NA,51,2025
"A48..48",1,52,2025
"A49..49",2,1,2025
"A49..49",4,2,2025
"A49..49",3,3,2025
"A49..49",2,4,2025
"A49..49",4,5,2025
"A49..49",2,6,2025
"A49..49",3,7,2025
"A49..49",1,8,2025
"A49..49",1,9,2025
"A49..49",1,10,2025
"A49..49",1,11,2025
"A49..49",1,12,2025
"A49..49",NA,13,2025
"A49..49",NA,14,2025
"A49..49",1,15,2025
"A49..49",1,16,2025
"A49..49",NA,17,2025
"A49..49",4,18,2025
"A49..49",2,19,2025
"A49..49",1,20,2025
"A49..49",NA,21,2025
"A49..49",1,22,2025
"A49..49",NA,23,2025
"A49..49",NA,24,2025
"A49..49",NA,25,2025
"A49..49",NA,26,2025
"A49..49",2,27,2025
"A49..49",1,28,2025
"A49..49",1,29,2025
"A49..49",NA,30,2025
"A49..49",NA,31,2025
"A49..49",1,32,2025
"A49..49",NA,33,2025
"A49..49",NA,34,2025
"A49..49",2,35,2025
"A49..49",2,36,2025
"A49..49",NA,37,2025
"A49..49",NA,38,2025
"A49..49",1,39,2025
"A49..49",NA,40,2025
"A49..49",NA,41,2025
"A49..49",2,42,2025
"A49..49",1,43,2025
"A49..49",2,44,2025
"A49..49",2,45,2025
"A49..49",2,46,2025
"A49..49",1,47,2025
"A49..49",2,48,2025
"A49..49",NA,49,2025
"A49..49",3,50,2025
"A49..49",1,51,2025
"A49..49",1,52,2025
"A50..50",NA,1,2025
"A50..50",3,2,2025
"A50..50",NA,3,2025
"A50..50",3,4,2025
"A50..50",5,5,2025
"A50..50",2,6,2025
"A50..50",1,7,2025
"A50..50",5,8,2025
"A50..50",6,9,2025
"A50..50",3,10,2025
"A50..50",6,11,2025
"A50..50",1,12,2025
"A50..50",NA,13,2025
"A50..50",4,14,2025
"A50..50",1,15,2025
"A50..50",1,16,2025
"A50..50",NA,17,2025
"A50..50",2,18,2025
"A50..50",1,19,2025
"A50..50",2,20,2025
"A50..50",NA,21,2025
"A50..50",1,22,2025
"A50..50",2,23,2025
"A50..50",1,24,2025
"A50..50",2,25,2025
"A50..50",NA,26,2025
"A50..50",1,27,2025
"A50..50",NA,28,2025
"A50..50",1,29,2025
"A50..50",NA,30,2025
"A50..50",1,31,2025
"A50..50",1,32,2025
"A50..50",2,33,2025
"A50..50",NA,34,2025
"A50..50",1,35,2025
"A50..50",NA,36,2025
"A50..50",NA,37,2025
"A50..50",1,38,2025
"A50..50",NA,39,2025
"A50..50",1,40,2025
"A50..50",2,41,2025
"A50..50",2,42,2025
"A50..50",2,43,2025
"A50..50",3,44,2025
"A50..50",1,45,2025
"A50..50",NA,46,2025
"A50..50",NA,47,2025
"A50..50",NA,48,2025
"A50..50",5,49,2025
"A50..50",3,50,2025
"A50..50",2,51,2025
"A50..50",NA,52,2025
"A51..51",2,1,2025
"A51..51",1,2,2025
"A51..51",2,3,2025
"A51..51",1,4,2025
"A51..51",2,5,2025
"A51..51",4,6,2025
"A51..51",NA,7,2025
"A51..51",1,8,2025
"A51..51",4,9,2025
"A51..51",1,10,2025
"A51..51",1,11,2025
"A51..51",1,12,2025
"A51..51",2,13,2025
"A51..51",5,14,2025
"A51..51",3,15,2025
"A51..51",3,16,2025
"A51..51",4,17,2025
"A51..51",NA,18,2025
"A51..51",3,19,2025
"A51..51",NA,20,2025
"A51..51",NA,21,2025
"A51..51",4,22,2025
"A51..51",1,23,2025
"A51..51",NA,24,2025
"A51..51",1,25,2025
"A51..51",2,26,2025
"A51..51",1,27,2025
"A51..51",NA,28,2025
"A51..51",NA,29,2025
"A51..51",NA,30,2025
"A51..51",NA,31,2025
"A51..51",NA,32,2025
"A51..51",NA,33,2025
"A51..51",NA,34,2025
"A51..51",1,35,2025
"A51..51",1,36,2025
"A51..51",1,37,2025
"A51..51",1,38,2025
"A51..51",1,39,2025
"A51..51",NA,40,2025
"A51..51",NA,41,2025
"A51..51",1,42,2025
"A51..51",1,43,2025
"A51..51",1,44,2025
"A51..51",1,45,2025
"A51..51",1,46,2025
"A51..51",1,47,2025
"A51..51",NA,48,2025
"A51..51",2,49,2025
"A51..51",1,50,2025
"A51..51",4,51,2025
"A51..51",1,52,2025
"A52..52",4,1,2025
"A52..52",3,2,2025
"A52..52",3,3,2025
"A52..52",1,4,2025
"A52..52",3,5,2025
"A52..52",1,6,2025
"A52..52",7,7,2025
"A52..52",2,8,2025
"A52..52",1,9,2025
"A52..52",3,10,2025
"A52..52",3,11,2025
"A52..52",2,12,2025
"A52..52",4,13,2025
"A52..52",1,14,2025
"A52..52",3,15,2025
"A52..52",1,16,2025
"A52..52",3,17,2025
"A52..52",1,18,2025
"A52..52",NA,19,2025
"A52..52",NA,20,2025
"A52..52",1,21,2025
"A52..52",NA,22,2025
"A52..52",1,23,2025
"A52..52",2,24,2025
"A52..52",5,25,2025
"A52..52",3,26,2025
"A52..52",NA,27,2025
"A52..52",NA,28,2025
"A52..52",2,29,2025
"A52..52",1,30,2025
"A52..52",NA,31,2025
"A52..52",3,32,2025
"A52..52",NA,33,2025
"A52..52",1,34,2025
"A52..52",2,35,2025
"A52..52",NA,36,2025
"A52..52",NA,37,2025
"A52..52",NA,38,2025
"A52..52",2,39,2025
"A52..52",NA,40,2025
"A52..52",NA,41,2025
"A52..52",NA,42,2025
"A52..52",NA,43,2025
"A52..52",3,44,2025
"A52..52",1,45,2025
"A52..52",2,46,2025
"A52..52",NA,47,2025
"A52..52",2,48,2025
"A52..52",1,49,2025
"A52..52",NA,50,2025
"A52..52",2,51,2025
"A52..52",NA,52,2025
"A53..53",2,1,2025
"A53..53",NA,2,2025
"A53..53",1,3,2025
"A53..53",3,4,2025
"A53..53",2,5,2025
"A53..53",3,6,2025
"A53..53",2,7,2025
"A53..53",2,8,2025
"A53..53",9,9,2025
"A53..53",7,10,2025
"A53..53",6,11,2025
"A53..53",7,12,2025
"A53..53",4,13,2025
"A53..53",1,14,2025
"A53..53",2,15,2025
"A53..53",1,16,2025
"A53..53",1,17,2025
"A53..53",1,18,2025
"A53..53",1,19,2025
"A53..53",NA,20,2025
"A53..53",2,21,2025
"A53..53",2,22,2025
"A53..53",NA,23,2025
"A53..53",1,24,2025
"A53..53",3,25,2025
"A53..53",NA,26,2025
"A53..53",1,27,2025
"A53..53",NA,28,2025
"A53..53",1,29,2025
"A53..53",1,30,2025
"A53..53",1,31,2025
"A53..53",NA,32,2025
"A53..53",NA,33,2025
"A53..53",3,34,2025
"A53..53",1,35,2025
"A53..53",NA,36,2025
"A53..53",1,37,2025
"A53..53",1,38,2025
"A53..53",3,39,2025
"A53..53",1,40,2025
"A53..53",1,41,2025
"A53..53",1,42,2025
"A53..53",5,43,2025
"A53..53",NA,44,2025
"A53..53",NA,45,2025
"A53..53",1,46,2025
"A53..53",1,47,2025
"A53..53",3,48,2025
"A53..53",3,49,2025
"A53..53",4,50,2025
"A53..53",1,51,2025
"A53..53",2,52,2025
"A54..54",3,1,2025
"A54..54",5,2,2025
"A54..54",3,3,2025
"A54..54",5,4,2025
"A54..54",2,5,2025
"A54..54",NA,6,2025
"A54..54",4,7,2025
"A54..54",3,8,2025
"A54..54",2,9,2025
"A54..54",4,10,2025
"A54..54",2,11,2025
"A54..54",3,12,2025
"A54..54",4,13,2025
"A54..54",2,14,2025
"A54..54",6,15,2025
"A54..54",2,16,2025
"A54..54",3,17,2025
"A54..54",1,18,2025
"A54..54",6,19,2025
"A54..54",1,20,2025
"A54..54",4,21,2025
"A54..54",2,22,2025
"A54..54",1,23,2025
"A54..54",4,24,2025
"A54..54",2,25,2025
"A54..54",1,26,2025
"A54..54",3,27,2025
"A54..54",1,28,2025
"A54..54",5,29,2025
"A54..54",NA,30,2025
"A54..54",NA,31,2025
"A54..54",1,32,2025
"A54..54",1,33,2025
"A54..54",NA,34,2025
"A54..54",1,35,2025
"A54..54",NA,36,2025
"A54..54",1,37,2025
"A54..54",1,38,2025
"A54..54",NA,39,2025
"A54..54",1,40,2025
"A54..54",1,41,2025
"A54..54",1,42,2025
"A54..54",2,43,2025
"A54..54",NA,44,2025
"A54..54",1,45,2025
"A54..54",1,46,2025
"A54..54",2,47,2025
"A54..54",1,48,2025
"A54..54",1,49,2025
"A54..54",4,50,2025
"A54..54",7,51,2025
"A54..54",2,52,2025
"A55..55",3,1,2025
"A55..55",5,2,2025
"A55..55",3,3,2025
"A55..55",4,4,2025
"A55..55",1,5,2025
"A55..55",3,6,2025
"A55..55",7,7,2025
"A55..55",3,8,2025
"A55..55",6,9,2025
"A55..55",4,10,2025
"A55..55",4,11,2025
"A55..55",6,12,2025
"A55..55",1,13,2025
"A55..55",3,14,2025
"A55..55",4,15,2025
"A55..55",4,16,2025
"A55..55",3,17,2025
"A55..55",3,18,2025
"A55..55",3,19,2025
"A55..55",1,20,2025
"A55..55",5,21,2025
"A55..55",4,22,2025
"A55..55",2,23,2025
"A55..55",4,24,2025
"A55..55",2,25,2025
"A55..55",2,26,2025
"A55..55",2,27,2025
"A55..55",NA,28,2025
"A55..55",3,29,2025
"A55..55",NA,30,2025
"A55..55",3,31,2025
"A55..55",1,32,2025
"A55..55",2,33,2025
"A55..55",NA,34,2025
"A55..55",NA,35,2025
"A55..55",2,36,2025
"A55..55",1,37,2025
"A55..55",2,38,2025
"A55..55",NA,39,2025
"A55..55",2,40,2025
"A55..55",NA,41,2025
"A55..55",4,42,2025
"A55..55",3,43,2025
"A55..55",1,44,2025
"A55..55",4,45,2025
"A55..55",4,46,2025
"A55..55",3,47,2025
"A55..55",1,48,2025
"A55..55",1,49,2025
"A55..55",5,50,2025
"A55..55",1,51,2025
"A55..55",2,52,2025
"A56..56",5,1,2025
"A56..56",4,2,2025
"A56..56",2,3,2025
"A56..56",3,4,2025
"A56..56",3,5,2025
"A56..56",4,6,2025
"A56..56",3,7,2025
"A56..56",5,8,2025
"A56..56",2,9,2025
"A56..56",7,10,2025
"A56..56",5,11,2025
"A56..56",9,12,2025
"A56..56",4,13,2025
"A56..56",1,14,2025
"A56..56",5,15,2025
"A56..56",5,16,2025
"A56..56",4,17,2025
"A56..56",5,18,2025
"A56..56",3,19,2025
"A56..56",2,20,2025
"A56..56",4,21,2025
"A56..56",2,22,2025
"A56..56",1,23,2025
"A56..56",2,24,2025
"A56..56",1,25,2025
"A56..56",1,26,2025
"A56..56",NA,27,2025
"A56..56",3,28,2025
"A56..56",1,29,2025
"A56..56",1,30,2025
"A56..56",1,31,2025
"A56..56",1,32,2025
"A56..56",2,33,2025
"A56..56",3,34,2025
"A56..56",1,35,2025
"A56..56",2,36,2025
"A56..56",1,37,2025
"A56..56",1,38,2025
"A56..56",2,39,2025
"A56..56",1,40,2025
"A56..56",4,41,2025
"A56..56",3,42,2025
"A56..56",1,43,2025
"A56..56",2,44,2025
"A56..56",NA,45,2025
"A56..56",4,46,2025
"A56..56",2,47,2025
"A56..56",NA,48,2025
"A56..56",NA,49,2025
"A56..56",2,50,2025
"A56..56",2,51,2025
"A56..56",1,52,2025
"A57..57",6,1,2025
"A57..57",3,2,2025
"A57..57",3,3,2025
"A57..57",1,4,2025
"A57..57",4,5,2025
"A57..57",9,6,2025
"A57..57",8,7,2025
"A57..57",6,8,2025
"A57..57",6,9,2025
"A57..57",3,10,2025
"A57..57",7,11,2025
"A57..57",5,12,2025
"A57..57",5,13,2025
"A57..57",3,14,2025
"A57..57",6,15,2025
"A57..57",1,16,2025
"A57..57",3,17,2025
"A57..57",2,18,2025
"A57..57",4,19,2025
"A57..57",1,20,2025
"A57..57",5,21,2025
"A57..57",2,22,2025
"A57..57",4,23,2025
"A57..57",NA,24,2025
"A57..57",NA,25,2025
"A57..57",3,26,2025
"A57..57",2,27,2025
"A57..57",NA,28,2025
"A57..57",1,29,2025
"A57..57",2,30,2025
"A57..57",1,31,2025
"A57..57",2,32,2025
"A57..57",2,33,2025
"A57..57",1,34,2025
"A57..57",1,35,2025
"A57..57",NA,36,2025
"A57..57",2,37,2025
"A57..57",4,38,2025
"A57..57",2,39,2025
"A57..57",2,40,2025
"A57..57",1,41,2025
"A57..57",6,42,2025
"A57..57",2,43,2025
"A57..57",2,44,2025
"A57..57",1,45,2025
"A57..57",NA,46,2025
"A57..57",3,47,2025
"A57..57",5,48,2025
"A57..57",3,49,2025
"A57..57",1,50,2025
"A57..57",3,51,2025
"A57..57",2,52,2025
"A58..58",8,1,2025
"A58..58",6,2,2025
"A58..58",5,3,2025
"A58..58",3,4,2025
"A58..58",2,5,2025
"A58..58",10,6,2025
"A58..58",8,7,2025
"A58..58",6,8,2025
"A58..58",10,9,2025
"A58..58",3,10,2025
"A58..58",9,11,2025
"A58..58",6,12,2025
"A58..58",5,13,2025
"A58..58",1,14,2025
"A58..58",1,15,2025
"A58..58",4,16,2025
"A58..58",5,17,2025
"A58..58",3,18,2025
"A58..58",5,19,2025
"A58..58",6,20,2025
"A58..58",2,21,2025
"A58..58",2,22,2025
"A58..58",4,23,2025
"A58..58",6,24,2025
"A58..58",4,25,2025
"A58..58",3,26,2025
"A58..58",4,27,2025
"A58..58",1,28,2025
"A58..58",2,29,2025
"A58..58",3,30,2025
"A58..58",3,31,2025
"A58..58",NA,32,2025
"A58..58",2,33,2025
"A58..58",2,34,2025
"A58..58",1,35,2025
"A58..58",1,36,2025
"A58..58",1,37,2025
"A58..58",1,38,2025
"A58..58",NA,39,2025
"A58..58",1,40,2025
"A58..58",NA,41,2025
"A58..58",4,42,2025
"A58..58",4,43,2025
"A58..58",2,44,2025
"A58..58",5,45,2025
"A58..58",3,46,2025
"A58..58",5,47,2025
"A58..58",3,48,2025
"A58..58",1,49,2025
"A58..58",2,50,2025
"A58..58",5,51,2025
"A58..58",NA,52,2025
"A59..59",8,1,2025
"A59..59",6,2,2025
"A59..59",7,3,2025
"A59..59",5,4,2025
"A59..59",6,5,2025
"A59..59",10,6,2025
"A59..59",8,7,2025
"A59..59",11,8,2025
"A59..59",7,9,2025
"A59..59",5,10,2025
"A59..59",6,11,2025
"A59..59",5,12,2025
"A59..59",7,13,2025
"A59..59",8,14,2025
"A59..59",5,15,2025
"A59..59",2,16,2025
"A59..59",2,17,2025
"A59..59",3,18,2025
"A59..59",3,19,2025
"A59..59",3,20,2025
"A59..59",6,21,2025
"A59..59",7,22,2025
"A59..59",2,23,2025
"A59..59",1,24,2025
"A59..59",4,25,2025
"A59..59",2,26,2025
"A59..59",4,27,2025
"A59..59",3,28,2025
"A59..59",2,29,2025
"A59..59",3,30,2025
"A59..59",2,31,2025
"A59..59",NA,32,2025
"A59..59",6,33,2025
"A59..59",3,34,2025
"A59..59",1,35,2025
"A59..59",3,36,2025
"A59..59",4,37,2025
"A59..59",NA,38,2025
"A59..59",2,39,2025
"A59..59",3,40,2025
"A59..59",2,41,2025
"A59..59",1,42,2025
"A59..59",2,43,2025
"A59..59",1,44,2025
"A59..59",3,45,2025
"A59..59",2,46,2025
"A59..59",5,47,2025
"A59..59",4,48,2025
"A59..59",1,49,2025
"A59..59",1,50,2025
"A59..59",2,51,2025
"A59..59",6,52,2025
"A60..60",5,1,2025
"A60..60",10,2,2025
"A60..60",4,3,2025
"A60..60",4,4,2025
"A60..60",3,5,2025
"A60..60",10,6,2025
"A60..60",13,7,2025
"A60..60",9,8,2025
"A60..60",9,9,2025
"A60..60",9,10,2025
"A60..60",5,11,2025
"A60..60",10,12,2025
"A60..60",7,13,2025
"A60..60",2,14,2025
"A60..60",4,15,2025
"A60..60",7,16,2025
"A60..60",6,17,2025
"A60..60",2,18,2025
"A60..60",3,19,2025
"A60..60",4,20,2025
"A60..60",2,21,2025
"A60..60",1,22,2025
"A60..60",12,23,2025
"A60..60",1,24,2025
"A60..60",1,25,2025
"A60..60",4,26,2025
"A60..60",2,27,2025
"A60..60",1,28,2025
"A60..60",NA,29,2025
"A60..60",1,30,2025
"A60..60",1,31,2025
"A60..60",NA,32,2025
"A60..60",2,33,2025
"A60..60",1,34,2025
"A60..60",3,35,2025
"A60..60",2,36,2025
"A60..60",NA,37,2025
"A60..60",5,38,2025
"A60..60",2,39,2025
"A60..60",1,40,2025
"A60..60",2,41,2025
"A60..60",5,42,2025
"A60..60",3,43,2025
"A60..60",3,44,2025
"A60..60",3,45,2025
"A60..60",2,46,2025
"A60..60",3,47,2025
"A60..60",5,48,2025
"A60..60",4,49,2025
"A60..60",2,50,2025
"A60..60",2,51,2025
"A60..60",3,52,2025
"A61..61",10,1,2025
"A61..61",2,2,2025
"A61..61",4,3,2025
"A61..61",5,4,2025
"A61..61",8,5,2025
"A61..61",8,6,2025
"A61..61",11,7,2025
"A61..61",10,8,2025
"A61..61",10,9,2025
"A61..61",4,10,2025
"A61..61",7,11,2025
"A61..61",2,12,2025
"A61..61",6,13,2025
"A61..61",8,14,2025
"A61..61",11,15,2025
"A61..61",6,16,2025
"A61..61",4,17,2025
"A61..61",4,18,2025
"A61..61",5,19,2025
"A61..61",6,20,2025
"A61..61",5,21,2025
"A61..61",4,22,2025
"A61..61",4,23,2025
"A61..61",5,24,2025
"A61..61",1,25,2025
"A61..61",2,26,2025
"A61..61",1,27,2025
"A61..61",1,28,2025
"A61..61",1,29,2025
"A61..61",1,30,2025
"A61..61",1,31,2025
"A61..61",1,32,2025
"A61..61",1,33,2025
"A61..61",2,34,2025
"A61..61",1,35,2025
"A61..61",3,36,2025
"A61..61",2,37,2025
"A61..61",2,38,2025
"A61..61",1,39,2025
"A61..61",4,40,2025
"A61..61",5,41,2025
"A61..61",4,42,2025
"A61..61",2,43,2025
"A61..61",4,44,2025
"A61..61",7,45,2025
"A61..61",6,46,2025
"A61..61",4,47,2025
"A61..61",2,48,2025
"A61..61",5,49,2025
"A61..61",9,50,2025
"A61..61",3,51,2025
"A61..61",3,52,2025
"A62..62",7,1,2025
"A62..62",3,2,2025
"A62..62",2,3,2025
"A62..62",11,4,2025
"A62..62",5,5,2025
"A62..62",7,6,2025
"A62..62",6,7,2025
"A62..62",10,8,2025
"A62..62",7,9,2025
"A62..62",7,10,2025
"A62..62",13,11,2025
"A62..62",14,12,2025
"A62..62",11,13,2025
"A62..62",9,14,2025
"A62..62",6,15,2025
"A62..62",6,16,2025
"A62..62",7,17,2025
"A62..62",3,18,2025
"A62..62",4,19,2025
"A62..62",4,20,2025
"A62..62",5,21,2025
"A62..62",1,22,2025
"A62..62",4,23,2025
"A62..62",2,24,2025
"A62..62",6,25,2025
"A62..62",1,26,2025
"A62..62",NA,27,2025
"A62..62",1,28,2025
"A62..62",1,29,2025
"A62..62",2,30,2025
"A62..62",NA,31,2025
"A62..62",1,32,2025
"A62..62",NA,33,2025
"A62..62",3,34,2025
"A62..62",2,35,2025
"A62..62",1,36,2025
"A62..62",4,37,2025
"A62..62",1,38,2025
"A62..62",1,39,2025
"A62..62",1,40,2025
"A62..62",3,41,2025
"A62..62",3,42,2025
"A62..62",1,43,2025
"A62..62",3,44,2025
"A62..62",8,45,2025
"A62..62",4,46,2025
"A62..62",2,47,2025
"A62..62",3,48,2025
"A62..62",2,49,2025
"A62..62",2,50,2025
"A62..62",3,51,2025
"A62..62",3,52,2025
"A63..63",6,1,2025
"A63..63",12,2,2025
"A63..63",5,3,2025
"A63..63",6,4,2025
"A63..63",7,5,2025
"A63..63",15,6,2025
"A63..63",18,7,2025
"A63..63",5,8,2025
"A63..63",10,9,2025
"A63..63",7,10,2025
"A63..63",13,11,2025
"A63..63",7,12,2025
"A63..63",6,13,2025
"A63..63",7,14,2025
"A63..63",5,15,2025
"A63..63",6,16,2025
"A63..63",5,17,2025
"A63..63",8,18,2025
"A63..63",4,19,2025
"A63..63",1,20,2025
"A63..63",3,21,2025
"A63..63",6,22,2025
"A63..63",6,23,2025
"A63..63",4,24,2025
"A63..63",3,25,2025
"A63..63",2,26,2025
"A63..63",4,27,2025
"A63..63",4,28,2025
"A63..63",5,29,2025
"A63..63",4,30,2025
"A63..63",1,31,2025
"A63..63",1,32,2025
"A63..63",2,33,2025
"A63..63",2,34,2025
"A63..63",2,35,2025
"A63..63",NA,36,2025
"A63..63",2,37,2025
"A63..63",5,38,2025
"A63..63",2,39,2025
"A63..63",NA,40,2025
"A63..63",5,41,2025
"A63..63",6,42,2025
"A63..63",4,43,2025
"A63..63",1,44,2025
"A63..63",2,45,2025
"A63..63",7,46,2025
"A63..63",8,47,2025
"A63..63",2,48,2025
"A63..63",2,49,2025
"A63..63",2,50,2025
"A63..63",5,51,2025
"A63..63",6,52,2025
"A64..64",9,1,2025
"A64..64",15,2,2025
"A64..64",6,3,2025
"A64..64",3,4,2025
"A64..64",6,5,2025
"A64..64",10,6,2025
"A64..64",9,7,2025
"A64..64",10,8,2025
"A64..64",11,9,2025
"A64..64",6,10,2025
"A64..64",10,11,2025
"A64..64",7,12,2025
"A64..64",6,13,2025
"A64..64",6,14,2025
"A64..64",8,15,2025
"A64..64",4,16,2025
"A64..64",4,17,2025
"A64..64",5,18,2025
"A64..64",2,19,2025
"A64..64",3,20,2025
"A64..64",2,21,2025
"A64..64",5,22,2025
"A64..64",7,23,2025
"A64..64",4,24,2025
"A64..64",2,25,2025
"A64..64",2,26,2025
"A64..64",2,27,2025
"A64..64",3,28,2025
"A64..64",4,29,2025
"A64..64",1,30,2025
"A64..64",1,31,2025
"A64..64",4,32,2025
"A64..64",4,33,2025
"A64..64",1,34,2025
"A64..64",3,35,2025
"A64..64",4,36,2025
"A64..64",4,37,2025
"A64..64",1,38,2025
"A64..64",2,39,2025
"A64..64",NA,40,2025
"A64..64",2,41,2025
"A64..64",4,42,2025
"A64..64",3,43,2025
"A64..64",6,44,2025
"A64..64",1,45,2025
"A64..64",3,46,2025
"A64..64",3,47,2025
"A64..64",3,48,2025
"A64..64",2,49,2025
"A64..64",6,50,2025
"A64..64",6,51,2025
"A64..64",2,52,2025
"A65..65",15,1,2025
"A65..65",8,2,2025
"A65..65",7,3,2025
"A65..65",4,4,2025
"A65..65",9,5,2025
"A65..65",8,6,2025
"A65..65",9,7,2025
"A65..65",10,8,2025
"A65..65",7,9,2025
"A65..65",6,10,2025
"A65..65",14,11,2025
"A65..65",5,12,2025
"A65..65",7,13,2025
"A65..65",10,14,2025
"A65..65",3,15,2025
"A65..65",5,16,2025
"A65..65",9,17,2025
"A65..65",6,18,2025
"A65..65",1,19,2025
"A65..65",2,20,2025
"A65..65",2,21,2025
"A65..65",3,22,2025
"A65..65",3,23,2025
"A65..65",5,24,2025
"A65..65",4,25,2025
"A65..65",4,26,2025
"A65..65",2,27,2025
"A65..65",2,28,2025
"A65..65",1,29,2025
"A65..65",3,30,2025
"A65..65",3,31,2025
"A65..65",3,32,2025
"A65..65",2,33,2025
"A65..65",4,34,2025
"A65..65",1,35,2025
"A65..65",1,36,2025
"A65..65",1,37,2025
"A65..65",1,38,2025
"A65..65",2,39,2025
"A65..65",4,40,2025
"A65..65",1,41,2025
"A65..65",6,42,2025
"A65..65",1,43,2025
"A65..65",2,44,2025
"A65..65",3,45,2025
"A65..65",4,46,2025
"A65..65",3,47,2025
"A65..65",7,48,2025
"A65..65",5,49,2025
"A65..65",7,50,2025
"A65..65",5,51,2025
"A65..65",4,52,2025
"A66..66",6,1,2025
"A66..66",8,2,2025
"A66..66",4,3,2025
"A66..66",4,4,2025
"A66..66",10,5,2025
"A66..66",14,6,2025
"A66..66",13,7,2025
"A66..66",12,8,2025
"A66..66",9,9,2025
"A66..66",5,10,2025
"A66..66",12,11,2025
"A66..66",8,12,2025
"A66..66",12,13,2025
"A66..66",6,14,2025
"A66..66",12,15,2025
"A66..66",14,16,2025
"A66..66",7,17,2025
"A66..66",6,18,2025
"A66..66",7,19,2025
"A66..66",7,20,2025
"A66..66",6,21,2025
"A66..66",4,22,2025
"A66..66",8,23,2025
"A66..66",4,24,2025
"A66..66",4,25,2025
"A66..66",2,26,2025
"A66..66",1,27,2025
"A66..66",1,28,2025
"A66..66",2,29,2025
"A66..66",1,30,2025
"A66..66",4,31,2025
"A66..66",1,32,2025
"A66..66",NA,33,2025
"A66..66",1,34,2025
"A66..66",NA,35,2025
"A66..66",3,36,2025
"A66..66",3,37,2025
"A66..66",6,38,2025
"A66..66",4,39,2025
"A66..66",1,40,2025
"A66..66",3,41,2025
"A66..66",4,42,2025
"A66..66",8,43,2025
"A66..66",4,44,2025
"A66..66",7,45,2025
"A66..66",2,46,2025
"A66..66",4,47,2025
"A66..66",1,48,2025
"A66..66",4,49,2025
"A66..66",3,50,2025
"A66..66",4,51,2025
"A66..66",2,52,2025
"A67..67",9,1,2025
"A67..67",12,2,2025
"A67..67",10,3,2025
"A67..67",2,4,2025
"A67..67",8,5,2025
"A67..67",4,6,2025
"A67..67",8,7,2025
"A67..67",8,8,2025
"A67..67",9,9,2025
"A67..67",8,10,2025
"A67..67",6,11,2025
"A67..67",6,12,2025
"A67..67",3,13,2025
"A67..67",5,14,2025
"A67..67",15,15,2025
"A67..67",6,16,2025
"A67..67",7,17,2025
"A67..67",10,18,2025
"A67..67",5,19,2025
"A67..67",5,20,2025
"A67..67",4,21,2025
"A67..67",10,22,2025
"A67..67",8,23,2025
"A67..67",4,24,2025
"A67..67",1,25,2025
"A67..67",1,26,2025
"A67..67",1,27,2025
"A67..67",3,28,2025
"A67..67",2,29,2025
"A67..67",2,30,2025
"A67..67",4,31,2025
"A67..67",1,32,2025
"A67..67",2,33,2025
"A67..67",2,34,2025
"A67..67",2,35,2025
"A67..67",1,36,2025
"A67..67",4,37,2025
"A67..67",4,38,2025
"A67..67",4,39,2025
"A67..67",1,40,2025
"A67..67",2,41,2025
"A67..67",8,42,2025
"A67..67",4,43,2025
"A67..67",1,44,2025
"A67..67",NA,45,2025
"A67..67",3,46,2025
"A67..67",4,47,2025
"A67..67",2,48,2025
"A67..67",3,49,2025
"A67..67",7,50,2025
"A67..67",9,51,2025
"A67..67",2,52,2025
"A68..68",5,1,2025
"A68..68",7,2,2025
"A68..68",5,3,2025
"A68..68",7,4,2025
"A68..68",6,5,2025
"A68..68",9,6,2025
"A68..68",10,7,2025
"A68..68",9,8,2025
"A68..68",19,9,2025
"A68..68",10,10,2025
"A68..68",3,11,2025
"A68..68",5,12,2025
"A68..68",8,13,2025
"A68..68",9,14,2025
"A68..68",9,15,2025
"A68..68",12,16,2025
"A68..68",7,17,2025
"A68..68",7,18,2025
"A68..68",3,19,2025
"A68..68",2,20,2025
"A68..68",1,21,2025
"A68..68",5,22,2025
"A68..68",7,23,2025
"A68..68",2,24,2025
"A68..68",5,25,2025
"A68..68",2,26,2025
"A68..68",5,27,2025
"A68..68",1,28,2025
"A68..68",4,29,2025
"A68..68",1,30,2025
"A68..68",1,31,2025
"A68..68",2,32,2025
"A68..68",2,33,2025
"A68..68",1,34,2025
"A68..68",2,35,2025
"A68..68",2,36,2025
"A68..68",1,37,2025
"A68..68",5,38,2025
"A68..68",1,39,2025
"A68..68",4,40,2025
"A68..68",2,41,2025
"A68..68",7,42,2025
"A68..68",3,43,2025
"A68..68",4,44,2025
"A68..68",7,45,2025
"A68..68",6,46,2025
"A68..68",3,47,2025
"A68..68",3,48,2025
"A68..68",4,49,2025
"A68..68",6,50,2025
"A68..68",5,51,2025
"A68..68",3,52,2025
"A69..69",12,1,2025
"A69..69",13,2,2025
"A69..69",5,3,2025
"A69..69",8,4,2025
"A69..69",8,5,2025
"A69..69",7,6,2025
"A69..69",6,7,2025
"A69..69",5,8,2025
"A69..69",15,9,2025
"A69..69",10,10,2025
"A69..69",11,11,2025
"A69..69",4,12,2025
"A69..69",9,13,2025
"A69..69",7,14,2025
"A69..69",9,15,2025
"A69..69",10,16,2025
"A69..69",16,17,2025
"A69..69",5,18,2025
"A69..69",7,19,2025
"A69..69",6,20,2025
"A69..69",4,21,2025
"A69..69",3,22,2025
"A69..69",8,23,2025
"A69..69",5,24,2025
"A69..69",5,25,2025
"A69..69",4,26,2025
"A69..69",4,27,2025
"A69..69",2,28,2025
"A69..69",NA,29,2025
"A69..69",NA,30,2025
"A69..69",3,31,2025
"A69..69",NA,32,2025
"A69..69",3,33,2025
"A69..69",6,34,2025
"A69..69",2,35,2025
"A69..69",NA,36,2025
"A69..69",2,37,2025
"A69..69",2,38,2025
"A69..69",4,39,2025
"A69..69",2,40,2025
"A69..69",3,41,2025
"A69..69",3,42,2025
"A69..69",4,43,2025
"A69..69",6,44,2025
"A69..69",2,45,2025
"A69..69",1,46,2025
"A69..69",4,47,2025
"A69..69",5,48,2025
"A69..69",4,49,2025
"A69..69",6,50,2025
"A69..69",6,51,2025
"A69..69",2,52,2025
"A70..70",10,1,2025
"A70..70",8,2,2025
"A70..70",8,3,2025
"A70..70",1,4,2025
"A70..70",8,5,2025
"A70..70",8,6,2025
"A70..70",8,7,2025
"A70..70",8,8,2025
"A70..70",11,9,2025
"A70..70",6,10,2025
"A70..70",8,11,2025
"A70..70",9,12,2025
"A70..70",5,13,2025
"A70..70",7,14,2025
"A70..70",4,15,2025
"A70..70",6,16,2025
"A70..70",6,17,2025
"A70..70",6,18,2025
"A70..70",2,19,2025
"A70..70",3,20,2025
"A70..70",6,21,2025
"A70..70",4,22,2025
"A70..70",3,23,2025
"A70..70",5,24,2025
"A70..70",4,25,2025
"A70..70",4,26,2025
"A70..70",NA,27,2025
"A70..70",5,28,2025
"A70..70",1,29,2025
"A70..70",3,30,2025
"A70..70",2,31,2025
"A70..70",2,32,2025
"A70..70",2,33,2025
"A70..70",1,34,2025
"A70..70",1,35,2025
"A70..70",3,36,2025
"A70..70",3,37,2025
"A70..70",1,38,2025
"A70..70",1,39,2025
"A70..70",4,40,2025
"A70..70",2,41,2025
"A70..70",4,42,2025
"A70..70",2,43,2025
"A70..70",3,44,2025
"A70..70",2,45,2025
"A70..70",5,46,2025
"A70..70",3,47,2025
"A70..70",3,48,2025
"A70..70",5,49,2025
"A70..70",4,50,2025
"A70..70",9,51,2025
"A70..70",3,52,2025
"A71..71",9,1,2025
"A71..71",16,2,2025
"A71..71",5,3,2025
"A71..71",5,4,2025
"A71..71",7,5,2025
"A71..71",3,6,2025
"A71..71",14,7,2025
"A71..71",13,8,2025
"A71..71",12,9,2025
"A71..71",10,10,2025
"A71..71",7,11,2025
"A71..71",7,12,2025
"A71..71",9,13,2025
"A71..71",9,14,2025
"A71..71",4,15,2025
"A71..71",8,16,2025
"A71..71",5,17,2025
"A71..71",6,18,2025
"A71..71",6,19,2025
"A71..71",7,20,2025
"A71..71",6,21,2025
"A71..71",1,22,2025
"A71..71",3,23,2025
"A71..71",4,24,2025
"A71..71",2,25,2025
"A71..71",3,26,2025
"A71..71",2,27,2025
"A71..71",2,28,2025
"A71..71",2,29,2025
"A71..71",3,30,2025
"A71..71",2,31,2025
"A71..71",2,32,2025
"A71..71",1,33,2025
"A71..71",1,34,2025
"A71..71",1,35,2025
"A71..71",5,36,2025
"A71..71",NA,37,2025
"A71..71",3,38,2025
"A71..71",2,39,2025
"A71..71",1,40,2025
"A71..71",3,41,2025
"A71..71",3,42,2025
"A71..71",3,43,2025
"A71..71",5,44,2025
"A71..71",4,45,2025
"A71..71",8,46,2025
"A71..71",3,47,2025
"A71..71",5,48,2025
"A71..71",5,49,2025
"A71..71",3,50,2025
"A71..71",4,51,2025
"A71..71",2,52,2025
"A72..72",5,1,2025
"A72..72",11,2,2025
"A72..72",5,3,2025
"A72..72",6,4,2025
"A72..72",12,5,2025
"A72..72",3,6,2025
"A72..72",10,7,2025
"A72..72",9,8,2025
"A72..72",11,9,2025
"A72..72",10,10,2025
"A72..72",7,11,2025
"A72..72",6,12,2025
"A72..72",10,13,2025
"A72..72",3,14,2025
"A72..72",4,15,2025
"A72..72",6,16,2025
"A72..72",10,17,2025
"A72..72",8,18,2025
"A72..72",2,19,2025
"A72..72",4,20,2025
"A72..72",4,21,2025
"A72..72",2,22,2025
"A72..72",9,23,2025
"A72..72",2,24,2025
"A72..72",1,25,2025
"A72..72",3,26,2025
"A72..72",1,27,2025
"A72..72",2,28,2025
"A72..72",NA,29,2025
"A72..72",NA,30,2025
"A72..72",3,31,2025
"A72..72",3,32,2025
"A72..72",1,33,2025
"A72..72",NA,34,2025
"A72..72",1,35,2025
"A72..72",2,36,2025
"A72..72",2,37,2025
"A72..72",2,38,2025
"A72..72",3,39,2025
"A72..72",2,40,2025
"A72..72",1,41,2025
"A72..72",7,42,2025
"A72..72",4,43,2025
"A72..72",7,44,2025
"A72..72",1,45,2025
"A72..72",1,46,2025
"A72..72",4,47,2025
"A72..72",5,48,2025
"A72..72",5,49,2025
"A72..72",5,50,2025
"A72..72",5,51,2025
"A72..72",4,52,2025
"A73..73",6,1,2025
"A73..73",13,2,2025
"A73..73",2,3,2025
"A73..73",3,4,2025
"A73..73",10,5,2025
"A73..73",5,6,2025
"A73..73",10,7,2025
"A73..73",8,8,2025
"A73..73",6,9,2025
"A73..73",10,10,2025
"A73..73",7,11,2025
"A73..73",9,12,2025
"A73..73",13,13,2025
"A73..73",10,14,2025
"A73..73",9,15,2025
"A73..73",6,16,2025
"A73..73",12,17,2025
"A73..73",5,18,2025
"A73..73",6,19,2025
"A73..73",6,20,2025
"A73..73",3,21,2025
"A73..73",4,22,2025
"A73..73",8,23,2025
"A73..73",4,24,2025
"A73..73",5,25,2025
"A73..73",3,26,2025
"A73..73",NA,27,2025
"A73..73",2,28,2025
"A73..73",3,29,2025
"A73..73",1,30,2025
"A73..73",3,31,2025
"A73..73",NA,32,2025
"A73..73",2,33,2025
"A73..73",NA,34,2025
"A73..73",NA,35,2025
"A73..73",NA,36,2025
"A73..73",5,37,2025
"A73..73",5,38,2025
"A73..73",5,39,2025
"A73..73",4,40,2025
"A73..73",5,41,2025
"A73..73",7,42,2025
"A73..73",5,43,2025
"A73..73",2,44,2025
"A73..73",8,45,2025
"A73..73",2,46,2025
"A73..73",2,47,2025
"A73..73",2,48,2025
"A73..73",4,49,2025
"A73..73",5,50,2025
"A73..73",3,51,2025
"A73..73",2,52,2025
"A74..74",7,1,2025
"A74..74",7,2,2025
"A74..74",7,3,2025
"A74..74",3,4,2025
"A74..74",4,5,2025
"A74..74",6,6,2025
"A74..74",7,7,2025
"A74..74",7,8,2025
"A74..74",9,9,2025
"A74..74",6,10,2025
"A74..74",5,11,2025
"A74..74",7,12,2025
"A74..74",8,13,2025
"A74..74",5,14,2025
"A74..74",13,15,2025
"A74..74",6,16,2025
"A74..74",6,17,2025
"A74..74",6,18,2025
"A74..74",6,19,2025
"A74..74",3,20,2025
"A74..74",9,21,2025
"A74..74",2,22,2025
"A74..74",2,23,2025
"A74..74",3,24,2025
"A74..74",1,25,2025
"A74..74",4,26,2025
"A74..74",2,27,2025
"A74..74",NA,28,2025
"A74..74",2,29,2025
"A74..74",5,30,2025
"A74..74",3,31,2025
"A74..74",1,32,2025
"A74..74",4,33,2025
"A74..74",NA,34,2025
"A74..74",3,35,2025
"A74..74",4,36,2025
"A74..74",4,37,2025
"A74..74",2,38,2025
"A74..74",2,39,2025
"A74..74",4,40,2025
"A74..74",8,41,2025
"A74..74",7,42,2025
"A74..74",3,43,2025
"A74..74",2,44,2025
"A74..74",7,45,2025
"A74..74",5,46,2025
"A74..74",2,47,2025
"A74..74",3,48,2025
"A74..74",7,49,2025
"A74..74",7,50,2025
"A74..74",11,51,2025
"A74..74",1,52,2025
"A75..75",11,1,2025
"A75..75",5,2,2025
"A75..75",6,3,2025
"A75..75",1,4,2025
"A75..75",2,5,2025
"A75..75",4,6,2025
"A75..75",4,7,2025
"A75..75",6,8,2025
"A75..75",8,9,2025
"A75..75",8,10,2025
"A75..75",5,11,2025
"A75..75",8,12,2025
"A75..75",6,13,2025
"A75..75",8,14,2025
"A75..75",11,15,2025
"A75..75",9,16,2025
"A75..75",3,17,2025
"A75..75",8,18,2025
"A75..75",1,19,2025
"A75..75",2,20,2025
"A75..75",6,21,2025
"A75..75",6,22,2025
"A75..75",2,23,2025
"A75..75",3,24,2025
"A75..75",2,25,2025
"A75..75",1,26,2025
"A75..75",3,27,2025
"A75..75",NA,28,2025
"A75..75",1,29,2025
"A75..75",3,30,2025
"A75..75",1,31,2025
"A75..75",1,32,2025
"A75..75",2,33,2025
"A75..75",NA,34,2025
"A75..75",2,35,2025
"A75..75",1,36,2025
"A75..75",2,37,2025
"A75..75",2,38,2025
"A75..75",4,39,2025
"A75..75",2,40,2025
"A75..75",3,41,2025
"A75..75",4,42,2025
"A75..75",5,43,2025
"A75..75",3,44,2025
"A75..75",NA,45,2025
"A75..75",3,46,2025
"A75..75",3,47,2025
"A75..75",1,48,2025
"A75..75",5,49,2025
"A75..75",5,50,2025
"A75..75",4,51,2025
"A75..75",5,52,2025
"A76..76",9,1,2025
"A76..76",7,2,2025
"A76..76",4,3,2025
"A76..76",1,4,2025
"A76..76",2,5,2025
"A76..76",11,6,2025
"A76..76",7,7,2025
"A76..76",9,8,2025
"A76..76",10,9,2025
"A76..76",9,10,2025
"A76..76",9,11,2025
"A76..76",5,12,2025
"A76..76",10,13,2025
"A76..76",7,14,2025
"A76..76",3,15,2025
"A76..76",5,16,2025
"A76..76",5,17,2025
"A76..76",9,18,2025
"A76..76",6,19,2025
"A76..76",1,20,2025
"A76..76",5,21,2025
"A76..76",6,22,2025
"A76..76",1,23,2025
"A76..76",2,24,2025
"A76..76",3,25,2025
"A76..76",2,26,2025
"A76..76",2,27,2025
"A76..76",7,28,2025
"A76..76",2,29,2025
"A76..76",2,30,2025
"A76..76",2,31,2025
"A76..76",5,32,2025
"A76..76",1,33,2025
"A76..76",4,34,2025
"A76..76",NA,35,2025
"A76..76",3,36,2025
"A76..76",2,37,2025
"A76..76",6,38,2025
"A76..76",3,39,2025
"A76..76",3,40,2025
"A76..76",7,41,2025
"A76..76",4,42,2025
"A76..76",4,43,2025
"A76..76",4,44,2025
"A76..76",3,45,2025
"A76..76",2,46,2025
"A76..76",4,47,2025
"A76..76",4,48,2025
"A76..76",7,49,2025
"A76..76",4,50,2025
"A76..76",3,51,2025
"A76..76",1,52,2025
"A77..77",11,1,2025
"A77..77",1,2,2025
"A77..77",1,3,2025
"A77..77",5,4,2025
"A77..77",7,5,2025
"A77..77",8,6,2025
"A77..77",10,7,2025
"A77..77",10,8,2025
"A77..77",8,9,2025
"A77..77",9,10,2025
"A77..77",9,11,2025
"A77..77",9,12,2025
"A77..77",8,13,2025
"A77..77",5,14,2025
"A77..77",3,15,2025
"A77..77",7,16,2025
"A77..77",3,17,2025
"A77..77",5,18,2025
"A77..77",5,19,2025
"A77..77",3,20,2025
"A77..77",4,21,2025
"A77..77",4,22,2025
"A77..77",6,23,2025
"A77..77",3,24,2025
"A77..77",2,25,2025
"A77..77",3,26,2025
"A77..77",1,27,2025
"A77..77",2,28,2025
"A77..77",1,29,2025
"A77..77",3,30,2025
"A77..77",1,31,2025
"A77..77",1,32,2025
"A77..77",NA,33,2025
"A77..77",1,34,2025
"A77..77",1,35,2025
"A77..77",2,36,2025
"A77..77",1,37,2025
"A77..77",2,38,2025
"A77..77",1,39,2025
"A77..77",1,40,2025
"A77..77",4,41,2025
"A77..77",6,42,2025
"A77..77",6,43,2025
"A77..77",2,44,2025
"A77..77",10,45,2025
"A77..77",5,46,2025
"A77..77",8,47,2025
"A77..77",4,48,2025
"A77..77",9,49,2025
"A77..77",4,50,2025
"A77..77",7,51,2025
"A77..77",9,52,2025
"A78..78",7,1,2025
"A78..78",8,2,2025
"A78..78",6,3,2025
"A78..78",6,4,2025
"A78..78",4,5,2025
"A78..78",5,6,2025
"A78..78",3,7,2025
"A78..78",2,8,2025
"A78..78",5,9,2025
"A78..78",5,10,2025
"A78..78",7,11,2025
"A78..78",5,12,2025
"A78..78",5,13,2025
"A78..78",7,14,2025
"A78..78",5,15,2025
"A78..78",7,16,2025
"A78..78",9,17,2025
"A78..78",4,18,2025
"A78..78",6,19,2025
"A78..78",NA,20,2025
"A78..78",2,21,2025
"A78..78",2,22,2025
"A78..78",2,23,2025
"A78..78",2,24,2025
"A78..78",6,25,2025
"A78..78",2,26,2025
"A78..78",NA,27,2025
"A78..78",5,28,2025
"A78..78",2,29,2025
"A78..78",1,30,2025
"A78..78",1,31,2025
"A78..78",2,32,2025
"A78..78",NA,33,2025
"A78..78",NA,34,2025
"A78..78",1,35,2025
"A78..78",4,36,2025
"A78..78",2,37,2025
"A78..78",1,38,2025
"A78..78",3,39,2025
"A78..78",4,40,2025
"A78..78",3,41,2025
"A78..78",2,42,2025
"A78..78",3,43,2025
"A78..78",2,44,2025
"A78..78",NA,45,2025
"A78..78",3,46,2025
"A78..78",6,47,2025
"A78..78",3,48,2025
"A78..78",1,49,2025
"A78..78",4,50,2025
"A78..78",6,51,2025
"A78..78",2,52,2025
"A79..79",3,1,2025
"A79..79",5,2,2025
"A79..79",1,3,2025
"A79..79",7,4,2025
"A79..79",NA,5,2025
"A79..79",4,6,2025
"A79..79",6,7,2025
"A79..79",4,8,2025
"A79..79",3,9,2025
"A79..79",3,10,2025
"A79..79",2,11,2025
"A79..79",5,12,2025
"A79..79",5,13,2025
"A79..79",3,14,2025
"A79..79",10,15,2025
"A79..79",3,16,2025
"A79..79",4,17,2025
"A79..79",2,18,2025
"A79..79",NA,19,2025
"A79..79",3,20,2025
"A79..79",1,21,2025
"A79..79",2,22,2025
"A79..79",1,23,2025
"A79..79",4,24,2025
"A79..79",1,25,2025
"A79..79",3,26,2025
"A79..79",NA,27,2025
"A79..79",1,28,2025
"A79..79",2,29,2025
"A79..79",2,30,2025
"A79..79",1,31,2025
"A79..79",3,32,2025
"A79..79",1,33,2025
"A79..79",1,34,2025
"A79..79",4,35,2025
"A79..79",NA,36,2025
"A79..79",2,37,2025
"A79..79",2,38,2025
"A79..79",2,39,2025
"A79..79",3,40,2025
"A79..79",2,41,2025
"A79..79",4,42,2025
"A79..79",1,43,2025
"A79..79",1,44,2025
"A79..79",2,45,2025
"A79..79",3,46,2025
"A79..79",NA,47,2025
"A79..79",NA,48,2025
"A79..79",4,49,2025
"A79..79",4,50,2025
"A79..79",4,51,2025
"A79..79",5,52,2025
"A80.",126,1,2025
"A80.",131,2,2025
"A80.",64,3,2025
"A80.",56,4,2025
"A80.",75,5,2025
"A80.",97,6,2025
"A80.",94,7,2025
"A80.",97,8,2025
"A80.",102,9,2025
"A80.",98,10,2025
"A80.",104,11,2025
"A80.",90,12,2025
"A80.",80,13,2025
"A80.",81,14,2025
"A80.",90,15,2025
"A80.",76,16,2025
"A80.",108,17,2025
"A80.",82,18,2025
"A80.",64,19,2025
"A80.",44,20,2025
"A80.",62,21,2025
"A80.",49,22,2025
"A80.",53,23,2025
"A80.",49,24,2025
"A80.",36,25,2025
"A80.",32,26,2025
"A80.",19,27,2025
"A80.",24,28,2025
"A80.",18,29,2025
"A80.",14,30,2025
"A80.",18,31,2025
"A80.",15,32,2025
"A80.",29,33,2025
"A80.",19,34,2025
"A80.",21,35,2025
"A80.",16,36,2025
"A80.",17,37,2025
"A80.",16,38,2025
"A80.",26,39,2025
"A80.",20,40,2025
"A80.",49,41,2025
"A80.",50,42,2025
"A80.",45,43,2025
"A80.",50,44,2025
"A80.",54,45,2025
"A80.",46,46,2025
"A80.",36,47,2025
"A80.",44,48,2025
"A80.",53,49,2025
"A80.",52,50,2025
"A80.",82,51,2025
"A80.",39,52,2025
"Unbekannt",NA,1,2025
"Unbekannt",NA,2,2025
"Unbekannt",NA,3,2025
"Unbekannt",NA,4,2025
"Unbekannt",NA,5,2025
"Unbekannt",NA,6,2025
"Unbekannt",NA,7,2025
"Unbekannt",NA,8,2025
"Unbekannt",NA,9,2025
"Unbekannt",NA,10,2025
"Unbekannt",NA,11,2025
"Unbekannt",1,12,2025
"Unbekannt",NA,13,2025
"Unbekannt",NA,14,2025
"Unbekannt",NA,15,2025
"Unbekannt",NA,16,2025
"Unbekannt",NA,17,2025
"Unbekannt",NA,18,2025
"Unbekannt",NA,19,2025
"Unbekannt",NA,20,2025
"Unbekannt",1,21,2025
"Unbekannt",NA,22,2025
"Unbekannt",NA,23,2025
"Unbekannt",NA,24,2025
"Unbekannt",NA,25,2025
"Unbekannt",NA,26,2025
"Unbekannt",NA,27,2025
"Unbekannt",NA,28,2025
"Unbekannt",NA,29,2025
"Unbekannt",NA,30,2025
"Unbekannt",NA,31,2025
"Unbekannt",NA,32,2025
"Unbekannt",NA,33,2025
"Unbekannt",1,34,2025
"Unbekannt",NA,35,2025
"Unbekannt",NA,36,2025
"Unbekannt",NA,37,2025
"Unbekannt",NA,38,2025
"Unbekannt",NA,39,2025
"Unbekannt",NA,40,2025
"Unbekannt",NA,41,2025
"Unbekannt",NA,42,2025
"Unbekannt",NA,43,2025
"Unbekannt",NA,44,2025
"Unbekannt",NA,45,2025
"Unbekannt",NA,46,2025
"Unbekannt",NA,47,2025
"Unbekannt",NA,48,2025
"Unbekannt",NA,49,2025
"Unbekannt",NA,50,2025
"Unbekannt",NA,51,2025
"Unbekannt",NA,52,2025
"A00..00",2,1,2024
"A00..00",1,2,2024
"A00..00",1,3,2024
"A00..00",NA,4,2024
"A00..00",1,5,2024
"A00..00",2,6,2024
"A00..00",4,7,2024
"A00..00",NA,8,2024
"A00..00",1,9,2024
"A00..00",1,10,2024
"A00..00",1,11,2024
"A00..00",6,12,2024
"A00..00",2,13,2024
"A00..00",1,14,2024
"A00..00",2,15,2024
"A00..00",NA,16,2024
"A00..00",3,17,2024
"A00..00",4,18,2024
"A00..00",1,19,2024
"A00..00",2,20,2024
"A00..00",NA,21,2024
"A00..00",1,22,2024
"A00..00",3,23,2024
"A00..00",NA,24,2024
"A00..00",NA,25,2024
"A00..00",1,26,2024
"A00..00",1,27,2024
"A00..00",NA,28,2024
"A00..00",3,29,2024
"A00..00",1,30,2024
"A00..00",2,31,2024
"A00..00",3,32,2024
"A00..00",1,33,2024
"A00..00",NA,34,2024
"A00..00",NA,35,2024
"A00..00",NA,36,2024
"A00..00",2,37,2024
"A00..00",1,38,2024
"A00..00",2,39,2024
"A00..00",NA,40,2024
"A00..00",2,41,2024
"A00..00",2,42,2024
"A00..00",NA,43,2024
"A00..00",1,44,2024
"A00..00",1,45,2024
"A00..00",NA,46,2024
"A00..00",1,47,2024
"A00..00",1,48,2024
"A00..00",4,49,2024
"A00..00",2,50,2024
"A00..00",2,51,2024
"A00..00",1,52,2024
"A01..01",2,1,2024
"A01..01",NA,2,2024
"A01..01",NA,3,2024
"A01..01",2,4,2024
"A01..01",1,5,2024
"A01..01",3,6,2024
"A01..01",3,7,2024
"A01..01",2,8,2024
"A01..01",3,9,2024
"A01..01",3,10,2024
"A01..01",4,11,2024
"A01..01",4,12,2024
"A01..01",3,13,2024
"A01..01",4,14,2024
"A01..01",2,15,2024
"A01..01",NA,16,2024
"A01..01",2,17,2024
"A01..01",NA,18,2024
"A01..01",1,19,2024
"A01..01",1,20,2024
"A01..01",2,21,2024
"A01..01",2,22,2024
"A01..01",NA,23,2024
"A01..01",1,24,2024
"A01..01",3,25,2024
"A01..01",NA,26,2024
"A01..01",NA,27,2024
"A01..01",1,28,2024
"A01..01",2,29,2024
"A01..01",2,30,2024
"A01..01",NA,31,2024
"A01..01",NA,32,2024
"A01..01",NA,33,2024
"A01..01",NA,34,2024
"A01..01",1,35,2024
"A01..01",NA,36,2024
"A01..01",NA,37,2024
"A01..01",NA,38,2024
"A01..01",1,39,2024
"A01..01",1,40,2024
"A01..01",1,41,2024
"A01..01",1,42,2024
"A01..01",NA,43,2024
"A01..01",2,44,2024
"A01..01",1,45,2024
"A01..01",1,46,2024
"A01..01",NA,47,2024
"A01..01",1,48,2024
"A01..01",NA,49,2024
"A01..01",NA,50,2024
"A01..01",2,51,2024
"A01..01",2,52,2024
"A02..02",1,1,2024
"A02..02",NA,2,2024
"A02..02",NA,3,2024
"A02..02",2,4,2024
"A02..02",NA,5,2024
"A02..02",3,6,2024
"A02..02",2,7,2024
"A02..02",2,8,2024
"A02..02",1,9,2024
"A02..02",2,10,2024
"A02..02",NA,11,2024
"A02..02",1,12,2024
"A02..02",1,13,2024
"A02..02",1,14,2024
"A02..02",2,15,2024
"A02..02",2,16,2024
"A02..02",1,17,2024
"A02..02",5,18,2024
"A02..02",NA,19,2024
"A02..02",NA,20,2024
"A02..02",1,21,2024
"A02..02",1,22,2024
"A02..02",1,23,2024
"A02..02",NA,24,2024
"A02..02",NA,25,2024
"A02..02",NA,26,2024
"A02..02",NA,27,2024
"A02..02",NA,28,2024
"A02..02",NA,29,2024
"A02..02",1,30,2024
"A02..02",NA,31,2024
"A02..02",NA,32,2024
"A02..02",NA,33,2024
"A02..02",NA,34,2024
"A02..02",3,35,2024
"A02..02",NA,36,2024
"A02..02",1,37,2024
"A02..02",NA,38,2024
"A02..02",NA,39,2024
"A02..02",1,40,2024
"A02..02",NA,41,2024
"A02..02",1,42,2024
"A02..02",1,43,2024
"A02..02",NA,44,2024
"A02..02",1,45,2024
"A02..02",NA,46,2024
"A02..02",NA,47,2024
"A02..02",NA,48,2024
"A02..02",1,49,2024
"A02..02",1,50,2024
"A02..02",NA,51,2024
"A02..02",NA,52,2024
"A03..03",NA,1,2024
"A03..03",1,2,2024
"A03..03",1,3,2024
"A03..03",1,4,2024
"A03..03",2,5,2024
"A03..03",NA,6,2024
"A03..03",1,7,2024
"A03..03",1,8,2024
"A03..03",1,9,2024
"A03..03",3,10,2024
"A03..03",2,11,2024
"A03..03",2,12,2024
"A03..03",2,13,2024
"A03..03",NA,14,2024
"A03..03",1,15,2024
"A03..03",1,16,2024
"A03..03",2,17,2024
"A03..03",NA,18,2024
"A03..03",2,19,2024
"A03..03",2,20,2024
"A03..03",NA,21,2024
"A03..03",NA,22,2024
"A03..03",2,23,2024
"A03..03",NA,24,2024
"A03..03",1,25,2024
"A03..03",NA,26,2024
"A03..03",1,27,2024
"A03..03",NA,28,2024
"A03..03",NA,29,2024
"A03..03",2,30,2024
"A03..03",NA,31,2024
"A03..03",NA,32,2024
"A03..03",NA,33,2024
"A03..03",NA,34,2024
"A03..03",NA,35,2024
"A03..03",2,36,2024
"A03..03",NA,37,2024
"A03..03",NA,38,2024
"A03..03",1,39,2024
"A03..03",1,40,2024
"A03..03",1,41,2024
"A03..03",NA,42,2024
"A03..03",1,43,2024
"A03..03",2,44,2024
"A03..03",2,45,2024
"A03..03",1,46,2024
"A03..03",1,47,2024
"A03..03",NA,48,2024
"A03..03",1,49,2024
"A03..03",NA,50,2024
"A03..03",1,51,2024
"A03..03",NA,52,2024
"A04..04",NA,1,2024
"A04..04",1,2,2024
"A04..04",NA,3,2024
"A04..04",NA,4,2024
"A04..04",NA,5,2024
"A04..04",4,6,2024
"A04..04",2,7,2024
"A04..04",1,8,2024
"A04..04",1,9,2024
"A04..04",1,10,2024
"A04..04",2,11,2024
"A04..04",1,12,2024
"A04..04",NA,13,2024
"A04..04",2,14,2024
"A04..04",1,15,2024
"A04..04",NA,16,2024
"A04..04",1,17,2024
"A04..04",NA,18,2024
"A04..04",3,19,2024
"A04..04",1,20,2024
"A04..04",1,21,2024
"A04..04",NA,22,2024
"A04..04",NA,23,2024
"A04..04",NA,24,2024
"A04..04",NA,25,2024
"A04..04",2,26,2024
"A04..04",NA,27,2024
"A04..04",NA,28,2024
"A04..04",2,29,2024
"A04..04",NA,30,2024
"A04..04",NA,31,2024
"A04..04",1,32,2024
"A04..04",NA,33,2024
"A04..04",NA,34,2024
"A04..04",1,35,2024
"A04..04",1,36,2024
"A04..04",NA,37,2024
"A04..04",NA,38,2024
"A04..04",2,39,2024
"A04..04",NA,40,2024
"A04..04",NA,41,2024
"A04..04",NA,42,2024
"A04..04",NA,43,2024
"A04..04",2,44,2024
"A04..04",1,45,2024
"A04..04",NA,46,2024
"A04..04",NA,47,2024
"A04..04",1,48,2024
"A04..04",NA,49,2024
"A04..04",1,50,2024
"A04..04",2,51,2024
"A04..04",2,52,2024
"A05..05",NA,1,2024
"A05..05",NA,2,2024
"A05..05",1,3,2024
"A05..05",NA,4,2024
"A05..05",NA,5,2024
"A05..05",1,6,2024
"A05..05",NA,7,2024
"A05..05",1,8,2024
"A05..05",NA,9,2024
"A05..05",1,10,2024
"A05..05",2,11,2024
"A05..05",NA,12,2024
"A05..05",1,13,2024
"A05..05",1,14,2024
"A05..05",NA,15,2024
"A05..05",NA,16,2024
"A05..05",1,17,2024
"A05..05",NA,18,2024
"A05..05",NA,19,2024
"A05..05",NA,20,2024
"A05..05",NA,21,2024
"A05..05",NA,22,2024
"A05..05",NA,23,2024
"A05..05",1,24,2024
"A05..05",2,25,2024
"A05..05",NA,26,2024
"A05..05",NA,27,2024
"A05..05",NA,28,2024
"A05..05",1,29,2024
"A05..05",NA,30,2024
"A05..05",NA,31,2024
"A05..05",1,32,2024
"A05..05",NA,33,2024
"A05..05",NA,34,2024
"A05..05",1,35,2024
"A05..05",NA,36,2024
"A05..05",NA,37,2024
"A05..05",1,38,2024
"A05..05",NA,39,2024
"A05..05",NA,40,2024
"A05..05",NA,41,2024
"A05..05",NA,42,2024
"A05..05",1,43,2024
"A05..05",1,44,2024
"A05..05",1,45,2024
"A05..05",NA,46,2024
"A05..05",1,47,2024
"A05..05",1,48,2024
"A05..05",NA,49,2024
"A05..05",NA,50,2024
"A05..05",NA,51,2024
"A05..05",NA,52,2024
"A06..06",1,1,2024
"A06..06",1,2,2024
"A06..06",NA,3,2024
"A06..06",1,4,2024
"A06..06",1,5,2024
"A06..06",2,6,2024
"A06..06",3,7,2024
"A06..06",NA,8,2024
"A06..06",NA,9,2024
"A06..06",2,10,2024
"A06..06",2,11,2024
"A06..06",NA,12,2024
"A06..06",NA,13,2024
"A06..06",1,14,2024
"A06..06",NA,15,2024
"A06..06",1,16,2024
"A06..06",NA,17,2024
"A06..06",NA,18,2024
"A06..06",2,19,2024
"A06..06",2,20,2024
"A06..06",1,21,2024
"A06..06",NA,22,2024
"A06..06",NA,23,2024
"A06..06",NA,24,2024
"A06..06",NA,25,2024
"A06..06",2,26,2024
"A06..06",NA,27,2024
"A06..06",NA,28,2024
"A06..06",1,29,2024
"A06..06",NA,30,2024
"A06..06",NA,31,2024
"A06..06",NA,32,2024
"A06..06",NA,33,2024
"A06..06",1,34,2024
"A06..06",1,35,2024
"A06..06",NA,36,2024
"A06..06",1,37,2024
"A06..06",1,38,2024
"A06..06",NA,39,2024
"A06..06",NA,40,2024
"A06..06",NA,41,2024
"A06..06",4,42,2024
"A06..06",NA,43,2024
"A06..06",NA,44,2024
"A06..06",NA,45,2024
"A06..06",NA,46,2024
"A06..06",NA,47,2024
"A06..06",NA,48,2024
"A06..06",1,49,2024
"A06..06",NA,50,2024
"A06..06",1,51,2024
"A06..06",NA,52,2024
"A07..07",NA,1,2024
"A07..07",1,2,2024
"A07..07",NA,3,2024
"A07..07",NA,4,2024
"A07..07",NA,5,2024
"A07..07",NA,6,2024
"A07..07",1,7,2024
"A07..07",NA,8,2024
"A07..07",NA,9,2024
"A07..07",1,10,2024
"A07..07",NA,11,2024
"A07..07",NA,12,2024
"A07..07",1,13,2024
"A07..07",NA,14,2024
"A07..07",1,15,2024
"A07..07",NA,16,2024
"A07..07",NA,17,2024
"A07..07",NA,18,2024
"A07..07",NA,19,2024
"A07..07",NA,20,2024
"A07..07",NA,21,2024
"A07..07",NA,22,2024
"A07..07",NA,23,2024
"A07..07",NA,24,2024
"A07..07",NA,25,2024
"A07..07",NA,26,2024
"A07..07",NA,27,2024
"A07..07",NA,28,2024
"A07..07",NA,29,2024
"A07..07",2,30,2024
"A07..07",NA,31,2024
"A07..07",NA,32,2024
"A07..07",NA,33,2024
"A07..07",NA,34,2024
"A07..07",NA,35,2024
"A07..07",NA,36,2024
"A07..07",NA,37,2024
"A07..07",NA,38,2024
"A07..07",NA,39,2024
"A07..07",NA,40,2024
"A07..07",1,41,2024
"A07..07",NA,42,2024
"A07..07",NA,43,2024
"A07..07",NA,44,2024
"A07..07",NA,45,2024
"A07..07",1,46,2024
"A07..07",1,47,2024
"A07..07",2,48,2024
"A07..07",NA,49,2024
"A07..07",NA,50,2024
"A07..07",3,51,2024
"A07..07",NA,52,2024
"A08..08",NA,1,2024
"A08..08",1,2,2024
"A08..08",1,3,2024
"A08..08",NA,4,2024
"A08..08",NA,5,2024
"A08..08",NA,6,2024
"A08..08",3,7,2024
"A08..08",NA,8,2024
"A08..08",NA,9,2024
"A08..08",NA,10,2024
"A08..08",1,11,2024
"A08..08",NA,12,2024
"A08..08",NA,13,2024
"A08..08",NA,14,2024
"A08..08",NA,15,2024
"A08..08",1,16,2024
"A08..08",NA,17,2024
"A08..08",NA,18,2024
"A08..08",NA,19,2024
"A08..08",NA,20,2024
"A08..08",NA,21,2024
"A08..08",NA,22,2024
"A08..08",1,23,2024
"A08..08",NA,24,2024
"A08..08",NA,25,2024
"A08..08",1,26,2024
"A08..08",NA,27,2024
"A08..08",NA,28,2024
"A08..08",NA,29,2024
"A08..08",NA,30,2024
"A08..08",NA,31,2024
"A08..08",NA,32,2024
"A08..08",NA,33,2024
"A08..08",NA,34,2024
"A08..08",NA,35,2024
"A08..08",NA,36,2024
"A08..08",NA,37,2024
"A08..08",1,38,2024
"A08..08",NA,39,2024
"A08..08",NA,40,2024
"A08..08",1,41,2024
"A08..08",NA,42,2024
"A08..08",NA,43,2024
"A08..08",NA,44,2024
"A08..08",NA,45,2024
"A08..08",NA,46,2024
"A08..08",NA,47,2024
"A08..08",NA,48,2024
"A08..08",NA,49,2024
"A08..08",NA,50,2024
"A08..08",NA,51,2024
"A08..08",NA,52,2024
"A09..09",1,1,2024
"A09..09",NA,2,2024
"A09..09",NA,3,2024
"A09..09",NA,4,2024
"A09..09",NA,5,2024
"A09..09",NA,6,2024
"A09..09",NA,7,2024
"A09..09",NA,8,2024
"A09..09",1,9,2024
"A09..09",NA,10,2024
"A09..09",1,11,2024
"A09..09",NA,12,2024
"A09..09",NA,13,2024
"A09..09",NA,14,2024
"A09..09",NA,15,2024
"A09..09",NA,16,2024
"A09..09",1,17,2024
"A09..09",NA,18,2024
"A09..09",NA,19,2024
"A09..09",1,20,2024
"A09..09",NA,21,2024
"A09..09",1,22,2024
"A09..09",NA,23,2024
"A09..09",NA,24,2024
"A09..09",NA,25,2024
"A09..09",2,26,2024
"A09..09",1,27,2024
"A09..09",NA,28,2024
"A09..09",NA,29,2024
"A09..09",NA,30,2024
"A09..09",NA,31,2024
"A09..09",NA,32,2024
"A09..09",NA,33,2024
"A09..09",NA,34,2024
"A09..09",NA,35,2024
"A09..09",NA,36,2024
"A09..09",NA,37,2024
"A09..09",NA,38,2024
"A09..09",NA,39,2024
"A09..09",NA,40,2024
"A09..09",1,41,2024
"A09..09",1,42,2024
"A09..09",NA,43,2024
"A09..09",NA,44,2024
"A09..09",NA,45,2024
"A09..09",NA,46,2024
"A09..09",NA,47,2024
"A09..09",NA,48,2024
"A09..09",NA,49,2024
"A09..09",NA,50,2024
"A09..09",1,51,2024
"A09..09",1,52,2024
"A10..10",NA,1,2024
"A10..10",NA,2,2024
"A10..10",2,3,2024
"A10..10",NA,4,2024
"A10..10",NA,5,2024
"A10..10",NA,6,2024
"A10..10",NA,7,2024
"A10..10",NA,8,2024
"A10..10",1,9,2024
"A10..10",1,10,2024
"A10..10",2,11,2024
"A10..10",NA,12,2024
"A10..10",NA,13,2024
"A10..10",NA,14,2024
"A10..10",NA,15,2024
"A10..10",1,16,2024
"A10..10",NA,17,2024
"A10..10",NA,18,2024
"A10..10",NA,19,2024
"A10..10",1,20,2024
"A10..10",NA,21,2024
"A10..10",NA,22,2024
"A10..10",NA,23,2024
"A10..10",NA,24,2024
"A10..10",NA,25,2024
"A10..10",NA,26,2024
"A10..10",NA,27,2024
"A10..10",NA,28,2024
"A10..10",1,29,2024
"A10..10",NA,30,2024
"A10..10",NA,31,2024
"A10..10",NA,32,2024
"A10..10",NA,33,2024
"A10..10",NA,34,2024
"A10..10",NA,35,2024
"A10..10",NA,36,2024
"A10..10",NA,37,2024
"A10..10",NA,38,2024
"A10..10",NA,39,2024
"A10..10",NA,40,2024
"A10..10",NA,41,2024
"A10..10",NA,42,2024
"A10..10",NA,43,2024
"A10..10",1,44,2024
"A10..10",NA,45,2024
"A10..10",NA,46,2024
"A10..10",NA,47,2024
"A10..10",NA,48,2024
"A10..10",1,49,2024
"A10..10",NA,50,2024
"A10..10",1,51,2024
"A10..10",NA,52,2024
"A11..11",NA,1,2024
"A11..11",NA,2,2024
"A11..11",1,3,2024
"A11..11",NA,4,2024
"A11..11",NA,5,2024
"A11..11",NA,6,2024
"A11..11",1,7,2024
"A11..11",1,8,2024
"A11..11",NA,9,2024
"A11..11",NA,10,2024
"A11..11",NA,11,2024
"A11..11",NA,12,2024
"A11..11",NA,13,2024
"A11..11",NA,14,2024
"A11..11",NA,15,2024
"A11..11",NA,16,2024
"A11..11",NA,17,2024
"A11..11",1,18,2024
"A11..11",1,19,2024
"A11..11",NA,20,2024
"A11..11",1,21,2024
"A11..11",NA,22,2024
"A11..11",NA,23,2024
"A11..11",NA,24,2024
"A11..11",NA,25,2024
"A11..11",NA,26,2024
"A11..11",NA,27,2024
"A11..11",NA,28,2024
"A11..11",NA,29,2024
"A11..11",NA,30,2024
"A11..11",NA,31,2024
"A11..11",NA,32,2024
"A11..11",NA,33,2024
"A11..11",NA,34,2024
"A11..11",NA,35,2024
"A11..11",NA,36,2024
"A11..11",NA,37,2024
"A11..11",NA,38,2024
"A11..11",NA,39,2024
"A11..11",NA,40,2024
"A11..11",NA,41,2024
"A11..11",NA,42,2024
"A11..11",1,43,2024
"A11..11",NA,44,2024
"A11..11",NA,45,2024
"A11..11",NA,46,2024
"A11..11",NA,47,2024
"A11..11",NA,48,2024
"A11..11",NA,49,2024
"A11..11",NA,50,2024
"A11..11",NA,51,2024
"A11..11",NA,52,2024
"A12..12",NA,1,2024
"A12..12",1,2,2024
"A12..12",NA,3,2024
"A12..12",NA,4,2024
"A12..12",1,5,2024
"A12..12",NA,6,2024
"A12..12",NA,7,2024
"A12..12",NA,8,2024
"A12..12",NA,9,2024
"A12..12",NA,10,2024
"A12..12",1,11,2024
"A12..12",NA,12,2024
"A12..12",NA,13,2024
"A12..12",NA,14,2024
"A12..12",NA,15,2024
"A12..12",1,16,2024
"A12..12",NA,17,2024
"A12..12",NA,18,2024
"A12..12",NA,19,2024
"A12..12",NA,20,2024
"A12..12",NA,21,2024
"A12..12",NA,22,2024
"A12..12",NA,23,2024
"A12..12",NA,24,2024
"A12..12",NA,25,2024
"A12..12",NA,26,2024
"A12..12",NA,27,2024
"A12..12",NA,28,2024
"A12..12",NA,29,2024
"A12..12",1,30,2024
"A12..12",NA,31,2024
"A12..12",NA,32,2024
"A12..12",NA,33,2024
"A12..12",NA,34,2024
"A12..12",NA,35,2024
"A12..12",NA,36,2024
"A12..12",NA,37,2024
"A12..12",NA,38,2024
"A12..12",NA,39,2024
"A12..12",NA,40,2024
"A12..12",NA,41,2024
"A12..12",NA,42,2024
"A12..12",NA,43,2024
"A12..12",NA,44,2024
"A12..12",1,45,2024
"A12..12",NA,46,2024
"A12..12",NA,47,2024
"A12..12",NA,48,2024
"A12..12",NA,49,2024
"A12..12",NA,50,2024
"A12..12",NA,51,2024
"A12..12",NA,52,2024
"A13..13",NA,1,2024
"A13..13",NA,2,2024
"A13..13",NA,3,2024
"A13..13",NA,4,2024
"A13..13",NA,5,2024
"A13..13",1,6,2024
"A13..13",NA,7,2024
"A13..13",NA,8,2024
"A13..13",NA,9,2024
"A13..13",NA,10,2024
"A13..13",NA,11,2024
"A13..13",NA,12,2024
"A13..13",NA,13,2024
"A13..13",NA,14,2024
"A13..13",NA,15,2024
"A13..13",NA,16,2024
"A13..13",NA,17,2024
"A13..13",NA,18,2024
"A13..13",NA,19,2024
"A13..13",NA,20,2024
"A13..13",NA,21,2024
"A13..13",NA,22,2024
"A13..13",NA,23,2024
"A13..13",NA,24,2024
"A13..13",NA,25,2024
"A13..13",NA,26,2024
"A13..13",NA,27,2024
"A13..13",NA,28,2024
"A13..13",3,29,2024
"A13..13",1,30,2024
"A13..13",NA,31,2024
"A13..13",NA,32,2024
"A13..13",1,33,2024
"A13..13",NA,34,2024
"A13..13",NA,35,2024
"A13..13",NA,36,2024
"A13..13",NA,37,2024
"A13..13",NA,38,2024
"A13..13",NA,39,2024
"A13..13",NA,40,2024
"A13..13",NA,41,2024
"A13..13",NA,42,2024
"A13..13",NA,43,2024
"A13..13",NA,44,2024
"A13..13",NA,45,2024
"A13..13",NA,46,2024
"A13..13",1,47,2024
"A13..13",NA,48,2024
"A13..13",NA,49,2024
"A13..13",NA,50,2024
"A13..13",NA,51,2024
"A13..13",NA,52,2024
"A14..14",NA,1,2024
"A14..14",NA,2,2024
"A14..14",NA,3,2024
"A14..14",NA,4,2024
"A14..14",NA,5,2024
"A14..14",NA,6,2024
"A14..14",NA,7,2024
"A14..14",NA,8,2024
"A14..14",NA,9,2024
"A14..14",NA,10,2024
"A14..14",1,11,2024
"A14..14",NA,12,2024
"A14..14",NA,13,2024
"A14..14",1,14,2024
"A14..14",NA,15,2024
"A14..14",NA,16,2024
"A14..14",NA,17,2024
"A14..14",NA,18,2024
"A14..14",NA,19,2024
"A14..14",NA,20,2024
"A14..14",NA,21,2024
"A14..14",NA,22,2024
"A14..14",NA,23,2024
"A14..14",NA,24,2024
"A14..14",NA,25,2024
"A14..14",NA,26,2024
"A14..14",NA,27,2024
"A14..14",NA,28,2024
"A14..14",NA,29,2024
"A14..14",NA,30,2024
"A14..14",NA,31,2024
"A14..14",NA,32,2024
"A14..14",NA,33,2024
"A14..14",NA,34,2024
"A14..14",NA,35,2024
"A14..14",NA,36,2024
"A14..14",NA,37,2024
"A14..14",NA,38,2024
"A14..14",NA,39,2024
"A14..14",NA,40,2024
"A14..14",NA,41,2024
"A14..14",NA,42,2024
"A14..14",NA,43,2024
"A14..14",NA,44,2024
"A14..14",NA,45,2024
"A14..14",NA,46,2024
"A14..14",NA,47,2024
"A14..14",NA,48,2024
"A14..14",1,49,2024
"A14..14",NA,50,2024
"A14..14",NA,51,2024
"A14..14",NA,52,2024
"A15..15",NA,1,2024
"A15..15",NA,2,2024
"A15..15",NA,3,2024
"A15..15",NA,4,2024
"A15..15",NA,5,2024
"A15..15",NA,6,2024
"A15..15",NA,7,2024
"A15..15",NA,8,2024
"A15..15",NA,9,2024
"A15..15",NA,10,2024
"A15..15",NA,11,2024
"A15..15",NA,12,2024
"A15..15",NA,13,2024
"A15..15",NA,14,2024
"A15..15",NA,15,2024
"A15..15",NA,16,2024
"A15..15",NA,17,2024
"A15..15",NA,18,2024
"A15..15",NA,19,2024
"A15..15",NA,20,2024
"A15..15",NA,21,2024
"A15..15",NA,22,2024
"A15..15",NA,23,2024
"A15..15",NA,24,2024
"A15..15",NA,25,2024
"A15..15",NA,26,2024
"A15..15",NA,27,2024
"A15..15",NA,28,2024
"A15..15",NA,29,2024
"A15..15",NA,30,2024
"A15..15",NA,31,2024
"A15..15",NA,32,2024
"A15..15",NA,33,2024
"A15..15",NA,34,2024
"A15..15",NA,35,2024
"A15..15",NA,36,2024
"A15..15",NA,37,2024
"A15..15",NA,38,2024
"A15..15",NA,39,2024
"A15..15",1,40,2024
"A15..15",NA,41,2024
"A15..15",NA,42,2024
"A15..15",NA,43,2024
"A15..15",NA,44,2024
"A15..15",NA,45,2024
"A15..15",NA,46,2024
"A15..15",NA,47,2024
"A15..15",NA,48,2024
"A15..15",1,49,2024
"A15..15",NA,50,2024
"A15..15",NA,51,2024
"A15..15",NA,52,2024
"A16..16",NA,1,2024
"A16..16",NA,2,2024
"A16..16",NA,3,2024
"A16..16",1,4,2024
"A16..16",NA,5,2024
"A16..16",NA,6,2024
"A16..16",NA,7,2024
"A16..16",2,8,2024
"A16..16",NA,9,2024
"A16..16",NA,10,2024
"A16..16",NA,11,2024
"A16..16",NA,12,2024
"A16..16",NA,13,2024
"A16..16",NA,14,2024
"A16..16",NA,15,2024
"A16..16",NA,16,2024
"A16..16",NA,17,2024
"A16..16",NA,18,2024
"A16..16",NA,19,2024
"A16..16",NA,20,2024
"A16..16",NA,21,2024
"A16..16",1,22,2024
"A16..16",NA,23,2024
"A16..16",NA,24,2024
"A16..16",NA,25,2024
"A16..16",NA,26,2024
"A16..16",NA,27,2024
"A16..16",NA,28,2024
"A16..16",NA,29,2024
"A16..16",NA,30,2024
"A16..16",NA,31,2024
"A16..16",NA,32,2024
"A16..16",NA,33,2024
"A16..16",NA,34,2024
"A16..16",NA,35,2024
"A16..16",NA,36,2024
"A16..16",NA,37,2024
"A16..16",NA,38,2024
"A16..16",NA,39,2024
"A16..16",NA,40,2024
"A16..16",NA,41,2024
"A16..16",NA,42,2024
"A16..16",NA,43,2024
"A16..16",NA,44,2024
"A16..16",NA,45,2024
"A16..16",NA,46,2024
"A16..16",NA,47,2024
"A16..16",NA,48,2024
"A16..16",NA,49,2024
"A16..16",1,50,2024
"A16..16",1,51,2024
"A16..16",NA,52,2024
"A17..17",NA,1,2024
"A17..17",NA,2,2024
"A17..17",NA,3,2024
"A17..17",NA,4,2024
"A17..17",NA,5,2024
"A17..17",NA,6,2024
"A17..17",NA,7,2024
"A17..17",NA,8,2024
"A17..17",NA,9,2024
"A17..17",NA,10,2024
"A17..17",NA,11,2024
"A17..17",1,12,2024
"A17..17",NA,13,2024
"A17..17",1,14,2024
"A17..17",NA,15,2024
"A17..17",NA,16,2024
"A17..17",NA,17,2024
"A17..17",NA,18,2024
"A17..17",NA,19,2024
"A17..17",1,20,2024
"A17..17",NA,21,2024
"A17..17",NA,22,2024
"A17..17",NA,23,2024
"A17..17",NA,24,2024
"A17..17",NA,25,2024
"A17..17",NA,26,2024
"A17..17",NA,27,2024
"A17..17",1,28,2024
"A17..17",NA,29,2024
"A17..17",NA,30,2024
"A17..17",NA,31,2024
"A17..17",NA,32,2024
"A17..17",NA,33,2024
"A17..17",NA,34,2024
"A17..17",NA,35,2024
"A17..17",NA,36,2024
"A17..17",NA,37,2024
"A17..17",NA,38,2024
"A17..17",NA,39,2024
"A17..17",NA,40,2024
"A17..17",NA,41,2024
"A17..17",1,42,2024
"A17..17",NA,43,2024
"A17..17",NA,44,2024
"A17..17",NA,45,2024
"A17..17",NA,46,2024
"A17..17",NA,47,2024
"A17..17",NA,48,2024
"A17..17",NA,49,2024
"A17..17",NA,50,2024
"A17..17",NA,51,2024
"A17..17",NA,52,2024
"A18..18",1,1,2024
"A18..18",NA,2,2024
"A18..18",NA,3,2024
"A18..18",NA,4,2024
"A18..18",1,5,2024
"A18..18",1,6,2024
"A18..18",NA,7,2024
"A18..18",NA,8,2024
"A18..18",NA,9,2024
"A18..18",NA,10,2024
"A18..18",NA,11,2024
"A18..18",NA,12,2024
"A18..18",NA,13,2024
"A18..18",2,14,2024
"A18..18",NA,15,2024
"A18..18",NA,16,2024
"A18..18",NA,17,2024
"A18..18",1,18,2024
"A18..18",NA,19,2024
"A18..18",NA,20,2024
"A18..18",NA,21,2024
"A18..18",NA,22,2024
"A18..18",NA,23,2024
"A18..18",1,24,2024
"A18..18",NA,25,2024
"A18..18",NA,26,2024
"A18..18",NA,27,2024
"A18..18",NA,28,2024
"A18..18",NA,29,2024
"A18..18",NA,30,2024
"A18..18",NA,31,2024
"A18..18",NA,32,2024
"A18..18",NA,33,2024
"A18..18",NA,34,2024
"A18..18",NA,35,2024
"A18..18",NA,36,2024
"A18..18",NA,37,2024
"A18..18",NA,38,2024
"A18..18",NA,39,2024
"A18..18",NA,40,2024
"A18..18",NA,41,2024
"A18..18",NA,42,2024
"A18..18",NA,43,2024
"A18..18",NA,44,2024
"A18..18",NA,45,2024
"A18..18",NA,46,2024
"A18..18",NA,47,2024
"A18..18",NA,48,2024
"A18..18",NA,49,2024
"A18..18",NA,50,2024
"A18..18",NA,51,2024
"A18..18",NA,52,2024
"A19..19",NA,1,2024
"A19..19",NA,2,2024
"A19..19",NA,3,2024
"A19..19",NA,4,2024
"A19..19",NA,5,2024
"A19..19",NA,6,2024
"A19..19",NA,7,2024
"A19..19",NA,8,2024
"A19..19",NA,9,2024
"A19..19",NA,10,2024
"A19..19",NA,11,2024
"A19..19",1,12,2024
"A19..19",NA,13,2024
"A19..19",NA,14,2024
"A19..19",NA,15,2024
"A19..19",NA,16,2024
"A19..19",1,17,2024
"A19..19",NA,18,2024
"A19..19",NA,19,2024
"A19..19",NA,20,2024
"A19..19",NA,21,2024
"A19..19",2,22,2024
"A19..19",NA,23,2024
"A19..19",NA,24,2024
"A19..19",NA,25,2024
"A19..19",NA,26,2024
"A19..19",1,27,2024
"A19..19",1,28,2024
"A19..19",NA,29,2024
"A19..19",NA,30,2024
"A19..19",NA,31,2024
"A19..19",NA,32,2024
"A19..19",NA,33,2024
"A19..19",NA,34,2024
"A19..19",NA,35,2024
"A19..19",NA,36,2024
"A19..19",NA,37,2024
"A19..19",NA,38,2024
"A19..19",NA,39,2024
"A19..19",NA,40,2024
"A19..19",NA,41,2024
"A19..19",NA,42,2024
"A19..19",NA,43,2024
"A19..19",NA,44,2024
"A19..19",NA,45,2024
"A19..19",NA,46,2024
"A19..19",NA,47,2024
"A19..19",NA,48,2024
"A19..19",NA,49,2024
"A19..19",NA,50,2024
"A19..19",NA,51,2024
"A19..19",1,52,2024
"A20..20",1,1,2024
"A20..20",NA,2,2024
"A20..20",1,3,2024
"A20..20",NA,4,2024
"A20..20",NA,5,2024
"A20..20",NA,6,2024
"A20..20",1,7,2024
"A20..20",NA,8,2024
"A20..20",1,9,2024
"A20..20",NA,10,2024
"A20..20",NA,11,2024
"A20..20",NA,12,2024
"A20..20",NA,13,2024
"A20..20",NA,14,2024
"A20..20",NA,15,2024
"A20..20",NA,16,2024
"A20..20",NA,17,2024
"A20..20",NA,18,2024
"A20..20",1,19,2024
"A20..20",NA,20,2024
"A20..20",NA,21,2024
"A20..20",1,22,2024
"A20..20",NA,23,2024
"A20..20",NA,24,2024
"A20..20",NA,25,2024
"A20..20",NA,26,2024
"A20..20",NA,27,2024
"A20..20",NA,28,2024
"A20..20",NA,29,2024
"A20..20",NA,30,2024
"A20..20",NA,31,2024
"A20..20",1,32,2024
"A20..20",NA,33,2024
"A20..20",1,34,2024
"A20..20",NA,35,2024
"A20..20",NA,36,2024
"A20..20",NA,37,2024
"A20..20",NA,38,2024
"A20..20",NA,39,2024
"A20..20",NA,40,2024
"A20..20",NA,41,2024
"A20..20",NA,42,2024
"A20..20",NA,43,2024
"A20..20",NA,44,2024
"A20..20",NA,45,2024
"A20..20",1,46,2024
"A20..20",NA,47,2024
"A20..20",1,48,2024
"A20..20",NA,49,2024
"A20..20",NA,50,2024
"A20..20",NA,51,2024
"A20..20",NA,52,2024
"A21..21",NA,1,2024
"A21..21",NA,2,2024
"A21..21",NA,3,2024
"A21..21",NA,4,2024
"A21..21",NA,5,2024
"A21..21",NA,6,2024
"A21..21",NA,7,2024
"A21..21",NA,8,2024
"A21..21",NA,9,2024
"A21..21",NA,10,2024
"A21..21",NA,11,2024
"A21..21",NA,12,2024
"A21..21",NA,13,2024
"A21..21",1,14,2024
"A21..21",NA,15,2024
"A21..21",NA,16,2024
"A21..21",NA,17,2024
"A21..21",NA,18,2024
"A21..21",NA,19,2024
"A21..21",NA,20,2024
"A21..21",NA,21,2024
"A21..21",NA,22,2024
"A21..21",NA,23,2024
"A21..21",NA,24,2024
"A21..21",NA,25,2024
"A21..21",1,26,2024
"A21..21",NA,27,2024
"A21..21",NA,28,2024
"A21..21",NA,29,2024
"A21..21",NA,30,2024
"A21..21",NA,31,2024
"A21..21",NA,32,2024
"A21..21",NA,33,2024
"A21..21",NA,34,2024
"A21..21",NA,35,2024
"A21..21",NA,36,2024
"A21..21",NA,37,2024
"A21..21",NA,38,2024
"A21..21",NA,39,2024
"A21..21",NA,40,2024
"A21..21",NA,41,2024
"A21..21",NA,42,2024
"A21..21",NA,43,2024
"A21..21",NA,44,2024
"A21..21",NA,45,2024
"A21..21",NA,46,2024
"A21..21",NA,47,2024
"A21..21",NA,48,2024
"A21..21",1,49,2024
"A21..21",NA,50,2024
"A21..21",NA,51,2024
"A21..21",NA,52,2024
"A22..22",NA,1,2024
"A22..22",NA,2,2024
"A22..22",NA,3,2024
"A22..22",NA,4,2024
"A22..22",NA,5,2024
"A22..22",NA,6,2024
"A22..22",1,7,2024
"A22..22",1,8,2024
"A22..22",NA,9,2024
"A22..22",NA,10,2024
"A22..22",1,11,2024
"A22..22",NA,12,2024
"A22..22",NA,13,2024
"A22..22",NA,14,2024
"A22..22",1,15,2024
"A22..22",NA,16,2024
"A22..22",NA,17,2024
"A22..22",NA,18,2024
"A22..22",1,19,2024
"A22..22",NA,20,2024
"A22..22",NA,21,2024
"A22..22",1,22,2024
"A22..22",NA,23,2024
"A22..22",NA,24,2024
"A22..22",NA,25,2024
"A22..22",NA,26,2024
"A22..22",NA,27,2024
"A22..22",NA,28,2024
"A22..22",NA,29,2024
"A22..22",1,30,2024
"A22..22",NA,31,2024
"A22..22",NA,32,2024
"A22..22",NA,33,2024
"A22..22",NA,34,2024
"A22..22",NA,35,2024
"A22..22",NA,36,2024
"A22..22",NA,37,2024
"A22..22",NA,38,2024
"A22..22",NA,39,2024
"A22..22",NA,40,2024
"A22..22",3,41,2024
"A22..22",NA,42,2024
"A22..22",NA,43,2024
"A22..22",NA,44,2024
"A22..22",NA,45,2024
"A22..22",NA,46,2024
"A22..22",NA,47,2024
"A22..22",NA,48,2024
"A22..22",NA,49,2024
"A22..22",NA,50,2024
"A22..22",NA,51,2024
"A22..22",NA,52,2024
"A23..23",2,1,2024
"A23..23",NA,2,2024
"A23..23",NA,3,2024
"A23..23",NA,4,2024
"A23..23",NA,5,2024
"A23..23",1,6,2024
"A23..23",NA,7,2024
"A23..23",1,8,2024
"A23..23",NA,9,2024
"A23..23",NA,10,2024
"A23..23",NA,11,2024
"A23..23",NA,12,2024
"A23..23",NA,13,2024
"A23..23",NA,14,2024
"A23..23",NA,15,2024
"A23..23",NA,16,2024
"A23..23",NA,17,2024
"A23..23",NA,18,2024
"A23..23",NA,19,2024
"A23..23",NA,20,2024
"A23..23",NA,21,2024
"A23..23",NA,22,2024
"A23..23",NA,23,2024
"A23..23",NA,24,2024
"A23..23",NA,25,2024
"A23..23",NA,26,2024
"A23..23",NA,27,2024
"A23..23",NA,28,2024
"A23..23",NA,29,2024
"A23..23",NA,30,2024
"A23..23",1,31,2024
"A23..23",NA,32,2024
"A23..23",NA,33,2024
"A23..23",NA,34,2024
"A23..23",NA,35,2024
"A23..23",NA,36,2024
"A23..23",NA,37,2024
"A23..23",NA,38,2024
"A23..23",NA,39,2024
"A23..23",1,40,2024
"A23..23",NA,41,2024
"A23..23",NA,42,2024
"A23..23",NA,43,2024
"A23..23",NA,44,2024
"A23..23",1,45,2024
"A23..23",1,46,2024
"A23..23",NA,47,2024
"A23..23",NA,48,2024
"A23..23",NA,49,2024
"A23..23",NA,50,2024
"A23..23",NA,51,2024
"A23..23",1,52,2024
"A24..24",NA,1,2024
"A24..24",NA,2,2024
"A24..24",NA,3,2024
"A24..24",NA,4,2024
"A24..24",1,5,2024
"A24..24",NA,6,2024
"A24..24",NA,7,2024
"A24..24",1,8,2024
"A24..24",NA,9,2024
"A24..24",1,10,2024
"A24..24",1,11,2024
"A24..24",NA,12,2024
"A24..24",1,13,2024
"A24..24",NA,14,2024
"A24..24",NA,15,2024
"A24..24",NA,16,2024
"A24..24",NA,17,2024
"A24..24",NA,18,2024
"A24..24",1,19,2024
"A24..24",NA,20,2024
"A24..24",NA,21,2024
"A24..24",1,22,2024
"A24..24",1,23,2024
"A24..24",NA,24,2024
"A24..24",NA,25,2024
"A24..24",1,26,2024
"A24..24",NA,27,2024
"A24..24",NA,28,2024
"A24..24",NA,29,2024
"A24..24",NA,30,2024
"A24..24",NA,31,2024
"A24..24",1,32,2024
"A24..24",NA,33,2024
"A24..24",NA,34,2024
"A24..24",NA,35,2024
"A24..24",NA,36,2024
"A24..24",NA,37,2024
"A24..24",NA,38,2024
"A24..24",1,39,2024
"A24..24",2,40,2024
"A24..24",NA,41,2024
"A24..24",NA,42,2024
"A24..24",NA,43,2024
"A24..24",NA,44,2024
"A24..24",NA,45,2024
"A24..24",NA,46,2024
"A24..24",1,47,2024
"A24..24",NA,48,2024
"A24..24",NA,49,2024
"A24..24",NA,50,2024
"A24..24",NA,51,2024
"A24..24",NA,52,2024
"A25..25",NA,1,2024
"A25..25",NA,2,2024
"A25..25",NA,3,2024
"A25..25",NA,4,2024
"A25..25",NA,5,2024
"A25..25",1,6,2024
"A25..25",NA,7,2024
"A25..25",NA,8,2024
"A25..25",NA,9,2024
"A25..25",NA,10,2024
"A25..25",1,11,2024
"A25..25",NA,12,2024
"A25..25",1,13,2024
"A25..25",1,14,2024
"A25..25",NA,15,2024
"A25..25",NA,16,2024
"A25..25",NA,17,2024
"A25..25",NA,18,2024
"A25..25",NA,19,2024
"A25..25",NA,20,2024
"A25..25",1,21,2024
"A25..25",NA,22,2024
"A25..25",1,23,2024
"A25..25",NA,24,2024
"A25..25",NA,25,2024
"A25..25",NA,26,2024
"A25..25",NA,27,2024
"A25..25",1,28,2024
"A25..25",NA,29,2024
"A25..25",NA,30,2024
"A25..25",NA,31,2024
"A25..25",NA,32,2024
"A25..25",NA,33,2024
"A25..25",1,34,2024
"A25..25",NA,35,2024
"A25..25",NA,36,2024
"A25..25",NA,37,2024
"A25..25",NA,38,2024
"A25..25",NA,39,2024
"A25..25",NA,40,2024
"A25..25",NA,41,2024
"A25..25",NA,42,2024
"A25..25",1,43,2024
"A25..25",1,44,2024
"A25..25",1,45,2024
"A25..25",NA,46,2024
"A25..25",NA,47,2024
"A25..25",NA,48,2024
"A25..25",NA,49,2024
"A25..25",NA,50,2024
"A25..25",1,51,2024
"A25..25",NA,52,2024
"A26..26",NA,1,2024
"A26..26",NA,2,2024
"A26..26",NA,3,2024
"A26..26",2,4,2024
"A26..26",NA,5,2024
"A26..26",NA,6,2024
"A26..26",1,7,2024
"A26..26",NA,8,2024
"A26..26",NA,9,2024
"A26..26",NA,10,2024
"A26..26",1,11,2024
"A26..26",1,12,2024
"A26..26",NA,13,2024
"A26..26",NA,14,2024
"A26..26",1,15,2024
"A26..26",NA,16,2024
"A26..26",NA,17,2024
"A26..26",1,18,2024
"A26..26",NA,19,2024
"A26..26",NA,20,2024
"A26..26",3,21,2024
"A26..26",NA,22,2024
"A26..26",NA,23,2024
"A26..26",NA,24,2024
"A26..26",NA,25,2024
"A26..26",NA,26,2024
"A26..26",NA,27,2024
"A26..26",NA,28,2024
"A26..26",NA,29,2024
"A26..26",NA,30,2024
"A26..26",NA,31,2024
"A26..26",NA,32,2024
"A26..26",NA,33,2024
"A26..26",NA,34,2024
"A26..26",NA,35,2024
"A26..26",NA,36,2024
"A26..26",NA,37,2024
"A26..26",NA,38,2024
"A26..26",1,39,2024
"A26..26",NA,40,2024
"A26..26",NA,41,2024
"A26..26",NA,42,2024
"A26..26",NA,43,2024
"A26..26",NA,44,2024
"A26..26",NA,45,2024
"A26..26",NA,46,2024
"A26..26",NA,47,2024
"A26..26",NA,48,2024
"A26..26",NA,49,2024
"A26..26",NA,50,2024
"A26..26",NA,51,2024
"A26..26",1,52,2024
"A27..27",NA,1,2024
"A27..27",NA,2,2024
"A27..27",NA,3,2024
"A27..27",NA,4,2024
"A27..27",NA,5,2024
"A27..27",NA,6,2024
"A27..27",1,7,2024
"A27..27",NA,8,2024
"A27..27",NA,9,2024
"A27..27",1,10,2024
"A27..27",NA,11,2024
"A27..27",1,12,2024
"A27..27",1,13,2024
"A27..27",NA,14,2024
"A27..27",NA,15,2024
"A27..27",NA,16,2024
"A27..27",NA,17,2024
"A27..27",3,18,2024
"A27..27",1,19,2024
"A27..27",1,20,2024
"A27..27",NA,21,2024
"A27..27",NA,22,2024
"A27..27",NA,23,2024
"A27..27",NA,24,2024
"A27..27",NA,25,2024
"A27..27",NA,26,2024
"A27..27",NA,27,2024
"A27..27",1,28,2024
"A27..27",NA,29,2024
"A27..27",NA,30,2024
"A27..27",1,31,2024
"A27..27",NA,32,2024
"A27..27",NA,33,2024
"A27..27",NA,34,2024
"A27..27",NA,35,2024
"A27..27",NA,36,2024
"A27..27",1,37,2024
"A27..27",NA,38,2024
"A27..27",NA,39,2024
"A27..27",1,40,2024
"A27..27",1,41,2024
"A27..27",NA,42,2024
"A27..27",NA,43,2024
"A27..27",NA,44,2024
"A27..27",NA,45,2024
"A27..27",NA,46,2024
"A27..27",NA,47,2024
"A27..27",NA,48,2024
"A27..27",NA,49,2024
"A27..27",NA,50,2024
"A27..27",NA,51,2024
"A27..27",NA,52,2024
"A28..28",NA,1,2024
"A28..28",NA,2,2024
"A28..28",1,3,2024
"A28..28",NA,4,2024
"A28..28",NA,5,2024
"A28..28",1,6,2024
"A28..28",1,7,2024
"A28..28",NA,8,2024
"A28..28",NA,9,2024
"A28..28",NA,10,2024
"A28..28",1,11,2024
"A28..28",NA,12,2024
"A28..28",NA,13,2024
"A28..28",NA,14,2024
"A28..28",NA,15,2024
"A28..28",1,16,2024
"A28..28",NA,17,2024
"A28..28",NA,18,2024
"A28..28",NA,19,2024
"A28..28",1,20,2024
"A28..28",NA,21,2024
"A28..28",NA,22,2024
"A28..28",NA,23,2024
"A28..28",NA,24,2024
"A28..28",NA,25,2024
"A28..28",NA,26,2024
"A28..28",1,27,2024
"A28..28",NA,28,2024
"A28..28",2,29,2024
"A28..28",2,30,2024
"A28..28",NA,31,2024
"A28..28",NA,32,2024
"A28..28",1,33,2024
"A28..28",NA,34,2024
"A28..28",NA,35,2024
"A28..28",NA,36,2024
"A28..28",NA,37,2024
"A28..28",NA,38,2024
"A28..28",NA,39,2024
"A28..28",1,40,2024
"A28..28",NA,41,2024
"A28..28",NA,42,2024
"A28..28",1,43,2024
"A28..28",NA,44,2024
"A28..28",NA,45,2024
"A28..28",NA,46,2024
"A28..28",NA,47,2024
"A28..28",NA,48,2024
"A28..28",NA,49,2024
"A28..28",NA,50,2024
"A28..28",NA,51,2024
"A28..28",NA,52,2024
"A29..29",NA,1,2024
"A29..29",NA,2,2024
"A29..29",NA,3,2024
"A29..29",NA,4,2024
"A29..29",NA,5,2024
"A29..29",NA,6,2024
"A29..29",NA,7,2024
"A29..29",NA,8,2024
"A29..29",NA,9,2024
"A29..29",NA,10,2024
"A29..29",NA,11,2024
"A29..29",NA,12,2024
"A29..29",NA,13,2024
"A29..29",1,14,2024
"A29..29",NA,15,2024
"A29..29",NA,16,2024
"A29..29",NA,17,2024
"A29..29",NA,18,2024
"A29..29",NA,19,2024
"A29..29",1,20,2024
"A29..29",1,21,2024
"A29..29",NA,22,2024
"A29..29",2,23,2024
"A29..29",1,24,2024
"A29..29",NA,25,2024
"A29..29",NA,26,2024
"A29..29",NA,27,2024
"A29..29",3,28,2024
"A29..29",NA,29,2024
"A29..29",NA,30,2024
"A29..29",NA,31,2024
"A29..29",NA,32,2024
"A29..29",NA,33,2024
"A29..29",NA,34,2024
"A29..29",NA,35,2024
"A29..29",NA,36,2024
"A29..29",NA,37,2024
"A29..29",NA,38,2024
"A29..29",1,39,2024
"A29..29",1,40,2024
"A29..29",NA,41,2024
"A29..29",NA,42,2024
"A29..29",NA,43,2024
"A29..29",NA,44,2024
"A29..29",2,45,2024
"A29..29",1,46,2024
"A29..29",1,47,2024
"A29..29",1,48,2024
"A29..29",NA,49,2024
"A29..29",NA,50,2024
"A29..29",NA,51,2024
"A29..29",NA,52,2024
"A30..30",2,1,2024
"A30..30",NA,2,2024
"A30..30",1,3,2024
"A30..30",2,4,2024
"A30..30",NA,5,2024
"A30..30",1,6,2024
"A30..30",1,7,2024
"A30..30",NA,8,2024
"A30..30",NA,9,2024
"A30..30",NA,10,2024
"A30..30",1,11,2024
"A30..30",NA,12,2024
"A30..30",1,13,2024
"A30..30",NA,14,2024
"A30..30",NA,15,2024
"A30..30",1,16,2024
"A30..30",NA,17,2024
"A30..30",NA,18,2024
"A30..30",NA,19,2024
"A30..30",1,20,2024
"A30..30",NA,21,2024
"A30..30",NA,22,2024
"A30..30",NA,23,2024
"A30..30",NA,24,2024
"A30..30",NA,25,2024
"A30..30",NA,26,2024
"A30..30",1,27,2024
"A30..30",NA,28,2024
"A30..30",NA,29,2024
"A30..30",NA,30,2024
"A30..30",NA,31,2024
"A30..30",1,32,2024
"A30..30",NA,33,2024
"A30..30",NA,34,2024
"A30..30",NA,35,2024
"A30..30",NA,36,2024
"A30..30",NA,37,2024
"A30..30",NA,38,2024
"A30..30",NA,39,2024
"A30..30",NA,40,2024
"A30..30",NA,41,2024
"A30..30",NA,42,2024
"A30..30",NA,43,2024
"A30..30",1,44,2024
"A30..30",NA,45,2024
"A30..30",1,46,2024
"A30..30",NA,47,2024
"A30..30",NA,48,2024
"A30..30",NA,49,2024
"A30..30",NA,50,2024
"A30..30",NA,51,2024
"A30..30",NA,52,2024
"A31..31",NA,1,2024
"A31..31",NA,2,2024
"A31..31",1,3,2024
"A31..31",NA,4,2024
"A31..31",NA,5,2024
"A31..31",NA,6,2024
"A31..31",1,7,2024
"A31..31",NA,8,2024
"A31..31",NA,9,2024
"A31..31",NA,10,2024
"A31..31",NA,11,2024
"A31..31",1,12,2024
"A31..31",NA,13,2024
"A31..31",NA,14,2024
"A31..31",1,15,2024
"A31..31",NA,16,2024
"A31..31",NA,17,2024
"A31..31",NA,18,2024
"A31..31",2,19,2024
"A31..31",1,20,2024
"A31..31",NA,21,2024
"A31..31",1,22,2024
"A31..31",1,23,2024
"A31..31",NA,24,2024
"A31..31",NA,25,2024
"A31..31",NA,26,2024
"A31..31",1,27,2024
"A31..31",NA,28,2024
"A31..31",NA,29,2024
"A31..31",1,30,2024
"A31..31",NA,31,2024
"A31..31",NA,32,2024
"A31..31",NA,33,2024
"A31..31",NA,34,2024
"A31..31",NA,35,2024
"A31..31",NA,36,2024
"A31..31",1,37,2024
"A31..31",NA,38,2024
"A31..31",NA,39,2024
"A31..31",NA,40,2024
"A31..31",2,41,2024
"A31..31",2,42,2024
"A31..31",NA,43,2024
"A31..31",1,44,2024
"A31..31",NA,45,2024
"A31..31",NA,46,2024
"A31..31",NA,47,2024
"A31..31",NA,48,2024
"A31..31",1,49,2024
"A31..31",NA,50,2024
"A31..31",2,51,2024
"A31..31",NA,52,2024
"A32..32",3,1,2024
"A32..32",1,2,2024
"A32..32",NA,3,2024
"A32..32",NA,4,2024
"A32..32",NA,5,2024
"A32..32",1,6,2024
"A32..32",1,7,2024
"A32..32",1,8,2024
"A32..32",1,9,2024
"A32..32",1,10,2024
"A32..32",NA,11,2024
"A32..32",2,12,2024
"A32..32",1,13,2024
"A32..32",NA,14,2024
"A32..32",1,15,2024
"A32..32",NA,16,2024
"A32..32",NA,17,2024
"A32..32",NA,18,2024
"A32..32",NA,19,2024
"A32..32",3,20,2024
"A32..32",NA,21,2024
"A32..32",NA,22,2024
"A32..32",NA,23,2024
"A32..32",NA,24,2024
"A32..32",NA,25,2024
"A32..32",NA,26,2024
"A32..32",NA,27,2024
"A32..32",1,28,2024
"A32..32",NA,29,2024
"A32..32",NA,30,2024
"A32..32",NA,31,2024
"A32..32",NA,32,2024
"A32..32",NA,33,2024
"A32..32",NA,34,2024
"A32..32",NA,35,2024
"A32..32",NA,36,2024
"A32..32",1,37,2024
"A32..32",NA,38,2024
"A32..32",NA,39,2024
"A32..32",NA,40,2024
"A32..32",NA,41,2024
"A32..32",1,42,2024
"A32..32",NA,43,2024
"A32..32",NA,44,2024
"A32..32",NA,45,2024
"A32..32",NA,46,2024
"A32..32",1,47,2024
"A32..32",NA,48,2024
"A32..32",1,49,2024
"A32..32",1,50,2024
"A32..32",1,51,2024
"A32..32",NA,52,2024
"A33..33",NA,1,2024
"A33..33",2,2,2024
"A33..33",NA,3,2024
"A33..33",NA,4,2024
"A33..33",2,5,2024
"A33..33",2,6,2024
"A33..33",NA,7,2024
"A33..33",1,8,2024
"A33..33",3,9,2024
"A33..33",NA,10,2024
"A33..33",2,11,2024
"A33..33",1,12,2024
"A33..33",NA,13,2024
"A33..33",1,14,2024
"A33..33",NA,15,2024
"A33..33",NA,16,2024
"A33..33",1,17,2024
"A33..33",NA,18,2024
"A33..33",2,19,2024
"A33..33",1,20,2024
"A33..33",NA,21,2024
"A33..33",NA,22,2024
"A33..33",NA,23,2024
"A33..33",NA,24,2024
"A33..33",1,25,2024
"A33..33",1,26,2024
"A33..33",2,27,2024
"A33..33",NA,28,2024
"A33..33",NA,29,2024
"A33..33",1,30,2024
"A33..33",NA,31,2024
"A33..33",1,32,2024
"A33..33",1,33,2024
"A33..33",NA,34,2024
"A33..33",NA,35,2024
"A33..33",NA,36,2024
"A33..33",1,37,2024
"A33..33",1,38,2024
"A33..33",1,39,2024
"A33..33",NA,40,2024
"A33..33",NA,41,2024
"A33..33",1,42,2024
"A33..33",2,43,2024
"A33..33",NA,44,2024
"A33..33",NA,45,2024
"A33..33",NA,46,2024
"A33..33",NA,47,2024
"A33..33",2,48,2024
"A33..33",1,49,2024
"A33..33",NA,50,2024
"A33..33",1,51,2024
"A33..33",NA,52,2024
"A34..34",4,1,2024
"A34..34",1,2,2024
"A34..34",1,3,2024
"A34..34",3,4,2024
"A34..34",1,5,2024
"A34..34",1,6,2024
"A34..34",1,7,2024
"A34..34",NA,8,2024
"A34..34",1,9,2024
"A34..34",1,10,2024
"A34..34",NA,11,2024
"A34..34",2,12,2024
"A34..34",1,13,2024
"A34..34",NA,14,2024
"A34..34",3,15,2024
"A34..34",2,16,2024
"A34..34",NA,17,2024
"A34..34",NA,18,2024
"A34..34",1,19,2024
"A34..34",2,20,2024
"A34..34",1,21,2024
"A34..34",NA,22,2024
"A34..34",NA,23,2024
"A34..34",NA,24,2024
"A34..34",1,25,2024
"A34..34",NA,26,2024
"A34..34",NA,27,2024
"A34..34",NA,28,2024
"A34..34",NA,29,2024
"A34..34",NA,30,2024
"A34..34",NA,31,2024
"A34..34",NA,32,2024
"A34..34",NA,33,2024
"A34..34",NA,34,2024
"A34..34",NA,35,2024
"A34..34",NA,36,2024
"A34..34",NA,37,2024
"A34..34",NA,38,2024
"A34..34",1,39,2024
"A34..34",1,40,2024
"A34..34",NA,41,2024
"A34..34",NA,42,2024
"A34..34",NA,43,2024
"A34..34",1,44,2024
"A34..34",2,45,2024
"A34..34",NA,46,2024
"A34..34",NA,47,2024
"A34..34",1,48,2024
"A34..34",2,49,2024
"A34..34",1,50,2024
"A34..34",1,51,2024
"A34..34",1,52,2024
"A35..35",2,1,2024
"A35..35",3,2,2024
"A35..35",NA,3,2024
"A35..35",2,4,2024
"A35..35",3,5,2024
"A35..35",2,6,2024
"A35..35",3,7,2024
"A35..35",4,8,2024
"A35..35",1,9,2024
"A35..35",1,10,2024
"A35..35",1,11,2024
"A35..35",NA,12,2024
"A35..35",NA,13,2024
"A35..35",NA,14,2024
"A35..35",1,15,2024
"A35..35",NA,16,2024
"A35..35",NA,17,2024
"A35..35",3,18,2024
"A35..35",2,19,2024
"A35..35",1,20,2024
"A35..35",1,21,2024
"A35..35",NA,22,2024
"A35..35",NA,23,2024
"A35..35",NA,24,2024
"A35..35",1,25,2024
"A35..35",1,26,2024
"A35..35",1,27,2024
"A35..35",2,28,2024
"A35..35",NA,29,2024
"A35..35",NA,30,2024
"A35..35",1,31,2024
"A35..35",NA,32,2024
"A35..35",NA,33,2024
"A35..35",NA,34,2024
"A35..35",NA,35,2024
"A35..35",NA,36,2024
"A35..35",1,37,2024
"A35..35",NA,38,2024
"A35..35",2,39,2024
"A35..35",NA,40,2024
"A35..35",1,41,2024
"A35..35",NA,42,2024
"A35..35",NA,43,2024
"A35..35",1,44,2024
"A35..35",1,45,2024
"A35..35",NA,46,2024
"A35..35",NA,47,2024
"A35..35",1,48,2024
"A35..35",1,49,2024
"A35..35",NA,50,2024
"A35..35",NA,51,2024
"A35..35",NA,52,2024
"A36..36",2,1,2024
"A36..36",2,2,2024
"A36..36",1,3,2024
"A36..36",NA,4,2024
"A36..36",1,5,2024
"A36..36",3,6,2024
"A36..36",1,7,2024
"A36..36",NA,8,2024
"A36..36",1,9,2024
"A36..36",1,10,2024
"A36..36",1,11,2024
"A36..36",2,12,2024
"A36..36",1,13,2024
"A36..36",3,14,2024
"A36..36",NA,15,2024
"A36..36",NA,16,2024
"A36..36",1,17,2024
"A36..36",NA,18,2024
"A36..36",NA,19,2024
"A36..36",NA,20,2024
"A36..36",NA,21,2024
"A36..36",1,22,2024
"A36..36",NA,23,2024
"A36..36",NA,24,2024
"A36..36",NA,25,2024
"A36..36",2,26,2024
"A36..36",2,27,2024
"A36..36",NA,28,2024
"A36..36",NA,29,2024
"A36..36",NA,30,2024
"A36..36",NA,31,2024
"A36..36",NA,32,2024
"A36..36",NA,33,2024
"A36..36",NA,34,2024
"A36..36",NA,35,2024
"A36..36",1,36,2024
"A36..36",NA,37,2024
"A36..36",NA,38,2024
"A36..36",1,39,2024
"A36..36",NA,40,2024
"A36..36",1,41,2024
"A36..36",NA,42,2024
"A36..36",NA,43,2024
"A36..36",NA,44,2024
"A36..36",NA,45,2024
"A36..36",NA,46,2024
"A36..36",1,47,2024
"A36..36",NA,48,2024
"A36..36",NA,49,2024
"A36..36",NA,50,2024
"A36..36",1,51,2024
"A36..36",2,52,2024
"A37..37",3,1,2024
"A37..37",1,2,2024
"A37..37",2,3,2024
"A37..37",1,4,2024
"A37..37",2,5,2024
"A37..37",NA,6,2024
"A37..37",4,7,2024
"A37..37",NA,8,2024
"A37..37",1,9,2024
"A37..37",NA,10,2024
"A37..37",1,11,2024
"A37..37",1,12,2024
"A37..37",NA,13,2024
"A37..37",1,14,2024
"A37..37",1,15,2024
"A37..37",NA,16,2024
"A37..37",NA,17,2024
"A37..37",1,18,2024
"A37..37",2,19,2024
"A37..37",1,20,2024
"A37..37",1,21,2024
"A37..37",NA,22,2024
"A37..37",2,23,2024
"A37..37",1,24,2024
"A37..37",1,25,2024
"A37..37",1,26,2024
"A37..37",NA,27,2024
"A37..37",1,28,2024
"A37..37",2,29,2024
"A37..37",NA,30,2024
"A37..37",1,31,2024
"A37..37",NA,32,2024
"A37..37",1,33,2024
"A37..37",NA,34,2024
"A37..37",NA,35,2024
"A37..37",NA,36,2024
"A37..37",NA,37,2024
"A37..37",1,38,2024
"A37..37",NA,39,2024
"A37..37",2,40,2024
"A37..37",NA,41,2024
"A37..37",NA,42,2024
"A37..37",NA,43,2024
"A37..37",2,44,2024
"A37..37",1,45,2024
"A37..37",NA,46,2024
"A37..37",2,47,2024
"A37..37",NA,48,2024
"A37..37",NA,49,2024
"A37..37",2,50,2024
"A37..37",3,51,2024
"A37..37",1,52,2024
"A38..38",2,1,2024
"A38..38",1,2,2024
"A38..38",1,3,2024
"A38..38",1,4,2024
"A38..38",3,5,2024
"A38..38",NA,6,2024
"A38..38",NA,7,2024
"A38..38",NA,8,2024
"A38..38",1,9,2024
"A38..38",1,10,2024
"A38..38",2,11,2024
"A38..38",1,12,2024
"A38..38",NA,13,2024
"A38..38",2,14,2024
"A38..38",NA,15,2024
"A38..38",NA,16,2024
"A38..38",1,17,2024
"A38..38",2,18,2024
"A38..38",1,19,2024
"A38..38",NA,20,2024
"A38..38",1,21,2024
"A38..38",NA,22,2024
"A38..38",NA,23,2024
"A38..38",NA,24,2024
"A38..38",1,25,2024
"A38..38",1,26,2024
"A38..38",2,27,2024
"A38..38",NA,28,2024
"A38..38",NA,29,2024
"A38..38",NA,30,2024
"A38..38",1,31,2024
"A38..38",1,32,2024
"A38..38",1,33,2024
"A38..38",NA,34,2024
"A38..38",NA,35,2024
"A38..38",NA,36,2024
"A38..38",1,37,2024
"A38..38",NA,38,2024
"A38..38",1,39,2024
"A38..38",NA,40,2024
"A38..38",NA,41,2024
"A38..38",1,42,2024
"A38..38",2,43,2024
"A38..38",NA,44,2024
"A38..38",4,45,2024
"A38..38",3,46,2024
"A38..38",1,47,2024
"A38..38",1,48,2024
"A38..38",2,49,2024
"A38..38",2,50,2024
"A38..38",2,51,2024
"A38..38",1,52,2024
"A39..39",3,1,2024
"A39..39",NA,2,2024
"A39..39",NA,3,2024
"A39..39",NA,4,2024
"A39..39",3,5,2024
"A39..39",NA,6,2024
"A39..39",1,7,2024
"A39..39",2,8,2024
"A39..39",1,9,2024
"A39..39",2,10,2024
"A39..39",2,11,2024
"A39..39",4,12,2024
"A39..39",1,13,2024
"A39..39",1,14,2024
"A39..39",NA,15,2024
"A39..39",NA,16,2024
"A39..39",1,17,2024
"A39..39",1,18,2024
"A39..39",1,19,2024
"A39..39",2,20,2024
"A39..39",NA,21,2024
"A39..39",2,22,2024
"A39..39",1,23,2024
"A39..39",1,24,2024
"A39..39",NA,25,2024
"A39..39",1,26,2024
"A39..39",2,27,2024
"A39..39",1,28,2024
"A39..39",1,29,2024
"A39..39",NA,30,2024
"A39..39",1,31,2024
"A39..39",1,32,2024
"A39..39",NA,33,2024
"A39..39",1,34,2024
"A39..39",NA,35,2024
"A39..39",NA,36,2024
"A39..39",NA,37,2024
"A39..39",NA,38,2024
"A39..39",NA,39,2024
"A39..39",NA,40,2024
"A39..39",3,41,2024
"A39..39",NA,42,2024
"A39..39",NA,43,2024
"A39..39",1,44,2024
"A39..39",NA,45,2024
"A39..39",2,46,2024
"A39..39",1,47,2024
"A39..39",3,48,2024
"A39..39",1,49,2024
"A39..39",1,50,2024
"A39..39",NA,51,2024
"A39..39",NA,52,2024
"A40..40",1,1,2024
"A40..40",1,2,2024
"A40..40",2,3,2024
"A40..40",2,4,2024
"A40..40",4,5,2024
"A40..40",3,6,2024
"A40..40",2,7,2024
"A40..40",5,8,2024
"A40..40",2,9,2024
"A40..40",1,10,2024
"A40..40",4,11,2024
"A40..40",NA,12,2024
"A40..40",1,13,2024
"A40..40",NA,14,2024
"A40..40",1,15,2024
"A40..40",2,16,2024
"A40..40",2,17,2024
"A40..40",1,18,2024
"A40..40",2,19,2024
"A40..40",1,20,2024
"A40..40",2,21,2024
"A40..40",NA,22,2024
"A40..40",1,23,2024
"A40..40",2,24,2024
"A40..40",NA,25,2024
"A40..40",NA,26,2024
"A40..40",NA,27,2024
"A40..40",1,28,2024
"A40..40",2,29,2024
"A40..40",2,30,2024
"A40..40",NA,31,2024
"A40..40",NA,32,2024
"A40..40",NA,33,2024
"A40..40",NA,34,2024
"A40..40",NA,35,2024
"A40..40",1,36,2024
"A40..40",1,37,2024
"A40..40",NA,38,2024
"A40..40",1,39,2024
"A40..40",NA,40,2024
"A40..40",2,41,2024
"A40..40",2,42,2024
"A40..40",2,43,2024
"A40..40",1,44,2024
"A40..40",1,45,2024
"A40..40",2,46,2024
"A40..40",1,47,2024
"A40..40",1,48,2024
"A40..40",3,49,2024
"A40..40",2,50,2024
"A40..40",2,51,2024
"A40..40",NA,52,2024
"A41..41",3,1,2024
"A41..41",1,2,2024
"A41..41",1,3,2024
"A41..41",1,4,2024
"A41..41",NA,5,2024
"A41..41",4,6,2024
"A41..41",2,7,2024
"A41..41",4,8,2024
"A41..41",1,9,2024
"A41..41",2,10,2024
"A41..41",1,11,2024
"A41..41",1,12,2024
"A41..41",2,13,2024
"A41..41",3,14,2024
"A41..41",1,15,2024
"A41..41",2,16,2024
"A41..41",NA,17,2024
"A41..41",2,18,2024
"A41..41",2,19,2024
"A41..41",1,20,2024
"A41..41",NA,21,2024
"A41..41",2,22,2024
"A41..41",1,23,2024
"A41..41",2,24,2024
"A41..41",NA,25,2024
"A41..41",1,26,2024
"A41..41",NA,27,2024
"A41..41",1,28,2024
"A41..41",NA,29,2024
"A41..41",2,30,2024
"A41..41",NA,31,2024
"A41..41",NA,32,2024
"A41..41",1,33,2024
"A41..41",1,34,2024
"A41..41",1,35,2024
"A41..41",NA,36,2024
"A41..41",NA,37,2024
"A41..41",1,38,2024
"A41..41",1,39,2024
"A41..41",NA,40,2024
"A41..41",2,41,2024
"A41..41",NA,42,2024
"A41..41",2,43,2024
"A41..41",NA,44,2024
"A41..41",1,45,2024
"A41..41",NA,46,2024
"A41..41",1,47,2024
"A41..41",2,48,2024
"A41..41",1,49,2024
"A41..41",2,50,2024
"A41..41",1,51,2024
"A41..41",2,52,2024
"A42..42",1,1,2024
"A42..42",NA,2,2024
"A42..42",1,3,2024
"A42..42",1,4,2024
"A42..42",2,5,2024
"A42..42",2,6,2024
"A42..42",NA,7,2024
"A42..42",1,8,2024
"A42..42",NA,9,2024
"A42..42",4,10,2024
"A42..42",2,11,2024
"A42..42",2,12,2024
"A42..42",1,13,2024
"A42..42",2,14,2024
"A42..42",4,15,2024
"A42..42",1,16,2024
"A42..42",NA,17,2024
"A42..42",NA,18,2024
"A42..42",1,19,2024
"A42..42",1,20,2024
"A42..42",NA,21,2024
"A42..42",1,22,2024
"A42..42",NA,23,2024
"A42..42",1,24,2024
"A42..42",NA,25,2024
"A42..42",NA,26,2024
"A42..42",2,27,2024
"A42..42",NA,28,2024
"A42..42",NA,29,2024
"A42..42",1,30,2024
"A42..42",1,31,2024
"A42..42",NA,32,2024
"A42..42",NA,33,2024
"A42..42",1,34,2024
"A42..42",NA,35,2024
"A42..42",1,36,2024
"A42..42",1,37,2024
"A42..42",NA,38,2024
"A42..42",1,39,2024
"A42..42",1,40,2024
"A42..42",NA,41,2024
"A42..42",1,42,2024
"A42..42",2,43,2024
"A42..42",1,44,2024
"A42..42",NA,45,2024
"A42..42",NA,46,2024
"A42..42",NA,47,2024
"A42..42",NA,48,2024
"A42..42",2,49,2024
"A42..42",NA,50,2024
"A42..42",1,51,2024
"A42..42",NA,52,2024
"A43..43",5,1,2024
"A43..43",1,2,2024
"A43..43",1,3,2024
"A43..43",NA,4,2024
"A43..43",2,5,2024
"A43..43",3,6,2024
"A43..43",2,7,2024
"A43..43",5,8,2024
"A43..43",1,9,2024
"A43..43",NA,10,2024
"A43..43",2,11,2024
"A43..43",1,12,2024
"A43..43",1,13,2024
"A43..43",2,14,2024
"A43..43",NA,15,2024
"A43..43",NA,16,2024
"A43..43",1,17,2024
"A43..43",1,18,2024
"A43..43",2,19,2024
"A43..43",2,20,2024
"A43..43",NA,21,2024
"A43..43",1,22,2024
"A43..43",1,23,2024
"A43..43",1,24,2024
"A43..43",NA,25,2024
"A43..43",3,26,2024
"A43..43",2,27,2024
"A43..43",NA,28,2024
"A43..43",NA,29,2024
"A43..43",1,30,2024
"A43..43",NA,31,2024
"A43..43",NA,32,2024
"A43..43",NA,33,2024
"A43..43",1,34,2024
"A43..43",2,35,2024
"A43..43",1,36,2024
"A43..43",NA,37,2024
"A43..43",2,38,2024
"A43..43",1,39,2024
"A43..43",1,40,2024
"A43..43",1,41,2024
"A43..43",1,42,2024
"A43..43",1,43,2024
"A43..43",NA,44,2024
"A43..43",NA,45,2024
"A43..43",1,46,2024
"A43..43",1,47,2024
"A43..43",3,48,2024
"A43..43",1,49,2024
"A43..43",NA,50,2024
"A43..43",2,51,2024
"A43..43",NA,52,2024
"A44..44",5,1,2024
"A44..44",4,2,2024
"A44..44",1,3,2024
"A44..44",NA,4,2024
"A44..44",NA,5,2024
"A44..44",1,6,2024
"A44..44",6,7,2024
"A44..44",3,8,2024
"A44..44",1,9,2024
"A44..44",2,10,2024
"A44..44",2,11,2024
"A44..44",5,12,2024
"A44..44",NA,13,2024
"A44..44",NA,14,2024
"A44..44",2,15,2024
"A44..44",1,16,2024
"A44..44",NA,17,2024
"A44..44",1,18,2024
"A44..44",NA,19,2024
"A44..44",1,20,2024
"A44..44",NA,21,2024
"A44..44",NA,22,2024
"A44..44",NA,23,2024
"A44..44",NA,24,2024
"A44..44",1,25,2024
"A44..44",NA,26,2024
"A44..44",NA,27,2024
"A44..44",2,28,2024
"A44..44",NA,29,2024
"A44..44",2,30,2024
"A44..44",2,31,2024
"A44..44",NA,32,2024
"A44..44",1,33,2024
"A44..44",NA,34,2024
"A44..44",2,35,2024
"A44..44",NA,36,2024
"A44..44",NA,37,2024
"A44..44",NA,38,2024
"A44..44",NA,39,2024
"A44..44",1,40,2024
"A44..44",1,41,2024
"A44..44",1,42,2024
"A44..44",1,43,2024
"A44..44",1,44,2024
"A44..44",NA,45,2024
"A44..44",1,46,2024
"A44..44",NA,47,2024
"A44..44",NA,48,2024
"A44..44",NA,49,2024
"A44..44",NA,50,2024
"A44..44",3,51,2024
"A44..44",1,52,2024
"A45..45",2,1,2024
"A45..45",1,2,2024
"A45..45",1,3,2024
"A45..45",1,4,2024
"A45..45",2,5,2024
"A45..45",3,6,2024
"A45..45",2,7,2024
"A45..45",5,8,2024
"A45..45",NA,9,2024
"A45..45",5,10,2024
"A45..45",1,11,2024
"A45..45",1,12,2024
"A45..45",NA,13,2024
"A45..45",NA,14,2024
"A45..45",2,15,2024
"A45..45",2,16,2024
"A45..45",NA,17,2024
"A45..45",2,18,2024
"A45..45",1,19,2024
"A45..45",1,20,2024
"A45..45",NA,21,2024
"A45..45",2,22,2024
"A45..45",NA,23,2024
"A45..45",NA,24,2024
"A45..45",NA,25,2024
"A45..45",NA,26,2024
"A45..45",3,27,2024
"A45..45",NA,28,2024
"A45..45",2,29,2024
"A45..45",NA,30,2024
"A45..45",1,31,2024
"A45..45",1,32,2024
"A45..45",1,33,2024
"A45..45",1,34,2024
"A45..45",NA,35,2024
"A45..45",NA,36,2024
"A45..45",1,37,2024
"A45..45",2,38,2024
"A45..45",NA,39,2024
"A45..45",NA,40,2024
"A45..45",NA,41,2024
"A45..45",NA,42,2024
"A45..45",NA,43,2024
"A45..45",1,44,2024
"A45..45",3,45,2024
"A45..45",1,46,2024
"A45..45",2,47,2024
"A45..45",1,48,2024
"A45..45",NA,49,2024
"A45..45",NA,50,2024
"A45..45",1,51,2024
"A45..45",1,52,2024
"A46..46",3,1,2024
"A46..46",1,2,2024
"A46..46",1,3,2024
"A46..46",NA,4,2024
"A46..46",5,5,2024
"A46..46",2,6,2024
"A46..46",2,7,2024
"A46..46",5,8,2024
"A46..46",2,9,2024
"A46..46",3,10,2024
"A46..46",NA,11,2024
"A46..46",2,12,2024
"A46..46",NA,13,2024
"A46..46",2,14,2024
"A46..46",2,15,2024
"A46..46",2,16,2024
"A46..46",1,17,2024
"A46..46",1,18,2024
"A46..46",3,19,2024
"A46..46",3,20,2024
"A46..46",1,21,2024
"A46..46",2,22,2024
"A46..46",1,23,2024
"A46..46",NA,24,2024
"A46..46",NA,25,2024
"A46..46",NA,26,2024
"A46..46",NA,27,2024
"A46..46",NA,28,2024
"A46..46",1,29,2024
"A46..46",NA,30,2024
"A46..46",NA,31,2024
"A46..46",1,32,2024
"A46..46",NA,33,2024
"A46..46",NA,34,2024
"A46..46",NA,35,2024
"A46..46",NA,36,2024
"A46..46",NA,37,2024
"A46..46",NA,38,2024
"A46..46",1,39,2024
"A46..46",1,40,2024
"A46..46",NA,41,2024
"A46..46",1,42,2024
"A46..46",NA,43,2024
"A46..46",1,44,2024
"A46..46",1,45,2024
"A46..46",NA,46,2024
"A46..46",3,47,2024
"A46..46",NA,48,2024
"A46..46",NA,49,2024
"A46..46",4,50,2024
"A46..46",1,51,2024
"A46..46",1,52,2024
"A47..47",1,1,2024
"A47..47",3,2,2024
"A47..47",3,3,2024
"A47..47",1,4,2024
"A47..47",2,5,2024
"A47..47",NA,6,2024
"A47..47",1,7,2024
"A47..47",NA,8,2024
"A47..47",2,9,2024
"A47..47",1,10,2024
"A47..47",NA,11,2024
"A47..47",NA,12,2024
"A47..47",NA,13,2024
"A47..47",4,14,2024
"A47..47",5,15,2024
"A47..47",NA,16,2024
"A47..47",1,17,2024
"A47..47",1,18,2024
"A47..47",NA,19,2024
"A47..47",1,20,2024
"A47..47",1,21,2024
"A47..47",2,22,2024
"A47..47",1,23,2024
"A47..47",2,24,2024
"A47..47",NA,25,2024
"A47..47",1,26,2024
"A47..47",NA,27,2024
"A47..47",NA,28,2024
"A47..47",2,29,2024
"A47..47",NA,30,2024
"A47..47",NA,31,2024
"A47..47",NA,32,2024
"A47..47",NA,33,2024
"A47..47",NA,34,2024
"A47..47",NA,35,2024
"A47..47",2,36,2024
"A47..47",NA,37,2024
"A47..47",NA,38,2024
"A47..47",1,39,2024
"A47..47",NA,40,2024
"A47..47",3,41,2024
"A47..47",1,42,2024
"A47..47",4,43,2024
"A47..47",NA,44,2024
"A47..47",NA,45,2024
"A47..47",NA,46,2024
"A47..47",2,47,2024
"A47..47",1,48,2024
"A47..47",2,49,2024
"A47..47",2,50,2024
"A47..47",NA,51,2024
"A47..47",3,52,2024
"A48..48",2,1,2024
"A48..48",2,2,2024
"A48..48",NA,3,2024
"A48..48",1,4,2024
"A48..48",1,5,2024
"A48..48",2,6,2024
"A48..48",1,7,2024
"A48..48",3,8,2024
"A48..48",2,9,2024
"A48..48",3,10,2024
"A48..48",2,11,2024
"A48..48",1,12,2024
"A48..48",NA,13,2024
"A48..48",4,14,2024
"A48..48",3,15,2024
"A48..48",2,16,2024
"A48..48",2,17,2024
"A48..48",2,18,2024
"A48..48",4,19,2024
"A48..48",2,20,2024
"A48..48",1,21,2024
"A48..48",NA,22,2024
"A48..48",2,23,2024
"A48..48",1,24,2024
"A48..48",NA,25,2024
"A48..48",1,26,2024
"A48..48",1,27,2024
"A48..48",NA,28,2024
"A48..48",NA,29,2024
"A48..48",NA,30,2024
"A48..48",1,31,2024
"A48..48",2,32,2024
"A48..48",NA,33,2024
"A48..48",NA,34,2024
"A48..48",NA,35,2024
"A48..48",NA,36,2024
"A48..48",NA,37,2024
"A48..48",NA,38,2024
"A48..48",1,39,2024
"A48..48",2,40,2024
"A48..48",1,41,2024
"A48..48",1,42,2024
"A48..48",1,43,2024
"A48..48",6,44,2024
"A48..48",2,45,2024
"A48..48",3,46,2024
"A48..48",NA,47,2024
"A48..48",3,48,2024
"A48..48",2,49,2024
"A48..48",NA,50,2024
"A48..48",3,51,2024
"A48..48",3,52,2024
"A49..49",2,1,2024
"A49..49",NA,2,2024
"A49..49",1,3,2024
"A49..49",1,4,2024
"A49..49",2,5,2024
"A49..49",2,6,2024
"A49..49",4,7,2024
"A49..49",4,8,2024
"A49..49",NA,9,2024
"A49..49",1,10,2024
"A49..49",2,11,2024
"A49..49",1,12,2024
"A49..49",3,13,2024
"A49..49",4,14,2024
"A49..49",4,15,2024
"A49..49",2,16,2024
"A49..49",1,17,2024
"A49..49",2,18,2024
"A49..49",1,19,2024
"A49..49",1,20,2024
"A49..49",1,21,2024
"A49..49",1,22,2024
"A49..49",2,23,2024
"A49..49",4,24,2024
"A49..49",1,25,2024
"A49..49",NA,26,2024
"A49..49",NA,27,2024
"A49..49",1,28,2024
"A49..49",1,29,2024
"A49..49",3,30,2024
"A49..49",NA,31,2024
"A49..49",3,32,2024
"A49..49",1,33,2024
"A49..49",NA,34,2024
"A49..49",NA,35,2024
"A49..49",NA,36,2024
"A49..49",NA,37,2024
"A49..49",NA,38,2024
"A49..49",NA,39,2024
"A49..49",NA,40,2024
"A49..49",3,41,2024
"A49..49",3,42,2024
"A49..49",NA,43,2024
"A49..49",NA,44,2024
"A49..49",1,45,2024
"A49..49",NA,46,2024
"A49..49",1,47,2024
"A49..49",NA,48,2024
"A49..49",1,49,2024
"A49..49",1,50,2024
"A49..49",NA,51,2024
"A49..49",2,52,2024
"A50..50",1,1,2024
"A50..50",3,2,2024
"A50..50",2,3,2024
"A50..50",1,4,2024
"A50..50",3,5,2024
"A50..50",3,6,2024
"A50..50",2,7,2024
"A50..50",1,8,2024
"A50..50",5,9,2024
"A50..50",NA,10,2024
"A50..50",1,11,2024
"A50..50",3,12,2024
"A50..50",1,13,2024
"A50..50",NA,14,2024
"A50..50",NA,15,2024
"A50..50",1,16,2024
"A50..50",1,17,2024
"A50..50",1,18,2024
"A50..50",NA,19,2024
"A50..50",4,20,2024
"A50..50",1,21,2024
"A50..50",1,22,2024
"A50..50",NA,23,2024
"A50..50",NA,24,2024
"A50..50",1,25,2024
"A50..50",3,26,2024
"A50..50",NA,27,2024
"A50..50",NA,28,2024
"A50..50",NA,29,2024
"A50..50",1,30,2024
"A50..50",NA,31,2024
"A50..50",2,32,2024
"A50..50",NA,33,2024
"A50..50",1,34,2024
"A50..50",NA,35,2024
"A50..50",1,36,2024
"A50..50",1,37,2024
"A50..50",NA,38,2024
"A50..50",NA,39,2024
"A50..50",NA,40,2024
"A50..50",2,41,2024
"A50..50",1,42,2024
"A50..50",1,43,2024
"A50..50",2,44,2024
"A50..50",2,45,2024
"A50..50",2,46,2024
"A50..50",NA,47,2024
"A50..50",2,48,2024
"A50..50",1,49,2024
"A50..50",NA,50,2024
"A50..50",2,51,2024
"A50..50",1,52,2024
"A51..51",5,1,2024
"A51..51",2,2,2024
"A51..51",NA,3,2024
"A51..51",4,4,2024
"A51..51",1,5,2024
"A51..51",3,6,2024
"A51..51",4,7,2024
"A51..51",1,8,2024
"A51..51",2,9,2024
"A51..51",2,10,2024
"A51..51",3,11,2024
"A51..51",NA,12,2024
"A51..51",1,13,2024
"A51..51",2,14,2024
"A51..51",1,15,2024
"A51..51",2,16,2024
"A51..51",1,17,2024
"A51..51",1,18,2024
"A51..51",NA,19,2024
"A51..51",NA,20,2024
"A51..51",1,21,2024
"A51..51",NA,22,2024
"A51..51",1,23,2024
"A51..51",NA,24,2024
"A51..51",NA,25,2024
"A51..51",2,26,2024
"A51..51",2,27,2024
"A51..51",1,28,2024
"A51..51",NA,29,2024
"A51..51",2,30,2024
"A51..51",NA,31,2024
"A51..51",NA,32,2024
"A51..51",1,33,2024
"A51..51",NA,34,2024
"A51..51",1,35,2024
"A51..51",NA,36,2024
"A51..51",1,37,2024
"A51..51",1,38,2024
"A51..51",2,39,2024
"A51..51",NA,40,2024
"A51..51",2,41,2024
"A51..51",1,42,2024
"A51..51",NA,43,2024
"A51..51",2,44,2024
"A51..51",2,45,2024
"A51..51",1,46,2024
"A51..51",3,47,2024
"A51..51",1,48,2024
"A51..51",2,49,2024
"A51..51",1,50,2024
"A51..51",NA,51,2024
"A51..51",2,52,2024
"A52..52",6,1,2024
"A52..52",2,2,2024
"A52..52",2,3,2024
"A52..52",2,4,2024
"A52..52",1,5,2024
"A52..52",2,6,2024
"A52..52",3,7,2024
"A52..52",1,8,2024
"A52..52",1,9,2024
"A52..52",3,10,2024
"A52..52",3,11,2024
"A52..52",1,12,2024
"A52..52",1,13,2024
"A52..52",4,14,2024
"A52..52",1,15,2024
"A52..52",NA,16,2024
"A52..52",NA,17,2024
"A52..52",1,18,2024
"A52..52",NA,19,2024
"A52..52",NA,20,2024
"A52..52",1,21,2024
"A52..52",1,22,2024
"A52..52",2,23,2024
"A52..52",2,24,2024
"A52..52",NA,25,2024
"A52..52",NA,26,2024
"A52..52",3,27,2024
"A52..52",NA,28,2024
"A52..52",1,29,2024
"A52..52",NA,30,2024
"A52..52",1,31,2024
"A52..52",1,32,2024
"A52..52",NA,33,2024
"A52..52",NA,34,2024
"A52..52",NA,35,2024
"A52..52",3,36,2024
"A52..52",1,37,2024
"A52..52",NA,38,2024
"A52..52",NA,39,2024
"A52..52",NA,40,2024
"A52..52",NA,41,2024
"A52..52",4,42,2024
"A52..52",1,43,2024
"A52..52",3,44,2024
"A52..52",3,45,2024
"A52..52",1,46,2024
"A52..52",3,47,2024
"A52..52",2,48,2024
"A52..52",NA,49,2024
"A52..52",1,50,2024
"A52..52",1,51,2024
"A52..52",3,52,2024
"A53..53",1,1,2024
"A53..53",3,2,2024
"A53..53",NA,3,2024
"A53..53",3,4,2024
"A53..53",5,5,2024
"A53..53",2,6,2024
"A53..53",1,7,2024
"A53..53",2,8,2024
"A53..53",3,9,2024
"A53..53",3,10,2024
"A53..53",2,11,2024
"A53..53",1,12,2024
"A53..53",2,13,2024
"A53..53",3,14,2024
"A53..53",5,15,2024
"A53..53",2,16,2024
"A53..53",NA,17,2024
"A53..53",NA,18,2024
"A53..53",NA,19,2024
"A53..53",4,20,2024
"A53..53",NA,21,2024
"A53..53",NA,22,2024
"A53..53",NA,23,2024
"A53..53",NA,24,2024
"A53..53",NA,25,2024
"A53..53",NA,26,2024
"A53..53",2,27,2024
"A53..53",2,28,2024
"A53..53",1,29,2024
"A53..53",1,30,2024
"A53..53",2,31,2024
"A53..53",NA,32,2024
"A53..53",NA,33,2024
"A53..53",2,34,2024
"A53..53",1,35,2024
"A53..53",NA,36,2024
"A53..53",NA,37,2024
"A53..53",NA,38,2024
"A53..53",1,39,2024
"A53..53",1,40,2024
"A53..53",2,41,2024
"A53..53",2,42,2024
"A53..53",3,43,2024
"A53..53",NA,44,2024
"A53..53",NA,45,2024
"A53..53",2,46,2024
"A53..53",2,47,2024
"A53..53",NA,48,2024
"A53..53",3,49,2024
"A53..53",1,50,2024
"A53..53",1,51,2024
"A53..53",1,52,2024
"A54..54",4,1,2024
"A54..54",6,2,2024
"A54..54",4,3,2024
"A54..54",2,4,2024
"A54..54",3,5,2024
"A54..54",4,6,2024
"A54..54",7,7,2024
"A54..54",NA,8,2024
"A54..54",2,9,2024
"A54..54",1,10,2024
"A54..54",3,11,2024
"A54..54",2,12,2024
"A54..54",NA,13,2024
"A54..54",NA,14,2024
"A54..54",2,15,2024
"A54..54",1,16,2024
"A54..54",2,17,2024
"A54..54",1,18,2024
"A54..54",1,19,2024
"A54..54",1,20,2024
"A54..54",3,21,2024
"A54..54",1,22,2024
"A54..54",2,23,2024
"A54..54",2,24,2024
"A54..54",NA,25,2024
"A54..54",1,26,2024
"A54..54",NA,27,2024
"A54..54",NA,28,2024
"A54..54",NA,29,2024
"A54..54",NA,30,2024
"A54..54",NA,31,2024
"A54..54",1,32,2024
"A54..54",3,33,2024
"A54..54",NA,34,2024
"A54..54",1,35,2024
"A54..54",1,36,2024
"A54..54",1,37,2024
"A54..54",NA,38,2024
"A54..54",1,39,2024
"A54..54",1,40,2024
"A54..54",1,41,2024
"A54..54",3,42,2024
"A54..54",NA,43,2024
"A54..54",4,44,2024
"A54..54",1,45,2024
"A54..54",2,46,2024
"A54..54",1,47,2024
"A54..54",4,48,2024
"A54..54",5,49,2024
"A54..54",2,50,2024
"A54..54",NA,51,2024
"A54..54",3,52,2024
"A55..55",5,1,2024
"A55..55",NA,2,2024
"A55..55",1,3,2024
"A55..55",2,4,2024
"A55..55",5,5,2024
"A55..55",6,6,2024
"A55..55",2,7,2024
"A55..55",4,8,2024
"A55..55",5,9,2024
"A55..55",2,10,2024
"A55..55",1,11,2024
"A55..55",4,12,2024
"A55..55",3,13,2024
"A55..55",6,14,2024
"A55..55",3,15,2024
"A55..55",1,16,2024
"A55..55",2,17,2024
"A55..55",5,18,2024
"A55..55",2,19,2024
"A55..55",3,20,2024
"A55..55",3,21,2024
"A55..55",2,22,2024
"A55..55",NA,23,2024
"A55..55",2,24,2024
"A55..55",1,25,2024
"A55..55",NA,26,2024
"A55..55",NA,27,2024
"A55..55",NA,28,2024
"A55..55",2,29,2024
"A55..55",2,30,2024
"A55..55",NA,31,2024
"A55..55",1,32,2024
"A55..55",NA,33,2024
"A55..55",1,34,2024
"A55..55",NA,35,2024
"A55..55",NA,36,2024
"A55..55",NA,37,2024
"A55..55",2,38,2024
"A55..55",3,39,2024
"A55..55",NA,40,2024
"A55..55",2,41,2024
"A55..55",1,42,2024
"A55..55",1,43,2024
"A55..55",3,44,2024
"A55..55",1,45,2024
"A55..55",NA,46,2024
"A55..55",1,47,2024
"A55..55",2,48,2024
"A55..55",NA,49,2024
"A55..55",4,50,2024
"A55..55",3,51,2024
"A55..55",2,52,2024
"A56..56",4,1,2024
"A56..56",2,2,2024
"A56..56",2,3,2024
"A56..56",2,4,2024
"A56..56",4,5,2024
"A56..56",3,6,2024
"A56..56",4,7,2024
"A56..56",4,8,2024
"A56..56",1,9,2024
"A56..56",2,10,2024
"A56..56",NA,11,2024
"A56..56",2,12,2024
"A56..56",4,13,2024
"A56..56",3,14,2024
"A56..56",6,15,2024
"A56..56",3,16,2024
"A56..56",2,17,2024
"A56..56",2,18,2024
"A56..56",3,19,2024
"A56..56",1,20,2024
"A56..56",4,21,2024
"A56..56",3,22,2024
"A56..56",1,23,2024
"A56..56",2,24,2024
"A56..56",1,25,2024
"A56..56",NA,26,2024
"A56..56",2,27,2024
"A56..56",3,28,2024
"A56..56",2,29,2024
"A56..56",NA,30,2024
"A56..56",1,31,2024
"A56..56",NA,32,2024
"A56..56",NA,33,2024
"A56..56",NA,34,2024
"A56..56",1,35,2024
"A56..56",NA,36,2024
"A56..56",2,37,2024
"A56..56",2,38,2024
"A56..56",1,39,2024
"A56..56",NA,40,2024
"A56..56",2,41,2024
"A56..56",3,42,2024
"A56..56",3,43,2024
"A56..56",1,44,2024
"A56..56",1,45,2024
"A56..56",1,46,2024
"A56..56",1,47,2024
"A56..56",2,48,2024
"A56..56",1,49,2024
"A56..56",1,50,2024
"A56..56",3,51,2024
"A56..56",NA,52,2024
"A57..57",2,1,2024
"A57..57",3,2,2024
"A57..57",NA,3,2024
"A57..57",3,4,2024
"A57..57",8,5,2024
"A57..57",9,6,2024
"A57..57",5,7,2024
"A57..57",8,8,2024
"A57..57",3,9,2024
"A57..57",4,10,2024
"A57..57",2,11,2024
"A57..57",6,12,2024
"A57..57",NA,13,2024
"A57..57",2,14,2024
"A57..57",6,15,2024
"A57..57",6,16,2024
"A57..57",2,17,2024
"A57..57",NA,18,2024
"A57..57",1,19,2024
"A57..57",2,20,2024
"A57..57",2,21,2024
"A57..57",1,22,2024
"A57..57",5,23,2024
"A57..57",2,24,2024
"A57..57",1,25,2024
"A57..57",2,26,2024
"A57..57",4,27,2024
"A57..57",1,28,2024
"A57..57",3,29,2024
"A57..57",NA,30,2024
"A57..57",2,31,2024
"A57..57",1,32,2024
"A57..57",2,33,2024
"A57..57",NA,34,2024
"A57..57",1,35,2024
"A57..57",NA,36,2024
"A57..57",1,37,2024
"A57..57",3,38,2024
"A57..57",1,39,2024
"A57..57",3,40,2024
"A57..57",2,41,2024
"A57..57",2,42,2024
"A57..57",NA,43,2024
"A57..57",2,44,2024
"A57..57",1,45,2024
"A57..57",3,46,2024
"A57..57",NA,47,2024
"A57..57",5,48,2024
"A57..57",2,49,2024
"A57..57",NA,50,2024
"A57..57",6,51,2024
"A57..57",2,52,2024
"A58..58",6,1,2024
"A58..58",4,2,2024
"A58..58",4,3,2024
"A58..58",1,4,2024
"A58..58",4,5,2024
"A58..58",7,6,2024
"A58..58",3,7,2024
"A58..58",2,8,2024
"A58..58",4,9,2024
"A58..58",3,10,2024
"A58..58",7,11,2024
"A58..58",NA,12,2024
"A58..58",2,13,2024
"A58..58",2,14,2024
"A58..58",5,15,2024
"A58..58",5,16,2024
"A58..58",NA,17,2024
"A58..58",3,18,2024
"A58..58",3,19,2024
"A58..58",2,20,2024
"A58..58",2,21,2024
"A58..58",2,22,2024
"A58..58",2,23,2024
"A58..58",5,24,2024
"A58..58",NA,25,2024
"A58..58",NA,26,2024
"A58..58",1,27,2024
"A58..58",4,28,2024
"A58..58",1,29,2024
"A58..58",1,30,2024
"A58..58",NA,31,2024
"A58..58",1,32,2024
"A58..58",1,33,2024
"A58..58",1,34,2024
"A58..58",1,35,2024
"A58..58",1,36,2024
"A58..58",NA,37,2024
"A58..58",1,38,2024
"A58..58",3,39,2024
"A58..58",2,40,2024
"A58..58",6,41,2024
"A58..58",4,42,2024
"A58..58",4,43,2024
"A58..58",2,44,2024
"A58..58",5,45,2024
"A58..58",4,46,2024
"A58..58",1,47,2024
"A58..58",3,48,2024
"A58..58",4,49,2024
"A58..58",3,50,2024
"A58..58",4,51,2024
"A58..58",3,52,2024
"A59..59",9,1,2024
"A59..59",4,2,2024
"A59..59",6,3,2024
"A59..59",5,4,2024
"A59..59",6,5,2024
"A59..59",4,6,2024
"A59..59",5,7,2024
"A59..59",2,8,2024
"A59..59",4,9,2024
"A59..59",1,10,2024
"A59..59",5,11,2024
"A59..59",5,12,2024
"A59..59",3,13,2024
"A59..59",2,14,2024
"A59..59",7,15,2024
"A59..59",3,16,2024
"A59..59",2,17,2024
"A59..59",2,18,2024
"A59..59",3,19,2024
"A59..59",3,20,2024
"A59..59",1,21,2024
"A59..59",4,22,2024
"A59..59",3,23,2024
"A59..59",4,24,2024
"A59..59",1,25,2024
"A59..59",3,26,2024
"A59..59",NA,27,2024
"A59..59",NA,28,2024
"A59..59",NA,29,2024
"A59..59",2,30,2024
"A59..59",2,31,2024
"A59..59",NA,32,2024
"A59..59",NA,33,2024
"A59..59",1,34,2024
"A59..59",2,35,2024
"A59..59",2,36,2024
"A59..59",1,37,2024
"A59..59",NA,38,2024
"A59..59",4,39,2024
"A59..59",5,40,2024
"A59..59",3,41,2024
"A59..59",3,42,2024
"A59..59",5,43,2024
"A59..59",1,44,2024
"A59..59",3,45,2024
"A59..59",4,46,2024
"A59..59",2,47,2024
"A59..59",2,48,2024
"A59..59",6,49,2024
"A59..59",5,50,2024
"A59..59",5,51,2024
"A59..59",6,52,2024
"A60..60",5,1,2024
"A60..60",2,2,2024
"A60..60",4,3,2024
"A60..60",6,4,2024
"A60..60",4,5,2024
"A60..60",5,6,2024
"A60..60",6,7,2024
"A60..60",4,8,2024
"A60..60",1,9,2024
"A60..60",7,10,2024
"A60..60",3,11,2024
"A60..60",2,12,2024
"A60..60",4,13,2024
"A60..60",5,14,2024
"A60..60",2,15,2024
"A60..60",3,16,2024
"A60..60",5,17,2024
"A60..60",2,18,2024
"A60..60",3,19,2024
"A60..60",1,20,2024
"A60..60",1,21,2024
"A60..60",7,22,2024
"A60..60",NA,23,2024
"A60..60",1,24,2024
"A60..60",4,25,2024
"A60..60",2,26,2024
"A60..60",1,27,2024
"A60..60",2,28,2024
"A60..60",NA,29,2024
"A60..60",2,30,2024
"A60..60",1,31,2024
"A60..60",NA,32,2024
"A60..60",1,33,2024
"A60..60",2,34,2024
"A60..60",1,35,2024
"A60..60",NA,36,2024
"A60..60",6,37,2024
"A60..60",1,38,2024
"A60..60",NA,39,2024
"A60..60",2,40,2024
"A60..60",1,41,2024
"A60..60",4,42,2024
"A60..60",3,43,2024
"A60..60",2,44,2024
"A60..60",4,45,2024
"A60..60",3,46,2024
"A60..60",1,47,2024
"A60..60",7,48,2024
"A60..60",5,49,2024
"A60..60",7,50,2024
"A60..60",3,51,2024
"A60..60",6,52,2024
"A61..61",7,1,2024
"A61..61",4,2,2024
"A61..61",3,3,2024
"A61..61",4,4,2024
"A61..61",1,5,2024
"A61..61",4,6,2024
"A61..61",4,7,2024
"A61..61",5,8,2024
"A61..61",8,9,2024
"A61..61",5,10,2024
"A61..61",5,11,2024
"A61..61",3,12,2024
"A61..61",6,13,2024
"A61..61",4,14,2024
"A61..61",3,15,2024
"A61..61",2,16,2024
"A61..61",3,17,2024
"A61..61",4,18,2024
"A61..61",7,19,2024
"A61..61",3,20,2024
"A61..61",3,21,2024
"A61..61",4,22,2024
"A61..61",3,23,2024
"A61..61",4,24,2024
"A61..61",4,25,2024
"A61..61",1,26,2024
"A61..61",2,27,2024
"A61..61",1,28,2024
"A61..61",1,29,2024
"A61..61",3,30,2024
"A61..61",3,31,2024
"A61..61",1,32,2024
"A61..61",NA,33,2024
"A61..61",1,34,2024
"A61..61",NA,35,2024
"A61..61",1,36,2024
"A61..61",1,37,2024
"A61..61",1,38,2024
"A61..61",5,39,2024
"A61..61",2,40,2024
"A61..61",2,41,2024
"A61..61",2,42,2024
"A61..61",3,43,2024
"A61..61",7,44,2024
"A61..61",5,45,2024
"A61..61",3,46,2024
"A61..61",8,47,2024
"A61..61",2,48,2024
"A61..61",6,49,2024
"A61..61",2,50,2024
"A61..61",5,51,2024
"A61..61",5,52,2024
"A62..62",9,1,2024
"A62..62",4,2,2024
"A62..62",3,3,2024
"A62..62",5,4,2024
"A62..62",3,5,2024
"A62..62",8,6,2024
"A62..62",9,7,2024
"A62..62",5,8,2024
"A62..62",5,9,2024
"A62..62",5,10,2024
"A62..62",3,11,2024
"A62..62",NA,12,2024
"A62..62",4,13,2024
"A62..62",8,14,2024
"A62..62",7,15,2024
"A62..62",3,16,2024
"A62..62",4,17,2024
"A62..62",2,18,2024
"A62..62",7,19,2024
"A62..62",6,20,2024
"A62..62",5,21,2024
"A62..62",3,22,2024
"A62..62",5,23,2024
"A62..62",1,24,2024
"A62..62",2,25,2024
"A62..62",3,26,2024
"A62..62",3,27,2024
"A62..62",1,28,2024
"A62..62",1,29,2024
"A62..62",NA,30,2024
"A62..62",NA,31,2024
"A62..62",1,32,2024
"A62..62",2,33,2024
"A62..62",NA,34,2024
"A62..62",1,35,2024
"A62..62",1,36,2024
"A62..62",3,37,2024
"A62..62",3,38,2024
"A62..62",2,39,2024
"A62..62",2,40,2024
"A62..62",NA,41,2024
"A62..62",3,42,2024
"A62..62",2,43,2024
"A62..62",5,44,2024
"A62..62",3,45,2024
"A62..62",7,46,2024
"A62..62",3,47,2024
"A62..62",3,48,2024
"A62..62",10,49,2024
"A62..62",4,50,2024
"A62..62",4,51,2024
"A62..62",4,52,2024
"A63..63",6,1,2024
"A63..63",6,2,2024
"A63..63",3,3,2024
"A63..63",4,4,2024
"A63..63",5,5,2024
"A63..63",5,6,2024
"A63..63",7,7,2024
"A63..63",4,8,2024
"A63..63",6,9,2024
"A63..63",5,10,2024
"A63..63",12,11,2024
"A63..63",5,12,2024
"A63..63",4,13,2024
"A63..63",5,14,2024
"A63..63",3,15,2024
"A63..63",9,16,2024
"A63..63",5,17,2024
"A63..63",6,18,2024
"A63..63",4,19,2024
"A63..63",3,20,2024
"A63..63",3,21,2024
"A63..63",5,22,2024
"A63..63",3,23,2024
"A63..63",5,24,2024
"A63..63",2,25,2024
"A63..63",2,26,2024
"A63..63",NA,27,2024
"A63..63",4,28,2024
"A63..63",2,29,2024
"A63..63",NA,30,2024
"A63..63",NA,31,2024
"A63..63",1,32,2024
"A63..63",3,33,2024
"A63..63",1,34,2024
"A63..63",NA,35,2024
"A63..63",1,36,2024
"A63..63",1,37,2024
"A63..63",1,38,2024
"A63..63",1,39,2024
"A63..63",2,40,2024
"A63..63",6,41,2024
"A63..63",2,42,2024
"A63..63",6,43,2024
"A63..63",4,44,2024
"A63..63",2,45,2024
"A63..63",2,46,2024
"A63..63",3,47,2024
"A63..63",6,48,2024
"A63..63",3,49,2024
"A63..63",5,50,2024
"A63..63",7,51,2024
"A63..63",4,52,2024
"A64..64",9,1,2024
"A64..64",8,2,2024
"A64..64",3,3,2024
"A64..64",1,4,2024
"A64..64",2,5,2024
"A64..64",4,6,2024
"A64..64",7,7,2024
"A64..64",2,8,2024
"A64..64",1,9,2024
"A64..64",6,10,2024
"A64..64",6,11,2024
"A64..64",5,12,2024
"A64..64",3,13,2024
"A64..64",5,14,2024
"A64..64",5,15,2024
"A64..64",7,16,2024
"A64..64",1,17,2024
"A64..64",7,18,2024
"A64..64",6,19,2024
"A64..64",6,20,2024
"A64..64",3,21,2024
"A64..64",3,22,2024
"A64..64",1,23,2024
"A64..64",5,24,2024
"A64..64",1,25,2024
"A64..64",5,26,2024
"A64..64",1,27,2024
"A64..64",1,28,2024
"A64..64",1,29,2024
"A64..64",3,30,2024
"A64..64",3,31,2024
"A64..64",NA,32,2024
"A64..64",NA,33,2024
"A64..64",3,34,2024
"A64..64",3,35,2024
"A64..64",2,36,2024
"A64..64",1,37,2024
"A64..64",2,38,2024
"A64..64",NA,39,2024
"A64..64",2,40,2024
"A64..64",4,41,2024
"A64..64",8,42,2024
"A64..64",5,43,2024
"A64..64",3,44,2024
"A64..64",4,45,2024
"A64..64",7,46,2024
"A64..64",2,47,2024
"A64..64",1,48,2024
"A64..64",7,49,2024
"A64..64",4,50,2024
"A64..64",2,51,2024
"A64..64",7,52,2024
"A65..65",7,1,2024
"A65..65",7,2,2024
"A65..65",7,3,2024
"A65..65",1,4,2024
"A65..65",6,5,2024
"A65..65",6,6,2024
"A65..65",5,7,2024
"A65..65",9,8,2024
"A65..65",5,9,2024
"A65..65",3,10,2024
"A65..65",7,11,2024
"A65..65",6,12,2024
"A65..65",4,13,2024
"A65..65",1,14,2024
"A65..65",7,15,2024
"A65..65",5,16,2024
"A65..65",2,17,2024
"A65..65",5,18,2024
"A65..65",4,19,2024
"A65..65",4,20,2024
"A65..65",5,21,2024
"A65..65",2,22,2024
"A65..65",4,23,2024
"A65..65",3,24,2024
"A65..65",2,25,2024
"A65..65",NA,26,2024
"A65..65",2,27,2024
"A65..65",2,28,2024
"A65..65",3,29,2024
"A65..65",3,30,2024
"A65..65",1,31,2024
"A65..65",1,32,2024
"A65..65",NA,33,2024
"A65..65",1,34,2024
"A65..65",4,35,2024
"A65..65",NA,36,2024
"A65..65",2,37,2024
"A65..65",NA,38,2024
"A65..65",4,39,2024
"A65..65",3,40,2024
"A65..65",3,41,2024
"A65..65",4,42,2024
"A65..65",4,43,2024
"A65..65",4,44,2024
"A65..65",4,45,2024
"A65..65",3,46,2024
"A65..65",3,47,2024
"A65..65",4,48,2024
"A65..65",5,49,2024
"A65..65",5,50,2024
"A65..65",6,51,2024
"A65..65",5,52,2024
"A66..66",11,1,2024
"A66..66",5,2,2024
"A66..66",6,3,2024
"A66..66",NA,4,2024
"A66..66",3,5,2024
"A66..66",6,6,2024
"A66..66",7,7,2024
"A66..66",5,8,2024
"A66..66",6,9,2024
"A66..66",3,10,2024
"A66..66",4,11,2024
"A66..66",3,12,2024
"A66..66",7,13,2024
"A66..66",2,14,2024
"A66..66",7,15,2024
"A66..66",4,16,2024
"A66..66",NA,17,2024
"A66..66",8,18,2024
"A66..66",5,19,2024
"A66..66",3,20,2024
"A66..66",3,21,2024
"A66..66",4,22,2024
"A66..66",4,23,2024
"A66..66",2,24,2024
"A66..66",2,25,2024
"A66..66",6,26,2024
"A66..66",4,27,2024
"A66..66",3,28,2024
"A66..66",1,29,2024
"A66..66",3,30,2024
"A66..66",NA,31,2024
"A66..66",2,32,2024
"A66..66",1,33,2024
"A66..66",2,34,2024
"A66..66",1,35,2024
"A66..66",1,36,2024
"A66..66",NA,37,2024
"A66..66",1,38,2024
"A66..66",1,39,2024
"A66..66",6,40,2024
"A66..66",5,41,2024
"A66..66",4,42,2024
"A66..66",6,43,2024
"A66..66",1,44,2024
"A66..66",6,45,2024
"A66..66",4,46,2024
"A66..66",2,47,2024
"A66..66",4,48,2024
"A66..66",4,49,2024
"A66..66",3,50,2024
"A66..66",1,51,2024
"A66..66",6,52,2024
"A67..67",9,1,2024
"A67..67",7,2,2024
"A67..67",9,3,2024
"A67..67",4,4,2024
"A67..67",6,5,2024
"A67..67",4,6,2024
"A67..67",15,7,2024
"A67..67",4,8,2024
"A67..67",7,9,2024
"A67..67",5,10,2024
"A67..67",10,11,2024
"A67..67",9,12,2024
"A67..67",6,13,2024
"A67..67",6,14,2024
"A67..67",4,15,2024
"A67..67",2,16,2024
"A67..67",7,17,2024
"A67..67",1,18,2024
"A67..67",3,19,2024
"A67..67",5,20,2024
"A67..67",1,21,2024
"A67..67",1,22,2024
"A67..67",2,23,2024
"A67..67",2,24,2024
"A67..67",3,25,2024
"A67..67",5,26,2024
"A67..67",1,27,2024
"A67..67",1,28,2024
"A67..67",2,29,2024
"A67..67",2,30,2024
"A67..67",NA,31,2024
"A67..67",2,32,2024
"A67..67",2,33,2024
"A67..67",NA,34,2024
"A67..67",1,35,2024
"A67..67",1,36,2024
"A67..67",3,37,2024
"A67..67",2,38,2024
"A67..67",2,39,2024
"A67..67",1,40,2024
"A67..67",2,41,2024
"A67..67",3,42,2024
"A67..67",4,43,2024
"A67..67",4,44,2024
"A67..67",5,45,2024
"A67..67",3,46,2024
"A67..67",5,47,2024
"A67..67",7,48,2024
"A67..67",9,49,2024
"A67..67",5,50,2024
"A67..67",8,51,2024
"A67..67",5,52,2024
"A68..68",8,1,2024
"A68..68",5,2,2024
"A68..68",4,3,2024
"A68..68",2,4,2024
"A68..68",3,5,2024
"A68..68",7,6,2024
"A68..68",6,7,2024
"A68..68",5,8,2024
"A68..68",9,9,2024
"A68..68",4,10,2024
"A68..68",4,11,2024
"A68..68",4,12,2024
"A68..68",4,13,2024
"A68..68",3,14,2024
"A68..68",6,15,2024
"A68..68",4,16,2024
"A68..68",1,17,2024
"A68..68",3,18,2024
"A68..68",6,19,2024
"A68..68",6,20,2024
"A68..68",4,21,2024
"A68..68",2,22,2024
"A68..68",3,23,2024
"A68..68",NA,24,2024
"A68..68",3,25,2024
"A68..68",3,26,2024
"A68..68",3,27,2024
"A68..68",1,28,2024
"A68..68",NA,29,2024
"A68..68",1,30,2024
"A68..68",3,31,2024
"A68..68",1,32,2024
"A68..68",4,33,2024
"A68..68",3,34,2024
"A68..68",2,35,2024
"A68..68",2,36,2024
"A68..68",3,37,2024
"A68..68",2,38,2024
"A68..68",5,39,2024
"A68..68",2,40,2024
"A68..68",1,41,2024
"A68..68",3,42,2024
"A68..68",1,43,2024
"A68..68",2,44,2024
"A68..68",4,45,2024
"A68..68",1,46,2024
"A68..68",4,47,2024
"A68..68",2,48,2024
"A68..68",5,49,2024
"A68..68",8,50,2024
"A68..68",4,51,2024
"A68..68",4,52,2024
"A69..69",11,1,2024
"A69..69",4,2,2024
"A69..69",5,3,2024
"A69..69",2,4,2024
"A69..69",5,5,2024
"A69..69",8,6,2024
"A69..69",4,7,2024
"A69..69",4,8,2024
"A69..69",3,9,2024
"A69..69",1,10,2024
"A69..69",5,11,2024
"A69..69",5,12,2024
"A69..69",4,13,2024
"A69..69",11,14,2024
"A69..69",8,15,2024
"A69..69",4,16,2024
"A69..69",4,17,2024
"A69..69",3,18,2024
"A69..69",2,19,2024
"A69..69",1,20,2024
"A69..69",2,21,2024
"A69..69",1,22,2024
"A69..69",1,23,2024
"A69..69",4,24,2024
"A69..69",3,25,2024
"A69..69",3,26,2024
"A69..69",7,27,2024
"A69..69",4,28,2024
"A69..69",3,29,2024
"A69..69",1,30,2024
"A69..69",3,31,2024
"A69..69",2,32,2024
"A69..69",NA,33,2024
"A69..69",NA,34,2024
"A69..69",1,35,2024
"A69..69",2,36,2024
"A69..69",NA,37,2024
"A69..69",3,38,2024
"A69..69",2,39,2024
"A69..69",4,40,2024
"A69..69",6,41,2024
"A69..69",3,42,2024
"A69..69",NA,43,2024
"A69..69",4,44,2024
"A69..69",4,45,2024
"A69..69",8,46,2024
"A69..69",1,47,2024
"A69..69",3,48,2024
"A69..69",6,49,2024
"A69..69",5,50,2024
"A69..69",6,51,2024
"A69..69",8,52,2024
"A70..70",11,1,2024
"A70..70",4,2,2024
"A70..70",4,3,2024
"A70..70",5,4,2024
"A70..70",8,5,2024
"A70..70",6,6,2024
"A70..70",11,7,2024
"A70..70",4,8,2024
"A70..70",3,9,2024
"A70..70",4,10,2024
"A70..70",5,11,2024
"A70..70",1,12,2024
"A70..70",4,13,2024
"A70..70",5,14,2024
"A70..70",7,15,2024
"A70..70",1,16,2024
"A70..70",4,17,2024
"A70..70",4,18,2024
"A70..70",6,19,2024
"A70..70",4,20,2024
"A70..70",1,21,2024
"A70..70",3,22,2024
"A70..70",2,23,2024
"A70..70",1,24,2024
"A70..70",2,25,2024
"A70..70",2,26,2024
"A70..70",4,27,2024
"A70..70",3,28,2024
"A70..70",4,29,2024
"A70..70",1,30,2024
"A70..70",NA,31,2024
"A70..70",2,32,2024
"A70..70",NA,33,2024
"A70..70",1,34,2024
"A70..70",NA,35,2024
"A70..70",2,36,2024
"A70..70",2,37,2024
"A70..70",NA,38,2024
"A70..70",3,39,2024
"A70..70",2,40,2024
"A70..70",4,41,2024
"A70..70",3,42,2024
"A70..70",5,43,2024
"A70..70",6,44,2024
"A70..70",2,45,2024
"A70..70",2,46,2024
"A70..70",3,47,2024
"A70..70",1,48,2024
"A70..70",7,49,2024
"A70..70",8,50,2024
"A70..70",9,51,2024
"A70..70",5,52,2024
"A71..71",7,1,2024
"A71..71",7,2,2024
"A71..71",4,3,2024
"A71..71",7,4,2024
"A71..71",2,5,2024
"A71..71",8,6,2024
"A71..71",9,7,2024
"A71..71",1,8,2024
"A71..71",6,9,2024
"A71..71",7,10,2024
"A71..71",6,11,2024
"A71..71",6,12,2024
"A71..71",5,13,2024
"A71..71",4,14,2024
"A71..71",3,15,2024
"A71..71",2,16,2024
"A71..71",2,17,2024
"A71..71",3,18,2024
"A71..71",2,19,2024
"A71..71",6,20,2024
"A71..71",4,21,2024
"A71..71",5,22,2024
"A71..71",2,23,2024
"A71..71",2,24,2024
"A71..71",1,25,2024
"A71..71",1,26,2024
"A71..71",3,27,2024
"A71..71",2,28,2024
"A71..71",2,29,2024
"A71..71",NA,30,2024
"A71..71",2,31,2024
"A71..71",NA,32,2024
"A71..71",2,33,2024
"A71..71",3,34,2024
"A71..71",2,35,2024
"A71..71",4,36,2024
"A71..71",NA,37,2024
"A71..71",3,38,2024
"A71..71",NA,39,2024
"A71..71",2,40,2024
"A71..71",3,41,2024
"A71..71",8,42,2024
"A71..71",6,43,2024
"A71..71",2,44,2024
"A71..71",3,45,2024
"A71..71",3,46,2024
"A71..71",6,47,2024
"A71..71",3,48,2024
"A71..71",3,49,2024
"A71..71",7,50,2024
"A71..71",11,51,2024
"A71..71",3,52,2024
"A72..72",6,1,2024
"A72..72",3,2,2024
"A72..72",1,3,2024
"A72..72",4,4,2024
"A72..72",6,5,2024
"A72..72",7,6,2024
"A72..72",6,7,2024
"A72..72",3,8,2024
"A72..72",4,9,2024
"A72..72",5,10,2024
"A72..72",6,11,2024
"A72..72",3,12,2024
"A72..72",4,13,2024
"A72..72",9,14,2024
"A72..72",4,15,2024
"A72..72",4,16,2024
"A72..72",1,17,2024
"A72..72",1,18,2024
"A72..72",7,19,2024
"A72..72",6,20,2024
"A72..72",4,21,2024
"A72..72",1,22,2024
"A72..72",3,23,2024
"A72..72",5,24,2024
"A72..72",1,25,2024
"A72..72",4,26,2024
"A72..72",5,27,2024
"A72..72",4,28,2024
"A72..72",1,29,2024
"A72..72",1,30,2024
"A72..72",2,31,2024
"A72..72",NA,32,2024
"A72..72",2,33,2024
"A72..72",NA,34,2024
"A72..72",3,35,2024
"A72..72",NA,36,2024
"A72..72",2,37,2024
"A72..72",4,38,2024
"A72..72",4,39,2024
"A72..72",NA,40,2024
"A72..72",6,41,2024
"A72..72",3,42,2024
"A72..72",6,43,2024
"A72..72",1,44,2024
"A72..72",2,45,2024
"A72..72",3,46,2024
"A72..72",1,47,2024
"A72..72",3,48,2024
"A72..72",5,49,2024
"A72..72",6,50,2024
"A72..72",7,51,2024
"A72..72",4,52,2024
"A73..73",4,1,2024
"A73..73",3,2,2024
"A73..73",1,3,2024
"A73..73",2,4,2024
"A73..73",2,5,2024
"A73..73",9,6,2024
"A73..73",5,7,2024
"A73..73",3,8,2024
"A73..73",3,9,2024
"A73..73",6,10,2024
"A73..73",4,11,2024
"A73..73",3,12,2024
"A73..73",4,13,2024
"A73..73",7,14,2024
"A73..73",8,15,2024
"A73..73",6,16,2024
"A73..73",2,17,2024
"A73..73",4,18,2024
"A73..73",3,19,2024
"A73..73",5,20,2024
"A73..73",2,21,2024
"A73..73",5,22,2024
"A73..73",1,23,2024
"A73..73",NA,24,2024
"A73..73",3,25,2024
"A73..73",3,26,2024
"A73..73",4,27,2024
"A73..73",3,28,2024
"A73..73",2,29,2024
"A73..73",1,30,2024
"A73..73",1,31,2024
"A73..73",3,32,2024
"A73..73",NA,33,2024
"A73..73",4,34,2024
"A73..73",NA,35,2024
"A73..73",NA,36,2024
"A73..73",NA,37,2024
"A73..73",NA,38,2024
"A73..73",2,39,2024
"A73..73",4,40,2024
"A73..73",4,41,2024
"A73..73",2,42,2024
"A73..73",NA,43,2024
"A73..73",3,44,2024
"A73..73",5,45,2024
"A73..73",4,46,2024
"A73..73",3,47,2024
"A73..73",6,48,2024
"A73..73",9,49,2024
"A73..73",6,50,2024
"A73..73",6,51,2024
"A73..73",4,52,2024
"A74..74",12,1,2024
"A74..74",8,2,2024
"A74..74",4,3,2024
"A74..74",3,4,2024
"A74..74",9,5,2024
"A74..74",4,6,2024
"A74..74",6,7,2024
"A74..74",6,8,2024
"A74..74",2,9,2024
"A74..74",1,10,2024
"A74..74",3,11,2024
"A74..74",5,12,2024
"A74..74",5,13,2024
"A74..74",4,14,2024
"A74..74",7,15,2024
"A74..74",5,16,2024
"A74..74",5,17,2024
"A74..74",5,18,2024
"A74..74",2,19,2024
"A74..74",3,20,2024
"A74..74",3,21,2024
"A74..74",4,22,2024
"A74..74",3,23,2024
"A74..74",3,24,2024
"A74..74",1,25,2024
"A74..74",4,26,2024
"A74..74",3,27,2024
"A74..74",2,28,2024
"A74..74",NA,29,2024
"A74..74",5,30,2024
"A74..74",1,31,2024
"A74..74",1,32,2024
"A74..74",2,33,2024
"A74..74",NA,34,2024
"A74..74",3,35,2024
"A74..74",3,36,2024
"A74..74",NA,37,2024
"A74..74",2,38,2024
"A74..74",4,39,2024
"A74..74",5,40,2024
"A74..74",5,41,2024
"A74..74",1,42,2024
"A74..74",4,43,2024
"A74..74",5,44,2024
"A74..74",2,45,2024
"A74..74",5,46,2024
"A74..74",1,47,2024
"A74..74",7,48,2024
"A74..74",3,49,2024
"A74..74",9,50,2024
"A74..74",3,51,2024
"A74..74",5,52,2024
"A75..75",9,1,2024
"A75..75",7,2,2024
"A75..75",5,3,2024
"A75..75",2,4,2024
"A75..75",1,5,2024
"A75..75",3,6,2024
"A75..75",9,7,2024
"A75..75",4,8,2024
"A75..75",1,9,2024
"A75..75",4,10,2024
"A75..75",6,11,2024
"A75..75",4,12,2024
"A75..75",7,13,2024
"A75..75",6,14,2024
"A75..75",7,15,2024
"A75..75",3,16,2024
"A75..75",2,17,2024
"A75..75",3,18,2024
"A75..75",NA,19,2024
"A75..75",6,20,2024
"A75..75",1,21,2024
"A75..75",3,22,2024
"A75..75",3,23,2024
"A75..75",6,24,2024
"A75..75",5,25,2024
"A75..75",3,26,2024
"A75..75",2,27,2024
"A75..75",3,28,2024
"A75..75",NA,29,2024
"A75..75",2,30,2024
"A75..75",2,31,2024
"A75..75",2,32,2024
"A75..75",1,33,2024
"A75..75",NA,34,2024
"A75..75",2,35,2024
"A75..75",1,36,2024
"A75..75",1,37,2024
"A75..75",NA,38,2024
"A75..75",4,39,2024
"A75..75",NA,40,2024
"A75..75",3,41,2024
"A75..75",3,42,2024
"A75..75",2,43,2024
"A75..75",3,44,2024
"A75..75",4,45,2024
"A75..75",7,46,2024
"A75..75",3,47,2024
"A75..75",3,48,2024
"A75..75",10,49,2024
"A75..75",6,50,2024
"A75..75",3,51,2024
"A75..75",6,52,2024
"A76..76",11,1,2024
"A76..76",9,2,2024
"A76..76",5,3,2024
"A76..76",6,4,2024
"A76..76",2,5,2024
"A76..76",5,6,2024
"A76..76",8,7,2024
"A76..76",2,8,2024
"A76..76",5,9,2024
"A76..76",2,10,2024
"A76..76",7,11,2024
"A76..76",2,12,2024
"A76..76",9,13,2024
"A76..76",7,14,2024
"A76..76",11,15,2024
"A76..76",2,16,2024
"A76..76",4,17,2024
"A76..76",2,18,2024
"A76..76",3,19,2024
"A76..76",10,20,2024
"A76..76",1,21,2024
"A76..76",1,22,2024
"A76..76",1,23,2024
"A76..76",3,24,2024
"A76..76",1,25,2024
"A76..76",2,26,2024
"A76..76",4,27,2024
"A76..76",4,28,2024
"A76..76",3,29,2024
"A76..76",1,30,2024
"A76..76",2,31,2024
"A76..76",NA,32,2024
"A76..76",1,33,2024
"A76..76",1,34,2024
"A76..76",2,35,2024
"A76..76",1,36,2024
"A76..76",2,37,2024
"A76..76",2,38,2024
"A76..76",NA,39,2024
"A76..76",NA,40,2024
"A76..76",8,41,2024
"A76..76",3,42,2024
"A76..76",3,43,2024
"A76..76",3,44,2024
"A76..76",NA,45,2024
"A76..76",2,46,2024
"A76..76",NA,47,2024
"A76..76",7,48,2024
"A76..76",4,49,2024
"A76..76",6,50,2024
"A76..76",5,51,2024
"A76..76",4,52,2024
"A77..77",7,1,2024
"A77..77",10,2,2024
"A77..77",1,3,2024
"A77..77",3,4,2024
"A77..77",NA,5,2024
"A77..77",2,6,2024
"A77..77",12,7,2024
"A77..77",6,8,2024
"A77..77",5,9,2024
"A77..77",2,10,2024
"A77..77",4,11,2024
"A77..77",6,12,2024
"A77..77",8,13,2024
"A77..77",7,14,2024
"A77..77",6,15,2024
"A77..77",3,16,2024
"A77..77",2,17,2024
"A77..77",9,18,2024
"A77..77",6,19,2024
"A77..77",2,20,2024
"A77..77",1,21,2024
"A77..77",1,22,2024
"A77..77",3,23,2024
"A77..77",NA,24,2024
"A77..77",2,25,2024
"A77..77",3,26,2024
"A77..77",1,27,2024
"A77..77",3,28,2024
"A77..77",2,29,2024
"A77..77",2,30,2024
"A77..77",1,31,2024
"A77..77",NA,32,2024
"A77..77",2,33,2024
"A77..77",NA,34,2024
"A77..77",1,35,2024
"A77..77",1,36,2024
"A77..77",3,37,2024
"A77..77",1,38,2024
"A77..77",2,39,2024
"A77..77",2,40,2024
"A77..77",3,41,2024
"A77..77",2,42,2024
"A77..77",4,43,2024
"A77..77",5,44,2024
"A77..77",10,45,2024
"A77..77",1,46,2024
"A77..77",4,47,2024
"A77..77",5,48,2024
"A77..77",5,49,2024
"A77..77",5,50,2024
"A77..77",1,51,2024
"A77..77",7,52,2024
"A78..78",7,1,2024
"A78..78",4,2,2024
"A78..78",4,3,2024
"A78..78",2,4,2024
"A78..78",7,5,2024
"A78..78",4,6,2024
"A78..78",6,7,2024
"A78..78",5,8,2024
"A78..78",3,9,2024
"A78..78",6,10,2024
"A78..78",4,11,2024
"A78..78",4,12,2024
"A78..78",3,13,2024
"A78..78",3,14,2024
"A78..78",3,15,2024
"A78..78",2,16,2024
"A78..78",2,17,2024
"A78..78",2,18,2024
"A78..78",6,19,2024
"A78..78",1,20,2024
"A78..78",4,21,2024
"A78..78",1,22,2024
"A78..78",3,23,2024
"A78..78",3,24,2024
"A78..78",3,25,2024
"A78..78",3,26,2024
"A78..78",1,27,2024
"A78..78",NA,28,2024
"A78..78",1,29,2024
"A78..78",1,30,2024
"A78..78",1,31,2024
"A78..78",1,32,2024
"A78..78",1,33,2024
"A78..78",NA,34,2024
"A78..78",1,35,2024
"A78..78",1,36,2024
"A78..78",NA,37,2024
"A78..78",2,38,2024
"A78..78",2,39,2024
"A78..78",1,40,2024
"A78..78",4,41,2024
"A78..78",3,42,2024
"A78..78",3,43,2024
"A78..78",3,44,2024
"A78..78",1,45,2024
"A78..78",3,46,2024
"A78..78",3,47,2024
"A78..78",2,48,2024
"A78..78",3,49,2024
"A78..78",4,50,2024
"A78..78",4,51,2024
"A78..78",2,52,2024
"A79..79",8,1,2024
"A79..79",8,2,2024
"A79..79",3,3,2024
"A79..79",1,4,2024
"A79..79",5,5,2024
"A79..79",6,6,2024
"A79..79",4,7,2024
"A79..79",7,8,2024
"A79..79",5,9,2024
"A79..79",6,10,2024
"A79..79",2,11,2024
"A79..79",6,12,2024
"A79..79",4,13,2024
"A79..79",5,14,2024
"A79..79",4,15,2024
"A79..79",3,16,2024
"A79..79",7,17,2024
"A79..79",2,18,2024
"A79..79",4,19,2024
"A79..79",6,20,2024
"A79..79",7,21,2024
"A79..79",2,22,2024
"A79..79",2,23,2024
"A79..79",3,24,2024
"A79..79",2,25,2024
"A79..79",3,26,2024
"A79..79",NA,27,2024
"A79..79",NA,28,2024
"A79..79",1,29,2024
"A79..79",2,30,2024
"A79..79",1,31,2024
"A79..79",NA,32,2024
"A79..79",NA,33,2024
"A79..79",NA,34,2024
"A79..79",2,35,2024
"A79..79",2,36,2024
"A79..79",1,37,2024
"A79..79",2,38,2024
"A79..79",5,39,2024
"A79..79",1,40,2024
"A79..79",1,41,2024
"A79..79",7,42,2024
"A79..79",1,43,2024
"A79..79",3,44,2024
"A79..79",2,45,2024
"A79..79",4,46,2024
"A79..79",4,47,2024
"A79..79",3,48,2024
"A79..79",2,49,2024
"A79..79",5,50,2024
"A79..79",9,51,2024
"A79..79",3,52,2024
"A80.",99,1,2024
"A80.",90,2,2024
"A80.",37,3,2024
"A80.",35,4,2024
"A80.",56,5,2024
"A80.",58,6,2024
"A80.",81,7,2024
"A80.",65,8,2024
"A80.",53,9,2024
"A80.",59,10,2024
"A80.",65,11,2024
"A80.",46,12,2024
"A80.",60,13,2024
"A80.",88,14,2024
"A80.",84,15,2024
"A80.",59,16,2024
"A80.",44,17,2024
"A80.",48,18,2024
"A80.",71,19,2024
"A80.",88,20,2024
"A80.",59,21,2024
"A80.",37,22,2024
"A80.",27,23,2024
"A80.",29,24,2024
"A80.",24,25,2024
"A80.",36,26,2024
"A80.",22,27,2024
"A80.",29,28,2024
"A80.",26,29,2024
"A80.",29,30,2024
"A80.",15,31,2024
"A80.",15,32,2024
"A80.",12,33,2024
"A80.",6,34,2024
"A80.",9,35,2024
"A80.",16,36,2024
"A80.",11,37,2024
"A80.",29,38,2024
"A80.",18,39,2024
"A80.",36,40,2024
"A80.",53,41,2024
"A80.",44,42,2024
"A80.",52,43,2024
"A80.",37,44,2024
"A80.",50,45,2024
"A80.",49,46,2024
"A80.",55,47,2024
"A80.",57,48,2024
"A80.",62,49,2024
"A80.",66,50,2024
"A80.",68,51,2024
"A80.",66,52,2024
"Unbekannt",NA,1,2024
"Unbekannt",NA,2,2024
"Unbekannt",NA,3,2024
"Unbekannt",NA,4,2024
"Unbekannt",NA,5,2024
"Unbekannt",NA,6,2024
"Unbekannt",NA,7,2024
"Unbekannt",NA,8,2024
"Unbekannt",NA,9,2024
"Unbekannt",NA,10,2024
"Unbekannt",NA,11,2024
"Unbekannt",NA,12,2024
"Unbekannt",NA,13,2024
"Unbekannt",NA,14,2024
"Unbekannt",NA,15,2024
"Unbekannt",NA,16,2024
"Unbekannt",NA,17,2024
"Unbekannt",NA,18,2024
"Unbekannt",NA,19,2024
"Unbekannt",NA,20,2024
"Unbekannt",NA,21,2024
"Unbekannt",NA,22,2024
"Unbekannt",NA,23,2024
"Unbekannt",NA,24,2024
"Unbekannt",1,25,2024
"Unbekannt",NA,26,2024
"Unbekannt",NA,27,2024
"Unbekannt",NA,28,2024
"Unbekannt",NA,29,2024
"Unbekannt",NA,30,2024
"Unbekannt",NA,31,2024
"Unbekannt",NA,32,2024
"Unbekannt",NA,33,2024
"Unbekannt",NA,34,2024
"Unbekannt",NA,35,2024
"Unbekannt",NA,36,2024
"Unbekannt",NA,37,2024
"Unbekannt",1,38,2024
"Unbekannt",NA,39,2024
"Unbekannt",NA,40,2024
"Unbekannt",1,41,2024
"Unbekannt",NA,42,2024
"Unbekannt",NA,43,2024
"Unbekannt",NA,44,2024
"Unbekannt",NA,45,2024
"Unbekannt",NA,46,2024
"Unbekannt",NA,47,2024
"Unbekannt",NA,48,2024
"Unbekannt",NA,49,2024
"Unbekannt",NA,50,2024
"Unbekannt",NA,51,2024
"Unbekannt",NA,52,2024
