"stratum","value","week","year"
"A00..00",79,1,2022
"A00..00",75,2,2022
"A00..00",65,3,2022
"A00..00",91,4,2022
"A00..00",83,5,2022
"A00..00",66,6,2022
"A00..00",55,7,2022
"A01..01",129,1,2022
"A01..01",180,2,2022
"A01..01",185,3,2022
"A01..01",185,4,2022
"A01..01",165,5,2022
"A01..01",139,6,2022
"A01..01",115,7,2022
"A02..02",97,1,2022
"A02..02",139,2,2022
"A02..02",162,3,2022
"A02..02",156,4,2022
"A02..02",142,5,2022
"A02..02",105,6,2022
"A02..02",107,7,2022
"A03..03",41,1,2022
"A03..03",77,2,2022
"A03..03",73,3,2022
"A03..03",78,4,2022
"A03..03",72,5,2022
"A03..03",45,6,2022
"A03..03",55,7,2022
"A04..04",19,1,2022
"A04..04",39,2,2022
"A04..04",47,3,2022
"A04..04",72,4,2022
"A04..04",32,5,2022
"A04..04",32,6,2022
"A04..04",22,7,2022
"A05..05",15,1,2022
"A05..05",27,2,2022
"A05..05",28,3,2022
"A05..05",44,4,2022
"A05..05",23,5,2022
"A05..05",22,6,2022
"A05..05",22,7,2022
"A06..06",10,1,2022
"A06..06",15,2,2022
"A06..06",31,3,2022
"A06..06",24,4,2022
"A06..06",21,5,2022
"A06..06",18,6,2022
"A06..06",11,7,2022
"A07..07",9,1,2022
"A07..07",9,2,2022
"A07..07",11,3,2022
"A07..07",4,4,2022
"A07..07",11,5,2022
"A07..07",3,6,2022
"A07..07",6,7,2022
"A08..08",4,1,2022
"A08..08",8,2,2022
"A08..08",5,3,2022
"A08..08",7,4,2022
"A08..08",4,5,2022
"A08..08",1,6,2022
"A08..08",3,7,2022
"A09..09",7,1,2022
"A09..09",6,2,2022
"A09..09",3,3,2022
"A09..09",4,4,2022
"A09..09",5,5,2022
"A09..09",9,6,2022
"A09..09",7,7,2022
"A10..10",7,1,2022
"A10..10",2,2,2022
"A10..10",4,3,2022
"A10..10",4,4,2022
"A10..10",3,5,2022
"A10..10",4,6,2022
"A10..10",7,7,2022
"A11..11",2,1,2022
"A11..11",4,2,2022
"A11..11",3,3,2022
"A11..11",1,4,2022
"A11..11",6,5,2022
"A11..11",7,6,2022
"A11..11",3,7,2022
"A12..12",7,1,2022
"A12..12",2,2,2022
"A12..12",2,3,2022
"A12..12",5,4,2022
"A12..12",3,5,2022
"A12..12",2,6,2022
"A12..12",2,7,2022
"A13..13",5,1,2022
"A13..13",3,2,2022
"A13..13",5,3,2022
"A13..13",4,4,2022
"A13..13",5,5,2022
"A13..13",4,6,2022
"A13..13",3,7,2022
"A14..14",3,1,2022
"A14..14",4,2,2022
"A14..14",4,3,2022
"A14..14",1,4,2022
"A14..14",4,5,2022
"A14..14",3,6,2022
"A14..14",4,7,2022
"A15..15",4,1,2022
"A15..15",5,2,2022
"A15..15",2,3,2022
"A15..15",3,4,2022
"A15..15",2,5,2022
"A15..15",2,6,2022
"A15..15",1,7,2022
"A16..16",6,1,2022
"A16..16",9,2,2022
"A16..16",12,3,2022
"A16..16",11,4,2022
"A16..16",5,5,2022
"A16..16",5,6,2022
"A16..16",2,7,2022
"A17..17",11,1,2022
"A17..17",16,2,2022
"A17..17",7,3,2022
"A17..17",5,4,2022
"A17..17",4,5,2022
"A17..17",10,6,2022
"A17..17",8,7,2022
"A18..18",6,1,2022
"A18..18",5,2,2022
"A18..18",7,3,2022
"A18..18",10,4,2022
"A18..18",7,5,2022
"A18..18",4,6,2022
"A18..18",3,7,2022
"A19..19",9,1,2022
"A19..19",2,2,2022
"A19..19",6,3,2022
"A19..19",5,4,2022
"A19..19",7,5,2022
"A19..19",6,6,2022
"A19..19",4,7,2022
"A20..20",14,1,2022
"A20..20",13,2,2022
"A20..20",7,3,2022
"A20..20",12,4,2022
"A20..20",8,5,2022
"A20..20",6,6,2022
"A20..20",6,7,2022
"A21..21",11,1,2022
"A21..21",18,2,2022
"A21..21",7,3,2022
"A21..21",6,4,2022
"A21..21",7,5,2022
"A21..21",8,6,2022
"A21..21",3,7,2022
"A22..22",9,1,2022
"A22..22",9,2,2022
"A22..22",13,3,2022
"A22..22",8,4,2022
"A22..22",10,5,2022
"A22..22",12,6,2022
"A22..22",4,7,2022
"A23..23",6,1,2022
"A23..23",8,2,2022
"A23..23",7,3,2022
"A23..23",10,4,2022
"A23..23",7,5,2022
"A23..23",6,6,2022
"A23..23",3,7,2022
"A24..24",10,1,2022
"A24..24",14,2,2022
"A24..24",11,3,2022
"A24..24",7,4,2022
"A24..24",13,5,2022
"A24..24",8,6,2022
"A24..24",6,7,2022
"A25..25",9,1,2022
"A25..25",6,2,2022
"A25..25",9,3,2022
"A25..25",9,4,2022
"A25..25",9,5,2022
"A25..25",4,6,2022
"A25..25",6,7,2022
"A26..26",8,1,2022
"A26..26",14,2,2022
"A26..26",5,3,2022
"A26..26",9,4,2022
"A26..26",9,5,2022
"A26..26",6,6,2022
"A26..26",3,7,2022
"A27..27",11,1,2022
"A27..27",16,2,2022
"A27..27",8,3,2022
"A27..27",7,4,2022
"A27..27",4,5,2022
"A27..27",7,6,2022
"A27..27",7,7,2022
"A28..28",4,1,2022
"A28..28",16,2,2022
"A28..28",11,3,2022
"A28..28",12,4,2022
"A28..28",12,5,2022
"A28..28",11,6,2022
"A28..28",6,7,2022
"A29..29",8,1,2022
"A29..29",7,2,2022
"A29..29",9,3,2022
"A29..29",14,4,2022
"A29..29",10,5,2022
"A29..29",11,6,2022
"A29..29",5,7,2022
"A30..30",18,1,2022
"A30..30",12,2,2022
"A30..30",12,3,2022
"A30..30",14,4,2022
"A30..30",3,5,2022
"A30..30",4,6,2022
"A30..30",5,7,2022
"A31..31",9,1,2022
"A31..31",13,2,2022
"A31..31",9,3,2022
"A31..31",10,4,2022
"A31..31",12,5,2022
"A31..31",13,6,2022
"A31..31",10,7,2022
"A32..32",13,1,2022
"A32..32",8,2,2022
"A32..32",8,3,2022
"A32..32",16,4,2022
"A32..32",8,5,2022
"A32..32",6,6,2022
"A32..32",11,7,2022
"A33..33",12,1,2022
"A33..33",9,2,2022
"A33..33",14,3,2022
"A33..33",8,4,2022
"A33..33",6,5,2022
"A33..33",8,6,2022
"A33..33",7,7,2022
"A34..34",7,1,2022
"A34..34",5,2,2022
"A34..34",20,3,2022
"A34..34",9,4,2022
"A34..34",7,5,2022
"A34..34",7,6,2022
"A34..34",5,7,2022
"A35..35",10,1,2022
"A35..35",14,2,2022
"A35..35",11,3,2022
"A35..35",4,4,2022
"A35..35",9,5,2022
"A35..35",11,6,2022
"A35..35",6,7,2022
"A36..36",14,1,2022
"A36..36",15,2,2022
"A36..36",15,3,2022
"A36..36",8,4,2022
"A36..36",9,5,2022
"A36..36",4,6,2022
"A36..36",10,7,2022
"A37..37",12,1,2022
"A37..37",6,2,2022
"A37..37",9,3,2022
"A37..37",11,4,2022
"A37..37",10,5,2022
"A37..37",9,6,2022
"A37..37",6,7,2022
"A38..38",10,1,2022
"A38..38",12,2,2022
"A38..38",9,3,2022
"A38..38",11,4,2022
"A38..38",8,5,2022
"A38..38",4,6,2022
"A38..38",3,7,2022
"A39..39",10,1,2022
"A39..39",7,2,2022
"A39..39",13,3,2022
"A39..39",11,4,2022
"A39..39",10,5,2022
"A39..39",4,6,2022
"A39..39",5,7,2022
"A40..40",5,1,2022
"A40..40",8,2,2022
"A40..40",11,3,2022
"A40..40",9,4,2022
"A40..40",7,5,2022
"A40..40",8,6,2022
"A40..40",4,7,2022
"A41..41",9,1,2022
"A41..41",12,2,2022
"A41..41",15,3,2022
"A41..41",8,4,2022
"A41..41",4,5,2022
"A41..41",4,6,2022
"A41..41",5,7,2022
"A42..42",10,1,2022
"A42..42",7,2,2022
"A42..42",6,3,2022
"A42..42",10,4,2022
"A42..42",6,5,2022
"A42..42",8,6,2022
"A42..42",9,7,2022
"A43..43",11,1,2022
"A43..43",5,2,2022
"A43..43",12,3,2022
"A43..43",5,4,2022
"A43..43",3,5,2022
"A43..43",5,6,2022
"A43..43",2,7,2022
"A44..44",7,1,2022
"A44..44",9,2,2022
"A44..44",6,3,2022
"A44..44",6,4,2022
"A44..44",6,5,2022
"A44..44",6,6,2022
"A44..44",5,7,2022
"A45..45",6,1,2022
"A45..45",1,2,2022
"A45..45",10,3,2022
"A45..45",14,4,2022
"A45..45",4,5,2022
"A45..45",3,6,2022
"A45..45",1,7,2022
"A46..46",13,1,2022
"A46..46",7,2,2022
"A46..46",9,3,2022
"A46..46",8,4,2022
"A46..46",6,5,2022
"A46..46",8,6,2022
"A46..46",5,7,2022
"A47..47",6,1,2022
"A47..47",8,2,2022
"A47..47",15,3,2022
"A47..47",8,4,2022
"A47..47",1,5,2022
"A47..47",10,6,2022
"A47..47",6,7,2022
"A48..48",8,1,2022
"A48..48",11,2,2022
"A48..48",11,3,2022
"A48..48",7,4,2022
"A48..48",7,5,2022
"A48..48",5,6,2022
"A48..48",4,7,2022
"A49..49",9,1,2022
"A49..49",9,2,2022
"A49..49",9,3,2022
"A49..49",8,4,2022
"A49..49",7,5,2022
"A49..49",7,6,2022
"A49..49",4,7,2022
"A50..50",8,1,2022
"A50..50",14,2,2022
"A50..50",8,3,2022
"A50..50",15,4,2022
"A50..50",6,5,2022
"A50..50",8,6,2022
"A50..50",6,7,2022
"A51..51",21,1,2022
"A51..51",12,2,2022
"A51..51",19,3,2022
"A51..51",11,4,2022
"A51..51",11,5,2022
"A51..51",13,6,2022
"A51..51",3,7,2022
"A52..52",4,1,2022
"A52..52",14,2,2022
"A52..52",11,3,2022
"A52..52",9,4,2022
"A52..52",8,5,2022
"A52..52",5,6,2022
"A52..52",3,7,2022
"A53..53",12,1,2022
"A53..53",11,2,2022
"A53..53",12,3,2022
"A53..53",15,4,2022
"A53..53",11,5,2022
"A53..53",9,6,2022
"A53..53",10,7,2022
"A54..54",16,1,2022
"A54..54",13,2,2022
"A54..54",11,3,2022
"A54..54",12,4,2022
"A54..54",8,5,2022
"A54..54",17,6,2022
"A54..54",11,7,2022
"A55..55",12,1,2022
"A55..55",14,2,2022
"A55..55",15,3,2022
"A55..55",15,4,2022
"A55..55",11,5,2022
"A55..55",17,6,2022
"A55..55",13,7,2022
"A56..56",26,1,2022
"A56..56",15,2,2022
"A56..56",17,3,2022
"A56..56",14,4,2022
"A56..56",18,5,2022
"A56..56",13,6,2022
"A56..56",10,7,2022
"A57..57",20,1,2022
"A57..57",15,2,2022
"A57..57",18,3,2022
"A57..57",20,4,2022
"A57..57",13,5,2022
"A57..57",21,6,2022
"A57..57",17,7,2022
"A58..58",15,1,2022
"A58..58",11,2,2022
"A58..58",22,3,2022
"A58..58",20,4,2022
"A58..58",12,5,2022
"A58..58",18,6,2022
"A58..58",9,7,2022
"A59..59",18,1,2022
"A59..59",14,2,2022
"A59..59",25,3,2022
"A59..59",19,4,2022
"A59..59",10,5,2022
"A59..59",14,6,2022
"A59..59",9,7,2022
"A60..60",15,1,2022
"A60..60",18,2,2022
"A60..60",23,3,2022
"A60..60",20,4,2022
"A60..60",17,5,2022
"A60..60",9,6,2022
"A60..60",15,7,2022
"A61..61",21,1,2022
"A61..61",15,2,2022
"A61..61",14,3,2022
"A61..61",20,4,2022
"A61..61",11,5,2022
"A61..61",16,6,2022
"A61..61",13,7,2022
"A62..62",13,1,2022
"A62..62",23,2,2022
"A62..62",16,3,2022
"A62..62",12,4,2022
"A62..62",7,5,2022
"A62..62",25,6,2022
"A62..62",16,7,2022
"A63..63",10,1,2022
"A63..63",18,2,2022
"A63..63",21,3,2022
"A63..63",15,4,2022
"A63..63",15,5,2022
"A63..63",16,6,2022
"A63..63",8,7,2022
"A64..64",15,1,2022
"A64..64",16,2,2022
"A64..64",15,3,2022
"A64..64",11,4,2022
"A64..64",15,5,2022
"A64..64",9,6,2022
"A64..64",11,7,2022
"A65..65",13,1,2022
"A65..65",14,2,2022
"A65..65",18,3,2022
"A65..65",9,4,2022
"A65..65",18,5,2022
"A65..65",12,6,2022
"A65..65",11,7,2022
"A66..66",12,1,2022
"A66..66",12,2,2022
"A66..66",16,3,2022
"A66..66",11,4,2022
"A66..66",13,5,2022
"A66..66",2,6,2022
"A66..66",9,7,2022
"A67..67",8,1,2022
"A67..67",16,2,2022
"A67..67",16,3,2022
"A67..67",20,4,2022
"A67..67",17,5,2022
"A67..67",16,6,2022
"A67..67",12,7,2022
"A68..68",19,1,2022
"A68..68",10,2,2022
"A68..68",11,3,2022
"A68..68",12,4,2022
"A68..68",12,5,2022
"A68..68",10,6,2022
"A68..68",2,7,2022
"A69..69",29,1,2022
"A69..69",19,2,2022
"A69..69",10,3,2022
"A69..69",21,4,2022
"A69..69",12,5,2022
"A69..69",19,6,2022
"A69..69",10,7,2022
"A70..70",32,1,2022
"A70..70",23,2,2022
"A70..70",18,3,2022
"A70..70",15,4,2022
"A70..70",16,5,2022
"A70..70",14,6,2022
"A70..70",10,7,2022
"A71..71",24,1,2022
"A71..71",26,2,2022
"A71..71",29,3,2022
"A71..71",15,4,2022
"A71..71",21,5,2022
"A71..71",14,6,2022
"A71..71",9,7,2022
"A72..72",18,1,2022
"A72..72",19,2,2022
"A72..72",19,3,2022
"A72..72",15,4,2022
"A72..72",16,5,2022
"A72..72",21,6,2022
"A72..72",9,7,2022
"A73..73",24,1,2022
"A73..73",22,2,2022
"A73..73",22,3,2022
"A73..73",24,4,2022
"A73..73",20,5,2022
"A73..73",19,6,2022
"A73..73",18,7,2022
"A74..74",26,1,2022
"A74..74",21,2,2022
"A74..74",20,3,2022
"A74..74",23,4,2022
"A74..74",18,5,2022
"A74..74",21,6,2022
"A74..74",15,7,2022
"A75..75",30,1,2022
"A75..75",17,2,2022
"A75..75",29,3,2022
"A75..75",17,4,2022
"A75..75",16,5,2022
"A75..75",15,6,2022
"A75..75",11,7,2022
"A76..76",23,1,2022
"A76..76",17,2,2022
"A76..76",19,3,2022
"A76..76",15,4,2022
"A76..76",12,5,2022
"A76..76",18,6,2022
"A76..76",9,7,2022
"A77..77",27,1,2022
"A77..77",29,2,2022
"A77..77",27,3,2022
"A77..77",20,4,2022
"A77..77",36,5,2022
"A77..77",13,6,2022
"A77..77",20,7,2022
"A78..78",36,1,2022
"A78..78",31,2,2022
"A78..78",33,3,2022
"A78..78",39,4,2022
"A78..78",28,5,2022
"A78..78",25,6,2022
"A78..78",23,7,2022
"A79..79",40,1,2022
"A79..79",37,2,2022
"A79..79",40,3,2022
"A79..79",34,4,2022
"A79..79",24,5,2022
"A79..79",29,6,2022
"A79..79",25,7,2022
"A80.",913,1,2022
"A80.",818,2,2022
"A80.",739,3,2022
"A80.",621,4,2022
"A80.",590,5,2022
"A80.",610,6,2022
"A80.",459,7,2022
"Unbekannt",93,1,2022
"Unbekannt",87,2,2022
"Unbekannt",28,3,2022
"Unbekannt",98,4,2022
"Unbekannt",100,5,2022
"Unbekannt",36,6,2022
"Unbekannt",5,7,2022
"A00..00",5,1,2021
"A00..00",7,2,2021
"A00..00",8,3,2021
"A00..00",7,4,2021
"A00..00",6,5,2021
"A00..00",13,6,2021
"A00..00",11,7,2021
"A00..00",11,8,2021
"A00..00",8,9,2021
"A00..00",13,10,2021
"A00..00",9,11,2021
"A00..00",13,12,2021
"A00..00",8,13,2021
"A00..00",12,14,2021
"A00..00",8,15,2021
"A00..00",16,16,2021
"A00..00",11,17,2021
"A00..00",20,18,2021
"A00..00",13,19,2021
"A00..00",26,20,2021
"A00..00",14,21,2021
"A00..00",30,22,2021
"A00..00",24,23,2021
"A00..00",43,24,2021
"A00..00",48,25,2021
"A00..00",39,26,2021
"A00..00",48,27,2021
"A00..00",45,28,2021
"A00..00",48,29,2021
"A00..00",33,30,2021
"A00..00",45,31,2021
"A00..00",42,32,2021
"A00..00",53,33,2021
"A00..00",72,34,2021
"A00..00",59,35,2021
"A00..00",100,36,2021
"A00..00",82,37,2021
"A00..00",88,38,2021
"A00..00",81,39,2021
"A00..00",77,40,2021
"A00..00",91,41,2021
"A00..00",94,42,2021
"A00..00",93,43,2021
"A00..00",84,44,2021
"A00..00",87,45,2021
"A00..00",96,46,2021
"A00..00",107,47,2021
"A00..00",92,48,2021
"A00..00",107,49,2021
"A00..00",120,50,2021
"A00..00",103,51,2021
"A00..00",76,52,2021
"A01..01",6,1,2021
"A01..01",4,2,2021
"A01..01",15,3,2021
"A01..01",10,4,2021
"A01..01",14,5,2021
"A01..01",17,6,2021
"A01..01",14,7,2021
"A01..01",20,8,2021
"A01..01",24,9,2021
"A01..01",26,10,2021
"A01..01",50,11,2021
"A01..01",46,12,2021
"A01..01",16,13,2021
"A01..01",27,14,2021
"A01..01",19,15,2021
"A01..01",58,16,2021
"A01..01",47,17,2021
"A01..01",49,18,2021
"A01..01",65,19,2021
"A01..01",64,20,2021
"A01..01",102,21,2021
"A01..01",133,22,2021
"A01..01",165,23,2021
"A01..01",143,24,2021
"A01..01",151,25,2021
"A01..01",238,26,2021
"A01..01",202,27,2021
"A01..01",192,28,2021
"A01..01",156,29,2021
"A01..01",195,30,2021
"A01..01",159,31,2021
"A01..01",162,32,2021
"A01..01",214,33,2021
"A01..01",235,34,2021
"A01..01",266,35,2021
"A01..01",265,36,2021
"A01..01",305,37,2021
"A01..01",329,38,2021
"A01..01",337,39,2021
"A01..01",347,40,2021
"A01..01",297,41,2021
"A01..01",278,42,2021
"A01..01",266,43,2021
"A01..01",276,44,2021
"A01..01",303,45,2021
"A01..01",321,46,2021
"A01..01",320,47,2021
"A01..01",289,48,2021
"A01..01",287,49,2021
"A01..01",270,50,2021
"A01..01",225,51,2021
"A01..01",142,52,2021
"A02..02",4,1,2021
"A02..02",5,2,2021
"A02..02",10,3,2021
"A02..02",3,4,2021
"A02..02",15,5,2021
"A02..02",1,6,2021
"A02..02",5,7,2021
"A02..02",17,8,2021
"A02..02",17,9,2021
"A02..02",15,10,2021
"A02..02",19,11,2021
"A02..02",8,12,2021
"A02..02",7,13,2021
"A02..02",17,14,2021
"A02..02",20,15,2021
"A02..02",38,16,2021
"A02..02",24,17,2021
"A02..02",36,18,2021
"A02..02",50,19,2021
"A02..02",25,20,2021
"A02..02",61,21,2021
"A02..02",95,22,2021
"A02..02",102,23,2021
"A02..02",107,24,2021
"A02..02",115,25,2021
"A02..02",188,26,2021
"A02..02",178,27,2021
"A02..02",175,28,2021
"A02..02",117,29,2021
"A02..02",103,30,2021
"A02..02",123,31,2021
"A02..02",107,32,2021
"A02..02",137,33,2021
"A02..02",153,34,2021
"A02..02",206,35,2021
"A02..02",209,36,2021
"A02..02",226,37,2021
"A02..02",247,38,2021
"A02..02",221,39,2021
"A02..02",265,40,2021
"A02..02",225,41,2021
"A02..02",227,42,2021
"A02..02",213,43,2021
"A02..02",201,44,2021
"A02..02",223,45,2021
"A02..02",269,46,2021
"A02..02",226,47,2021
"A02..02",218,48,2021
"A02..02",267,49,2021
"A02..02",241,50,2021
"A02..02",197,51,2021
"A02..02",103,52,2021
"A03..03",3,1,2021
"A03..03",NA,2,2021
"A03..03",4,3,2021
"A03..03",3,4,2021
"A03..03",2,5,2021
"A03..03",4,6,2021
"A03..03",7,7,2021
"A03..03",16,8,2021
"A03..03",4,9,2021
"A03..03",4,10,2021
"A03..03",3,11,2021
"A03..03",6,12,2021
"A03..03",3,13,2021
"A03..03",3,14,2021
"A03..03",4,15,2021
"A03..03",9,16,2021
"A03..03",7,17,2021
"A03..03",10,18,2021
"A03..03",6,19,2021
"A03..03",7,20,2021
"A03..03",12,21,2021
"A03..03",42,22,2021
"A03..03",23,23,2021
"A03..03",33,24,2021
"A03..03",43,25,2021
"A03..03",67,26,2021
"A03..03",55,27,2021
"A03..03",67,28,2021
"A03..03",35,29,2021
"A03..03",49,30,2021
"A03..03",41,31,2021
"A03..03",32,32,2021
"A03..03",53,33,2021
"A03..03",70,34,2021
"A03..03",77,35,2021
"A03..03",79,36,2021
"A03..03",100,37,2021
"A03..03",77,38,2021
"A03..03",105,39,2021
"A03..03",110,40,2021
"A03..03",82,41,2021
"A03..03",85,42,2021
"A03..03",101,43,2021
"A03..03",79,44,2021
"A03..03",112,45,2021
"A03..03",93,46,2021
"A03..03",127,47,2021
"A03..03",92,48,2021
"A03..03",119,49,2021
"A03..03",109,50,2021
"A03..03",73,51,2021
"A03..03",50,52,2021
"A04..04",5,1,2021
"A04..04",5,2,2021
"A04..04",3,3,2021
"A04..04",NA,4,2021
"A04..04",1,5,2021
"A04..04",1,6,2021
"A04..04",4,7,2021
"A04..04",10,8,2021
"A04..04",5,9,2021
"A04..04",4,10,2021
"A04..04",10,11,2021
"A04..04",2,12,2021
"A04..04",1,13,2021
"A04..04",5,14,2021
"A04..04",6,15,2021
"A04..04",7,16,2021
"A04..04",6,17,2021
"A04..04",7,18,2021
"A04..04",4,19,2021
"A04..04",3,20,2021
"A04..04",10,21,2021
"A04..04",25,22,2021
"A04..04",25,23,2021
"A04..04",49,24,2021
"A04..04",31,25,2021
"A04..04",39,26,2021
"A04..04",46,27,2021
"A04..04",51,28,2021
"A04..04",33,29,2021
"A04..04",31,30,2021
"A04..04",29,31,2021
"A04..04",22,32,2021
"A04..04",45,33,2021
"A04..04",41,34,2021
"A04..04",48,35,2021
"A04..04",65,36,2021
"A04..04",43,37,2021
"A04..04",57,38,2021
"A04..04",86,39,2021
"A04..04",67,40,2021
"A04..04",67,41,2021
"A04..04",58,42,2021
"A04..04",72,43,2021
"A04..04",58,44,2021
"A04..04",69,45,2021
"A04..04",64,46,2021
"A04..04",66,47,2021
"A04..04",64,48,2021
"A04..04",59,49,2021
"A04..04",74,50,2021
"A04..04",54,51,2021
"A04..04",29,52,2021
"A05..05",NA,1,2021
"A05..05",4,2,2021
"A05..05",NA,3,2021
"A05..05",3,4,2021
"A05..05",2,5,2021
"A05..05",1,6,2021
"A05..05",4,7,2021
"A05..05",2,8,2021
"A05..05",4,9,2021
"A05..05",4,10,2021
"A05..05",4,11,2021
"A05..05",5,12,2021
"A05..05",2,13,2021
"A05..05",5,14,2021
"A05..05",1,15,2021
"A05..05",5,16,2021
"A05..05",2,17,2021
"A05..05",1,18,2021
"A05..05",4,19,2021
"A05..05",3,20,2021
"A05..05",12,21,2021
"A05..05",30,22,2021
"A05..05",16,23,2021
"A05..05",23,24,2021
"A05..05",27,25,2021
"A05..05",33,26,2021
"A05..05",31,27,2021
"A05..05",19,28,2021
"A05..05",25,29,2021
"A05..05",35,30,2021
"A05..05",26,31,2021
"A05..05",9,32,2021
"A05..05",29,33,2021
"A05..05",25,34,2021
"A05..05",31,35,2021
"A05..05",43,36,2021
"A05..05",54,37,2021
"A05..05",35,38,2021
"A05..05",63,39,2021
"A05..05",60,40,2021
"A05..05",33,41,2021
"A05..05",47,42,2021
"A05..05",52,43,2021
"A05..05",29,44,2021
"A05..05",54,45,2021
"A05..05",34,46,2021
"A05..05",47,47,2021
"A05..05",32,48,2021
"A05..05",38,49,2021
"A05..05",42,50,2021
"A05..05",39,51,2021
"A05..05",21,52,2021
"A06..06",2,1,2021
"A06..06",1,2,2021
"A06..06",NA,3,2021
"A06..06",NA,4,2021
"A06..06",NA,5,2021
"A06..06",NA,6,2021
"A06..06",1,7,2021
"A06..06",3,8,2021
"A06..06",4,9,2021
"A06..06",4,10,2021
"A06..06",2,11,2021
"A06..06",2,12,2021
"A06..06",1,13,2021
"A06..06",2,14,2021
"A06..06",2,15,2021
"A06..06",3,16,2021
"A06..06",3,17,2021
"A06..06",3,18,2021
"A06..06",1,19,2021
"A06..06",4,20,2021
"A06..06",7,21,2021
"A06..06",15,22,2021
"A06..06",13,23,2021
"A06..06",19,24,2021
"A06..06",17,25,2021
"A06..06",29,26,2021
"A06..06",23,27,2021
"A06..06",21,28,2021
"A06..06",22,29,2021
"A06..06",19,30,2021
"A06..06",21,31,2021
"A06..06",18,32,2021
"A06..06",29,33,2021
"A06..06",15,34,2021
"A06..06",15,35,2021
"A06..06",10,36,2021
"A06..06",17,37,2021
"A06..06",17,38,2021
"A06..06",30,39,2021
"A06..06",25,40,2021
"A06..06",23,41,2021
"A06..06",21,42,2021
"A06..06",17,43,2021
"A06..06",14,44,2021
"A06..06",23,45,2021
"A06..06",22,46,2021
"A06..06",26,47,2021
"A06..06",24,48,2021
"A06..06",25,49,2021
"A06..06",29,50,2021
"A06..06",15,51,2021
"A06..06",11,52,2021
"A07..07",1,1,2021
"A07..07",NA,2,2021
"A07..07",1,3,2021
"A07..07",NA,4,2021
"A07..07",NA,5,2021
"A07..07",NA,6,2021
"A07..07",NA,7,2021
"A07..07",1,8,2021
"A07..07",1,9,2021
"A07..07",NA,10,2021
"A07..07",2,11,2021
"A07..07",NA,12,2021
"A07..07",NA,13,2021
"A07..07",NA,14,2021
"A07..07",2,15,2021
"A07..07",NA,16,2021
"A07..07",2,17,2021
"A07..07",4,18,2021
"A07..07",6,19,2021
"A07..07",3,20,2021
"A07..07",1,21,2021
"A07..07",4,22,2021
"A07..07",7,23,2021
"A07..07",3,24,2021
"A07..07",8,25,2021
"A07..07",10,26,2021
"A07..07",9,27,2021
"A07..07",3,28,2021
"A07..07",2,29,2021
"A07..07",7,30,2021
"A07..07",8,31,2021
"A07..07",2,32,2021
"A07..07",11,33,2021
"A07..07",10,34,2021
"A07..07",10,35,2021
"A07..07",8,36,2021
"A07..07",15,37,2021
"A07..07",11,38,2021
"A07..07",9,39,2021
"A07..07",9,40,2021
"A07..07",8,41,2021
"A07..07",9,42,2021
"A07..07",6,43,2021
"A07..07",3,44,2021
"A07..07",14,45,2021
"A07..07",11,46,2021
"A07..07",11,47,2021
"A07..07",6,48,2021
"A07..07",8,49,2021
"A07..07",11,50,2021
"A07..07",9,51,2021
"A07..07",10,52,2021
"A08..08",1,1,2021
"A08..08",NA,2,2021
"A08..08",NA,3,2021
"A08..08",1,4,2021
"A08..08",1,5,2021
"A08..08",NA,6,2021
"A08..08",1,7,2021
"A08..08",NA,8,2021
"A08..08",NA,9,2021
"A08..08",2,10,2021
"A08..08",NA,11,2021
"A08..08",1,12,2021
"A08..08",NA,13,2021
"A08..08",1,14,2021
"A08..08",2,15,2021
"A08..08",1,16,2021
"A08..08",2,17,2021
"A08..08",3,18,2021
"A08..08",3,19,2021
"A08..08",NA,20,2021
"A08..08",2,21,2021
"A08..08",1,22,2021
"A08..08",6,23,2021
"A08..08",4,24,2021
"A08..08",4,25,2021
"A08..08",5,26,2021
"A08..08",5,27,2021
"A08..08",10,28,2021
"A08..08",6,29,2021
"A08..08",7,30,2021
"A08..08",2,31,2021
"A08..08",1,32,2021
"A08..08",4,33,2021
"A08..08",9,34,2021
"A08..08",10,35,2021
"A08..08",9,36,2021
"A08..08",15,37,2021
"A08..08",6,38,2021
"A08..08",11,39,2021
"A08..08",4,40,2021
"A08..08",7,41,2021
"A08..08",7,42,2021
"A08..08",6,43,2021
"A08..08",3,44,2021
"A08..08",3,45,2021
"A08..08",6,46,2021
"A08..08",6,47,2021
"A08..08",2,48,2021
"A08..08",9,49,2021
"A08..08",4,50,2021
"A08..08",8,51,2021
"A08..08",1,52,2021
"A09..09",NA,1,2021
"A09..09",1,2,2021
"A09..09",NA,3,2021
"A09..09",NA,4,2021
"A09..09",4,5,2021
"A09..09",NA,6,2021
"A09..09",NA,7,2021
"A09..09",NA,8,2021
"A09..09",NA,9,2021
"A09..09",NA,10,2021
"A09..09",NA,11,2021
"A09..09",1,12,2021
"A09..09",NA,13,2021
"A09..09",NA,14,2021
"A09..09",NA,15,2021
"A09..09",3,16,2021
"A09..09",2,17,2021
"A09..09",2,18,2021
"A09..09",NA,19,2021
"A09..09",3,20,2021
"A09..09",2,21,2021
"A09..09",2,22,2021
"A09..09",1,23,2021
"A09..09",4,24,2021
"A09..09",4,25,2021
"A09..09",7,26,2021
"A09..09",5,27,2021
"A09..09",4,28,2021
"A09..09",4,29,2021
"A09..09",3,30,2021
"A09..09",2,31,2021
"A09..09",2,32,2021
"A09..09",6,33,2021
"A09..09",5,34,2021
"A09..09",8,35,2021
"A09..09",4,36,2021
"A09..09",7,37,2021
"A09..09",8,38,2021
"A09..09",4,39,2021
"A09..09",6,40,2021
"A09..09",6,41,2021
"A09..09",7,42,2021
"A09..09",1,43,2021
"A09..09",6,44,2021
"A09..09",9,45,2021
"A09..09",4,46,2021
"A09..09",5,47,2021
"A09..09",4,48,2021
"A09..09",7,49,2021
"A09..09",8,50,2021
"A09..09",6,51,2021
"A09..09",3,52,2021
"A10..10",NA,1,2021
"A10..10",NA,2,2021
"A10..10",2,3,2021
"A10..10",1,4,2021
"A10..10",1,5,2021
"A10..10",NA,6,2021
"A10..10",NA,7,2021
"A10..10",1,8,2021
"A10..10",NA,9,2021
"A10..10",1,10,2021
"A10..10",NA,11,2021
"A10..10",NA,12,2021
"A10..10",1,13,2021
"A10..10",1,14,2021
"A10..10",1,15,2021
"A10..10",1,16,2021
"A10..10",1,17,2021
"A10..10",3,18,2021
"A10..10",2,19,2021
"A10..10",2,20,2021
"A10..10",1,21,2021
"A10..10",1,22,2021
"A10..10",1,23,2021
"A10..10",NA,24,2021
"A10..10",1,25,2021
"A10..10",3,26,2021
"A10..10",3,27,2021
"A10..10",1,28,2021
"A10..10",NA,29,2021
"A10..10",4,30,2021
"A10..10",10,31,2021
"A10..10",2,32,2021
"A10..10",6,33,2021
"A10..10",7,34,2021
"A10..10",6,35,2021
"A10..10",3,36,2021
"A10..10",4,37,2021
"A10..10",8,38,2021
"A10..10",3,39,2021
"A10..10",4,40,2021
"A10..10",5,41,2021
"A10..10",2,42,2021
"A10..10",3,43,2021
"A10..10",1,44,2021
"A10..10",10,45,2021
"A10..10",9,46,2021
"A10..10",3,47,2021
"A10..10",7,48,2021
"A10..10",6,49,2021
"A10..10",6,50,2021
"A10..10",7,51,2021
"A10..10",5,52,2021
"A11..11",2,1,2021
"A11..11",1,2,2021
"A11..11",1,3,2021
"A11..11",1,4,2021
"A11..11",1,5,2021
"A11..11",1,6,2021
"A11..11",NA,7,2021
"A11..11",NA,8,2021
"A11..11",NA,9,2021
"A11..11",NA,10,2021
"A11..11",NA,11,2021
"A11..11",NA,12,2021
"A11..11",NA,13,2021
"A11..11",1,14,2021
"A11..11",NA,15,2021
"A11..11",2,16,2021
"A11..11",NA,17,2021
"A11..11",NA,18,2021
"A11..11",NA,19,2021
"A11..11",2,20,2021
"A11..11",NA,21,2021
"A11..11",1,22,2021
"A11..11",2,23,2021
"A11..11",3,24,2021
"A11..11",4,25,2021
"A11..11",1,26,2021
"A11..11",3,27,2021
"A11..11",2,28,2021
"A11..11",7,29,2021
"A11..11",1,30,2021
"A11..11",4,31,2021
"A11..11",1,32,2021
"A11..11",5,33,2021
"A11..11",3,34,2021
"A11..11",7,35,2021
"A11..11",3,36,2021
"A11..11",3,37,2021
"A11..11",4,38,2021
"A11..11",3,39,2021
"A11..11",5,40,2021
"A11..11",3,41,2021
"A11..11",3,42,2021
"A11..11",7,43,2021
"A11..11",3,44,2021
"A11..11",5,45,2021
"A11..11",2,46,2021
"A11..11",3,47,2021
"A11..11",5,48,2021
"A11..11",9,49,2021
"A11..11",9,50,2021
"A11..11",4,51,2021
"A11..11",4,52,2021
"A12..12",NA,1,2021
"A12..12",NA,2,2021
"A12..12",NA,3,2021
"A12..12",2,4,2021
"A12..12",NA,5,2021
"A12..12",NA,6,2021
"A12..12",NA,7,2021
"A12..12",1,8,2021
"A12..12",NA,9,2021
"A12..12",NA,10,2021
"A12..12",NA,11,2021
"A12..12",NA,12,2021
"A12..12",NA,13,2021
"A12..12",1,14,2021
"A12..12",NA,15,2021
"A12..12",1,16,2021
"A12..12",2,17,2021
"A12..12",NA,18,2021
"A12..12",NA,19,2021
"A12..12",NA,20,2021
"A12..12",2,21,2021
"A12..12",NA,22,2021
"A12..12",4,23,2021
"A12..12",2,24,2021
"A12..12",2,25,2021
"A12..12",4,26,2021
"A12..12",1,27,2021
"A12..12",6,28,2021
"A12..12",NA,29,2021
"A12..12",2,30,2021
"A12..12",4,31,2021
"A12..12",3,32,2021
"A12..12",6,33,2021
"A12..12",1,34,2021
"A12..12",4,35,2021
"A12..12",5,36,2021
"A12..12",7,37,2021
"A12..12",NA,38,2021
"A12..12",5,39,2021
"A12..12",12,40,2021
"A12..12",1,41,2021
"A12..12",5,42,2021
"A12..12",3,43,2021
"A12..12",7,44,2021
"A12..12",10,45,2021
"A12..12",4,46,2021
"A12..12",4,47,2021
"A12..12",2,48,2021
"A12..12",2,49,2021
"A12..12",7,50,2021
"A12..12",NA,51,2021
"A12..12",2,52,2021
"A13..13",NA,1,2021
"A13..13",NA,2,2021
"A13..13",1,3,2021
"A13..13",NA,4,2021
"A13..13",NA,5,2021
"A13..13",NA,6,2021
"A13..13",NA,7,2021
"A13..13",NA,8,2021
"A13..13",1,9,2021
"A13..13",NA,10,2021
"A13..13",NA,11,2021
"A13..13",2,12,2021
"A13..13",NA,13,2021
"A13..13",NA,14,2021
"A13..13",2,15,2021
"A13..13",NA,16,2021
"A13..13",NA,17,2021
"A13..13",1,18,2021
"A13..13",1,19,2021
"A13..13",1,20,2021
"A13..13",2,21,2021
"A13..13",1,22,2021
"A13..13",1,23,2021
"A13..13",1,24,2021
"A13..13",1,25,2021
"A13..13",4,26,2021
"A13..13",2,27,2021
"A13..13",4,28,2021
"A13..13",1,29,2021
"A13..13",1,30,2021
"A13..13",1,31,2021
"A13..13",2,32,2021
"A13..13",6,33,2021
"A13..13",4,34,2021
"A13..13",4,35,2021
"A13..13",2,36,2021
"A13..13",4,37,2021
"A13..13",2,38,2021
"A13..13",3,39,2021
"A13..13",8,40,2021
"A13..13",1,41,2021
"A13..13",2,42,2021
"A13..13",1,43,2021
"A13..13",3,44,2021
"A13..13",3,45,2021
"A13..13",5,46,2021
"A13..13",3,47,2021
"A13..13",4,48,2021
"A13..13",2,49,2021
"A13..13",6,50,2021
"A13..13",5,51,2021
"A13..13",2,52,2021
"A14..14",NA,1,2021
"A14..14",NA,2,2021
"A14..14",NA,3,2021
"A14..14",2,4,2021
"A14..14",NA,5,2021
"A14..14",1,6,2021
"A14..14",NA,7,2021
"A14..14",NA,8,2021
"A14..14",NA,9,2021
"A14..14",NA,10,2021
"A14..14",1,11,2021
"A14..14",NA,12,2021
"A14..14",1,13,2021
"A14..14",NA,14,2021
"A14..14",NA,15,2021
"A14..14",2,16,2021
"A14..14",NA,17,2021
"A14..14",1,18,2021
"A14..14",NA,19,2021
"A14..14",1,20,2021
"A14..14",NA,21,2021
"A14..14",NA,22,2021
"A14..14",4,23,2021
"A14..14",1,24,2021
"A14..14",3,25,2021
"A14..14",4,26,2021
"A14..14",1,27,2021
"A14..14",NA,28,2021
"A14..14",1,29,2021
"A14..14",1,30,2021
"A14..14",2,31,2021
"A14..14",3,32,2021
"A14..14",1,33,2021
"A14..14",4,34,2021
"A14..14",4,35,2021
"A14..14",2,36,2021
"A14..14",7,37,2021
"A14..14",3,38,2021
"A14..14",3,39,2021
"A14..14",5,40,2021
"A14..14",2,41,2021
"A14..14",7,42,2021
"A14..14",2,43,2021
"A14..14",3,44,2021
"A14..14",10,45,2021
"A14..14",3,46,2021
"A14..14",2,47,2021
"A14..14",3,48,2021
"A14..14",3,49,2021
"A14..14",11,50,2021
"A14..14",9,51,2021
"A14..14",3,52,2021
"A15..15",2,1,2021
"A15..15",NA,2,2021
"A15..15",NA,3,2021
"A15..15",1,4,2021
"A15..15",1,5,2021
"A15..15",1,6,2021
"A15..15",NA,7,2021
"A15..15",NA,8,2021
"A15..15",NA,9,2021
"A15..15",2,10,2021
"A15..15",1,11,2021
"A15..15",NA,12,2021
"A15..15",1,13,2021
"A15..15",NA,14,2021
"A15..15",1,15,2021
"A15..15",1,16,2021
"A15..15",2,17,2021
"A15..15",NA,18,2021
"A15..15",NA,19,2021
"A15..15",NA,20,2021
"A15..15",NA,21,2021
"A15..15",1,22,2021
"A15..15",1,23,2021
"A15..15",2,24,2021
"A15..15",2,25,2021
"A15..15",1,26,2021
"A15..15",4,27,2021
"A15..15",2,28,2021
"A15..15",3,29,2021
"A15..15",4,30,2021
"A15..15",6,31,2021
"A15..15",3,32,2021
"A15..15",NA,33,2021
"A15..15",4,34,2021
"A15..15",4,35,2021
"A15..15",5,36,2021
"A15..15",7,37,2021
"A15..15",2,38,2021
"A15..15",6,39,2021
"A15..15",2,40,2021
"A15..15",3,41,2021
"A15..15",2,42,2021
"A15..15",4,43,2021
"A15..15",4,44,2021
"A15..15",4,45,2021
"A15..15",6,46,2021
"A15..15",7,47,2021
"A15..15",3,48,2021
"A15..15",9,49,2021
"A15..15",9,50,2021
"A15..15",NA,51,2021
"A15..15",5,52,2021
"A16..16",1,1,2021
"A16..16",1,2,2021
"A16..16",1,3,2021
"A16..16",2,4,2021
"A16..16",3,5,2021
"A16..16",NA,6,2021
"A16..16",1,7,2021
"A16..16",1,8,2021
"A16..16",2,9,2021
"A16..16",1,10,2021
"A16..16",NA,11,2021
"A16..16",1,12,2021
"A16..16",2,13,2021
"A16..16",1,14,2021
"A16..16",1,15,2021
"A16..16",1,16,2021
"A16..16",1,17,2021
"A16..16",NA,18,2021
"A16..16",NA,19,2021
"A16..16",1,20,2021
"A16..16",1,21,2021
"A16..16",3,22,2021
"A16..16",NA,23,2021
"A16..16",6,24,2021
"A16..16",3,25,2021
"A16..16",3,26,2021
"A16..16",2,27,2021
"A16..16",3,28,2021
"A16..16",3,29,2021
"A16..16",3,30,2021
"A16..16",4,31,2021
"A16..16",2,32,2021
"A16..16",5,33,2021
"A16..16",3,34,2021
"A16..16",3,35,2021
"A16..16",7,36,2021
"A16..16",5,37,2021
"A16..16",5,38,2021
"A16..16",8,39,2021
"A16..16",3,40,2021
"A16..16",11,41,2021
"A16..16",2,42,2021
"A16..16",3,43,2021
"A16..16",5,44,2021
"A16..16",9,45,2021
"A16..16",8,46,2021
"A16..16",3,47,2021
"A16..16",1,48,2021
"A16..16",9,49,2021
"A16..16",5,50,2021
"A16..16",5,51,2021
"A16..16",8,52,2021
"A17..17",1,1,2021
"A17..17",NA,2,2021
"A17..17",NA,3,2021
"A17..17",1,4,2021
"A17..17",2,5,2021
"A17..17",1,6,2021
"A17..17",1,7,2021
"A17..17",4,8,2021
"A17..17",NA,9,2021
"A17..17",1,10,2021
"A17..17",1,11,2021
"A17..17",NA,12,2021
"A17..17",NA,13,2021
"A17..17",NA,14,2021
"A17..17",NA,15,2021
"A17..17",2,16,2021
"A17..17",2,17,2021
"A17..17",5,18,2021
"A17..17",NA,19,2021
"A17..17",1,20,2021
"A17..17",3,21,2021
"A17..17",4,22,2021
"A17..17",NA,23,2021
"A17..17",4,24,2021
"A17..17",4,25,2021
"A17..17",2,26,2021
"A17..17",1,27,2021
"A17..17",5,28,2021
"A17..17",1,29,2021
"A17..17",2,30,2021
"A17..17",4,31,2021
"A17..17",5,32,2021
"A17..17",2,33,2021
"A17..17",6,34,2021
"A17..17",7,35,2021
"A17..17",4,36,2021
"A17..17",6,37,2021
"A17..17",3,38,2021
"A17..17",4,39,2021
"A17..17",7,40,2021
"A17..17",4,41,2021
"A17..17",8,42,2021
"A17..17",6,43,2021
"A17..17",3,44,2021
"A17..17",7,45,2021
"A17..17",11,46,2021
"A17..17",8,47,2021
"A17..17",5,48,2021
"A17..17",15,49,2021
"A17..17",8,50,2021
"A17..17",8,51,2021
"A17..17",6,52,2021
"A18..18",NA,1,2021
"A18..18",1,2,2021
"A18..18",3,3,2021
"A18..18",NA,4,2021
"A18..18",NA,5,2021
"A18..18",NA,6,2021
"A18..18",1,7,2021
"A18..18",1,8,2021
"A18..18",2,9,2021
"A18..18",NA,10,2021
"A18..18",NA,11,2021
"A18..18",1,12,2021
"A18..18",NA,13,2021
"A18..18",NA,14,2021
"A18..18",1,15,2021
"A18..18",NA,16,2021
"A18..18",1,17,2021
"A18..18",NA,18,2021
"A18..18",2,19,2021
"A18..18",3,20,2021
"A18..18",1,21,2021
"A18..18",2,22,2021
"A18..18",1,23,2021
"A18..18",2,24,2021
"A18..18",3,25,2021
"A18..18",2,26,2021
"A18..18",4,27,2021
"A18..18",4,28,2021
"A18..18",3,29,2021
"A18..18",6,30,2021
"A18..18",3,31,2021
"A18..18",1,32,2021
"A18..18",7,33,2021
"A18..18",1,34,2021
"A18..18",2,35,2021
"A18..18",6,36,2021
"A18..18",2,37,2021
"A18..18",NA,38,2021
"A18..18",3,39,2021
"A18..18",7,40,2021
"A18..18",8,41,2021
"A18..18",5,42,2021
"A18..18",5,43,2021
"A18..18",8,44,2021
"A18..18",7,45,2021
"A18..18",5,46,2021
"A18..18",8,47,2021
"A18..18",4,48,2021
"A18..18",6,49,2021
"A18..18",8,50,2021
"A18..18",5,51,2021
"A18..18",4,52,2021
"A19..19",1,1,2021
"A19..19",NA,2,2021
"A19..19",NA,3,2021
"A19..19",NA,4,2021
"A19..19",NA,5,2021
"A19..19",2,6,2021
"A19..19",1,7,2021
"A19..19",2,8,2021
"A19..19",1,9,2021
"A19..19",NA,10,2021
"A19..19",3,11,2021
"A19..19",1,12,2021
"A19..19",NA,13,2021
"A19..19",NA,14,2021
"A19..19",1,15,2021
"A19..19",2,16,2021
"A19..19",3,17,2021
"A19..19",3,18,2021
"A19..19",NA,19,2021
"A19..19",3,20,2021
"A19..19",2,21,2021
"A19..19",2,22,2021
"A19..19",1,23,2021
"A19..19",3,24,2021
"A19..19",2,25,2021
"A19..19",5,26,2021
"A19..19",2,27,2021
"A19..19",3,28,2021
"A19..19",5,29,2021
"A19..19",5,30,2021
"A19..19",6,31,2021
"A19..19",2,32,2021
"A19..19",4,33,2021
"A19..19",2,34,2021
"A19..19",6,35,2021
"A19..19",7,36,2021
"A19..19",4,37,2021
"A19..19",5,38,2021
"A19..19",6,39,2021
"A19..19",8,40,2021
"A19..19",7,41,2021
"A19..19",4,42,2021
"A19..19",8,43,2021
"A19..19",7,44,2021
"A19..19",10,45,2021
"A19..19",7,46,2021
"A19..19",7,47,2021
"A19..19",7,48,2021
"A19..19",12,49,2021
"A19..19",13,50,2021
"A19..19",9,51,2021
"A19..19",5,52,2021
"A20..20",1,1,2021
"A20..20",1,2,2021
"A20..20",NA,3,2021
"A20..20",2,4,2021
"A20..20",NA,5,2021
"A20..20",NA,6,2021
"A20..20",1,7,2021
"A20..20",1,8,2021
"A20..20",1,9,2021
"A20..20",NA,10,2021
"A20..20",NA,11,2021
"A20..20",1,12,2021
"A20..20",NA,13,2021
"A20..20",NA,14,2021
"A20..20",1,15,2021
"A20..20",2,16,2021
"A20..20",1,17,2021
"A20..20",NA,18,2021
"A20..20",3,19,2021
"A20..20",2,20,2021
"A20..20",3,21,2021
"A20..20",2,22,2021
"A20..20",4,23,2021
"A20..20",3,24,2021
"A20..20",6,25,2021
"A20..20",2,26,2021
"A20..20",4,27,2021
"A20..20",5,28,2021
"A20..20",2,29,2021
"A20..20",5,30,2021
"A20..20",7,31,2021
"A20..20",1,32,2021
"A20..20",8,33,2021
"A20..20",11,34,2021
"A20..20",6,35,2021
"A20..20",5,36,2021
"A20..20",4,37,2021
"A20..20",6,38,2021
"A20..20",7,39,2021
"A20..20",8,40,2021
"A20..20",11,41,2021
"A20..20",11,42,2021
"A20..20",4,43,2021
"A20..20",9,44,2021
"A20..20",6,45,2021
"A20..20",6,46,2021
"A20..20",10,47,2021
"A20..20",11,48,2021
"A20..20",8,49,2021
"A20..20",8,50,2021
"A20..20",11,51,2021
"A20..20",7,52,2021
"A21..21",1,1,2021
"A21..21",2,2,2021
"A21..21",2,3,2021
"A21..21",3,4,2021
"A21..21",NA,5,2021
"A21..21",3,6,2021
"A21..21",1,7,2021
"A21..21",3,8,2021
"A21..21",NA,9,2021
"A21..21",NA,10,2021
"A21..21",NA,11,2021
"A21..21",NA,12,2021
"A21..21",1,13,2021
"A21..21",1,14,2021
"A21..21",3,15,2021
"A21..21",2,16,2021
"A21..21",NA,17,2021
"A21..21",2,18,2021
"A21..21",1,19,2021
"A21..21",2,20,2021
"A21..21",2,21,2021
"A21..21",3,22,2021
"A21..21",2,23,2021
"A21..21",4,24,2021
"A21..21",4,25,2021
"A21..21",5,26,2021
"A21..21",4,27,2021
"A21..21",3,28,2021
"A21..21",4,29,2021
"A21..21",8,30,2021
"A21..21",6,31,2021
"A21..21",8,32,2021
"A21..21",7,33,2021
"A21..21",5,34,2021
"A21..21",10,35,2021
"A21..21",11,36,2021
"A21..21",8,37,2021
"A21..21",11,38,2021
"A21..21",10,39,2021
"A21..21",8,40,2021
"A21..21",17,41,2021
"A21..21",10,42,2021
"A21..21",23,43,2021
"A21..21",12,44,2021
"A21..21",8,45,2021
"A21..21",12,46,2021
"A21..21",8,47,2021
"A21..21",13,48,2021
"A21..21",11,49,2021
"A21..21",12,50,2021
"A21..21",11,51,2021
"A21..21",13,52,2021
"A22..22",NA,1,2021
"A22..22",3,2,2021
"A22..22",2,3,2021
"A22..22",NA,4,2021
"A22..22",NA,5,2021
"A22..22",2,6,2021
"A22..22",1,7,2021
"A22..22",NA,8,2021
"A22..22",3,9,2021
"A22..22",NA,10,2021
"A22..22",2,11,2021
"A22..22",NA,12,2021
"A22..22",2,13,2021
"A22..22",1,14,2021
"A22..22",NA,15,2021
"A22..22",2,16,2021
"A22..22",1,17,2021
"A22..22",NA,18,2021
"A22..22",1,19,2021
"A22..22",1,20,2021
"A22..22",1,21,2021
"A22..22",3,22,2021
"A22..22",4,23,2021
"A22..22",4,24,2021
"A22..22",2,25,2021
"A22..22",6,26,2021
"A22..22",9,27,2021
"A22..22",5,28,2021
"A22..22",7,29,2021
"A22..22",5,30,2021
"A22..22",5,31,2021
"A22..22",3,32,2021
"A22..22",9,33,2021
"A22..22",6,34,2021
"A22..22",14,35,2021
"A22..22",11,36,2021
"A22..22",10,37,2021
"A22..22",6,38,2021
"A22..22",11,39,2021
"A22..22",8,40,2021
"A22..22",12,41,2021
"A22..22",8,42,2021
"A22..22",10,43,2021
"A22..22",6,44,2021
"A22..22",13,45,2021
"A22..22",10,46,2021
"A22..22",14,47,2021
"A22..22",11,48,2021
"A22..22",10,49,2021
"A22..22",9,50,2021
"A22..22",16,51,2021
"A22..22",10,52,2021
"A23..23",NA,1,2021
"A23..23",2,2,2021
"A23..23",1,3,2021
"A23..23",3,4,2021
"A23..23",NA,5,2021
"A23..23",NA,6,2021
"A23..23",1,7,2021
"A23..23",3,8,2021
"A23..23",1,9,2021
"A23..23",2,10,2021
"A23..23",NA,11,2021
"A23..23",1,12,2021
"A23..23",1,13,2021
"A23..23",2,14,2021
"A23..23",1,15,2021
"A23..23",2,16,2021
"A23..23",3,17,2021
"A23..23",1,18,2021
"A23..23",2,19,2021
"A23..23",1,20,2021
"A23..23",1,21,2021
"A23..23",1,22,2021
"A23..23",6,23,2021
"A23..23",3,24,2021
"A23..23",2,25,2021
"A23..23",9,26,2021
"A23..23",12,27,2021
"A23..23",5,28,2021
"A23..23",7,29,2021
"A23..23",6,30,2021
"A23..23",7,31,2021
"A23..23",7,32,2021
"A23..23",9,33,2021
"A23..23",15,34,2021
"A23..23",3,35,2021
"A23..23",8,36,2021
"A23..23",8,37,2021
"A23..23",5,38,2021
"A23..23",14,39,2021
"A23..23",7,40,2021
"A23..23",13,41,2021
"A23..23",6,42,2021
"A23..23",15,43,2021
"A23..23",14,44,2021
"A23..23",16,45,2021
"A23..23",17,46,2021
"A23..23",9,47,2021
"A23..23",14,48,2021
"A23..23",12,49,2021
"A23..23",9,50,2021
"A23..23",15,51,2021
"A23..23",10,52,2021
"A24..24",2,1,2021
"A24..24",NA,2,2021
"A24..24",NA,3,2021
"A24..24",4,4,2021
"A24..24",1,5,2021
"A24..24",NA,6,2021
"A24..24",NA,7,2021
"A24..24",1,8,2021
"A24..24",2,9,2021
"A24..24",NA,10,2021
"A24..24",2,11,2021
"A24..24",2,12,2021
"A24..24",1,13,2021
"A24..24",3,14,2021
"A24..24",2,15,2021
"A24..24",NA,16,2021
"A24..24",NA,17,2021
"A24..24",1,18,2021
"A24..24",1,19,2021
"A24..24",6,20,2021
"A24..24",1,21,2021
"A24..24",2,22,2021
"A24..24",4,23,2021
"A24..24",5,24,2021
"A24..24",6,25,2021
"A24..24",5,26,2021
"A24..24",6,27,2021
"A24..24",7,28,2021
"A24..24",4,29,2021
"A24..24",7,30,2021
"A24..24",6,31,2021
"A24..24",8,32,2021
"A24..24",2,33,2021
"A24..24",9,34,2021
"A24..24",7,35,2021
"A24..24",14,36,2021
"A24..24",12,37,2021
"A24..24",9,38,2021
"A24..24",8,39,2021
"A24..24",13,40,2021
"A24..24",7,41,2021
"A24..24",14,42,2021
"A24..24",9,43,2021
"A24..24",9,44,2021
"A24..24",9,45,2021
"A24..24",10,46,2021
"A24..24",16,47,2021
"A24..24",9,48,2021
"A24..24",15,49,2021
"A24..24",12,50,2021
"A24..24",10,51,2021
"A24..24",13,52,2021
"A25..25",1,1,2021
"A25..25",NA,2,2021
"A25..25",1,3,2021
"A25..25",NA,4,2021
"A25..25",2,5,2021
"A25..25",NA,6,2021
"A25..25",2,7,2021
"A25..25",1,8,2021
"A25..25",NA,9,2021
"A25..25",1,10,2021
"A25..25",NA,11,2021
"A25..25",NA,12,2021
"A25..25",1,13,2021
"A25..25",NA,14,2021
"A25..25",5,15,2021
"A25..25",1,16,2021
"A25..25",2,17,2021
"A25..25",NA,18,2021
"A25..25",3,19,2021
"A25..25",NA,20,2021
"A25..25",2,21,2021
"A25..25",4,22,2021
"A25..25",5,23,2021
"A25..25",7,24,2021
"A25..25",4,25,2021
"A25..25",5,26,2021
"A25..25",4,27,2021
"A25..25",7,28,2021
"A25..25",3,29,2021
"A25..25",8,30,2021
"A25..25",5,31,2021
"A25..25",5,32,2021
"A25..25",6,33,2021
"A25..25",6,34,2021
"A25..25",9,35,2021
"A25..25",11,36,2021
"A25..25",12,37,2021
"A25..25",7,38,2021
"A25..25",11,39,2021
"A25..25",6,40,2021
"A25..25",11,41,2021
"A25..25",14,42,2021
"A25..25",11,43,2021
"A25..25",9,44,2021
"A25..25",15,45,2021
"A25..25",21,46,2021
"A25..25",14,47,2021
"A25..25",10,48,2021
"A25..25",10,49,2021
"A25..25",11,50,2021
"A25..25",10,51,2021
"A25..25",12,52,2021
"A26..26",NA,1,2021
"A26..26",NA,2,2021
"A26..26",2,3,2021
"A26..26",3,4,2021
"A26..26",1,5,2021
"A26..26",1,6,2021
"A26..26",1,7,2021
"A26..26",1,8,2021
"A26..26",NA,9,2021
"A26..26",NA,10,2021
"A26..26",NA,11,2021
"A26..26",3,12,2021
"A26..26",1,13,2021
"A26..26",2,14,2021
"A26..26",2,15,2021
"A26..26",NA,16,2021
"A26..26",1,17,2021
"A26..26",1,18,2021
"A26..26",1,19,2021
"A26..26",1,20,2021
"A26..26",3,21,2021
"A26..26",1,22,2021
"A26..26",3,23,2021
"A26..26",7,24,2021
"A26..26",3,25,2021
"A26..26",6,26,2021
"A26..26",8,27,2021
"A26..26",4,28,2021
"A26..26",4,29,2021
"A26..26",6,30,2021
"A26..26",11,31,2021
"A26..26",2,32,2021
"A26..26",7,33,2021
"A26..26",10,34,2021
"A26..26",4,35,2021
"A26..26",9,36,2021
"A26..26",5,37,2021
"A26..26",7,38,2021
"A26..26",11,39,2021
"A26..26",13,40,2021
"A26..26",12,41,2021
"A26..26",14,42,2021
"A26..26",7,43,2021
"A26..26",7,44,2021
"A26..26",18,45,2021
"A26..26",11,46,2021
"A26..26",12,47,2021
"A26..26",8,48,2021
"A26..26",9,49,2021
"A26..26",15,50,2021
"A26..26",12,51,2021
"A26..26",10,52,2021
"A27..27",NA,1,2021
"A27..27",2,2,2021
"A27..27",1,3,2021
"A27..27",2,4,2021
"A27..27",1,5,2021
"A27..27",1,6,2021
"A27..27",NA,7,2021
"A27..27",NA,8,2021
"A27..27",NA,9,2021
"A27..27",3,10,2021
"A27..27",1,11,2021
"A27..27",NA,12,2021
"A27..27",1,13,2021
"A27..27",NA,14,2021
"A27..27",NA,15,2021
"A27..27",1,16,2021
"A27..27",NA,17,2021
"A27..27",NA,18,2021
"A27..27",1,19,2021
"A27..27",3,20,2021
"A27..27",NA,21,2021
"A27..27",1,22,2021
"A27..27",3,23,2021
"A27..27",7,24,2021
"A27..27",3,25,2021
"A27..27",5,26,2021
"A27..27",10,27,2021
"A27..27",2,28,2021
"A27..27",2,29,2021
"A27..27",8,30,2021
"A27..27",11,31,2021
"A27..27",3,32,2021
"A27..27",5,33,2021
"A27..27",12,34,2021
"A27..27",8,35,2021
"A27..27",5,36,2021
"A27..27",8,37,2021
"A27..27",7,38,2021
"A27..27",9,39,2021
"A27..27",13,40,2021
"A27..27",14,41,2021
"A27..27",11,42,2021
"A27..27",7,43,2021
"A27..27",12,44,2021
"A27..27",6,45,2021
"A27..27",13,46,2021
"A27..27",7,47,2021
"A27..27",12,48,2021
"A27..27",17,49,2021
"A27..27",18,50,2021
"A27..27",11,51,2021
"A27..27",9,52,2021
"A28..28",NA,1,2021
"A28..28",1,2,2021
"A28..28",NA,3,2021
"A28..28",1,4,2021
"A28..28",NA,5,2021
"A28..28",1,6,2021
"A28..28",1,7,2021
"A28..28",NA,8,2021
"A28..28",NA,9,2021
"A28..28",NA,10,2021
"A28..28",3,11,2021
"A28..28",2,12,2021
"A28..28",NA,13,2021
"A28..28",3,14,2021
"A28..28",1,15,2021
"A28..28",NA,16,2021
"A28..28",2,17,2021
"A28..28",2,18,2021
"A28..28",NA,19,2021
"A28..28",4,20,2021
"A28..28",3,21,2021
"A28..28",2,22,2021
"A28..28",4,23,2021
"A28..28",NA,24,2021
"A28..28",6,25,2021
"A28..28",4,26,2021
"A28..28",5,27,2021
"A28..28",6,28,2021
"A28..28",5,29,2021
"A28..28",6,30,2021
"A28..28",7,31,2021
"A28..28",6,32,2021
"A28..28",7,33,2021
"A28..28",11,34,2021
"A28..28",7,35,2021
"A28..28",16,36,2021
"A28..28",7,37,2021
"A28..28",8,38,2021
"A28..28",9,39,2021
"A28..28",6,40,2021
"A28..28",16,41,2021
"A28..28",16,42,2021
"A28..28",14,43,2021
"A28..28",15,44,2021
"A28..28",7,45,2021
"A28..28",11,46,2021
"A28..28",9,47,2021
"A28..28",11,48,2021
"A28..28",5,49,2021
"A28..28",10,50,2021
"A28..28",13,51,2021
"A28..28",18,52,2021
"A29..29",3,1,2021
"A29..29",2,2,2021
"A29..29",2,3,2021
"A29..29",2,4,2021
"A29..29",1,5,2021
"A29..29",3,6,2021
"A29..29",NA,7,2021
"A29..29",NA,8,2021
"A29..29",NA,9,2021
"A29..29",NA,10,2021
"A29..29",2,11,2021
"A29..29",NA,12,2021
"A29..29",NA,13,2021
"A29..29",2,14,2021
"A29..29",1,15,2021
"A29..29",2,16,2021
"A29..29",2,17,2021
"A29..29",1,18,2021
"A29..29",1,19,2021
"A29..29",1,20,2021
"A29..29",1,21,2021
"A29..29",NA,22,2021
"A29..29",2,23,2021
"A29..29",2,24,2021
"A29..29",3,25,2021
"A29..29",5,26,2021
"A29..29",6,27,2021
"A29..29",5,28,2021
"A29..29",8,29,2021
"A29..29",6,30,2021
"A29..29",8,31,2021
"A29..29",5,32,2021
"A29..29",3,33,2021
"A29..29",9,34,2021
"A29..29",10,35,2021
"A29..29",14,36,2021
"A29..29",12,37,2021
"A29..29",16,38,2021
"A29..29",11,39,2021
"A29..29",10,40,2021
"A29..29",13,41,2021
"A29..29",16,42,2021
"A29..29",19,43,2021
"A29..29",19,44,2021
"A29..29",9,45,2021
"A29..29",15,46,2021
"A29..29",21,47,2021
"A29..29",15,48,2021
"A29..29",11,49,2021
"A29..29",15,50,2021
"A29..29",13,51,2021
"A29..29",12,52,2021
"A30..30",NA,1,2021
"A30..30",1,2,2021
"A30..30",NA,3,2021
"A30..30",NA,4,2021
"A30..30",1,5,2021
"A30..30",2,6,2021
"A30..30",NA,7,2021
"A30..30",3,8,2021
"A30..30",3,9,2021
"A30..30",1,10,2021
"A30..30",1,11,2021
"A30..30",2,12,2021
"A30..30",NA,13,2021
"A30..30",1,14,2021
"A30..30",NA,15,2021
"A30..30",1,16,2021
"A30..30",1,17,2021
"A30..30",3,18,2021
"A30..30",2,19,2021
"A30..30",4,20,2021
"A30..30",2,21,2021
"A30..30",5,22,2021
"A30..30",2,23,2021
"A30..30",6,24,2021
"A30..30",3,25,2021
"A30..30",8,26,2021
"A30..30",10,27,2021
"A30..30",6,28,2021
"A30..30",5,29,2021
"A30..30",11,30,2021
"A30..30",7,31,2021
"A30..30",6,32,2021
"A30..30",3,33,2021
"A30..30",10,34,2021
"A30..30",11,35,2021
"A30..30",20,36,2021
"A30..30",7,37,2021
"A30..30",11,38,2021
"A30..30",16,39,2021
"A30..30",16,40,2021
"A30..30",17,41,2021
"A30..30",18,42,2021
"A30..30",15,43,2021
"A30..30",16,44,2021
"A30..30",13,45,2021
"A30..30",8,46,2021
"A30..30",11,47,2021
"A30..30",15,48,2021
"A30..30",15,49,2021
"A30..30",11,50,2021
"A30..30",16,51,2021
"A30..30",7,52,2021
"A31..31",1,1,2021
"A31..31",4,2,2021
"A31..31",3,3,2021
"A31..31",1,4,2021
"A31..31",2,5,2021
"A31..31",1,6,2021
"A31..31",NA,7,2021
"A31..31",NA,8,2021
"A31..31",4,9,2021
"A31..31",NA,10,2021
"A31..31",3,11,2021
"A31..31",2,12,2021
"A31..31",1,13,2021
"A31..31",2,14,2021
"A31..31",3,15,2021
"A31..31",1,16,2021
"A31..31",3,17,2021
"A31..31",2,18,2021
"A31..31",NA,19,2021
"A31..31",3,20,2021
"A31..31",NA,21,2021
"A31..31",1,22,2021
"A31..31",3,23,2021
"A31..31",10,24,2021
"A31..31",5,25,2021
"A31..31",14,26,2021
"A31..31",6,27,2021
"A31..31",11,28,2021
"A31..31",11,29,2021
"A31..31",15,30,2021
"A31..31",9,31,2021
"A31..31",11,32,2021
"A31..31",8,33,2021
"A31..31",12,34,2021
"A31..31",16,35,2021
"A31..31",14,36,2021
"A31..31",16,37,2021
"A31..31",20,38,2021
"A31..31",17,39,2021
"A31..31",11,40,2021
"A31..31",21,41,2021
"A31..31",10,42,2021
"A31..31",7,43,2021
"A31..31",13,44,2021
"A31..31",14,45,2021
"A31..31",17,46,2021
"A31..31",16,47,2021
"A31..31",17,48,2021
"A31..31",25,49,2021
"A31..31",18,50,2021
"A31..31",10,51,2021
"A31..31",11,52,2021
"A32..32",NA,1,2021
"A32..32",NA,2,2021
"A32..32",1,3,2021
"A32..32",3,4,2021
"A32..32",NA,5,2021
"A32..32",1,6,2021
"A32..32",2,7,2021
"A32..32",1,8,2021
"A32..32",NA,9,2021
"A32..32",3,10,2021
"A32..32",4,11,2021
"A32..32",1,12,2021
"A32..32",1,13,2021
"A32..32",1,14,2021
"A32..32",2,15,2021
"A32..32",NA,16,2021
"A32..32",2,17,2021
"A32..32",3,18,2021
"A32..32",2,19,2021
"A32..32",5,20,2021
"A32..32",NA,21,2021
"A32..32",5,22,2021
"A32..32",4,23,2021
"A32..32",6,24,2021
"A32..32",5,25,2021
"A32..32",2,26,2021
"A32..32",9,27,2021
"A32..32",6,28,2021
"A32..32",9,29,2021
"A32..32",10,30,2021
"A32..32",8,31,2021
"A32..32",5,32,2021
"A32..32",7,33,2021
"A32..32",9,34,2021
"A32..32",7,35,2021
"A32..32",11,36,2021
"A32..32",17,37,2021
"A32..32",15,38,2021
"A32..32",20,39,2021
"A32..32",12,40,2021
"A32..32",17,41,2021
"A32..32",12,42,2021
"A32..32",13,43,2021
"A32..32",15,44,2021
"A32..32",15,45,2021
"A32..32",20,46,2021
"A32..32",14,47,2021
"A32..32",12,48,2021
"A32..32",10,49,2021
"A32..32",20,50,2021
"A32..32",13,51,2021
"A32..32",13,52,2021
"A33..33",1,1,2021
"A33..33",NA,2,2021
"A33..33",2,3,2021
"A33..33",2,4,2021
"A33..33",2,5,2021
"A33..33",4,6,2021
"A33..33",2,7,2021
"A33..33",NA,8,2021
"A33..33",2,9,2021
"A33..33",2,10,2021
"A33..33",NA,11,2021
"A33..33",2,12,2021
"A33..33",1,13,2021
"A33..33",1,14,2021
"A33..33",3,15,2021
"A33..33",2,16,2021
"A33..33",1,17,2021
"A33..33",2,18,2021
"A33..33",1,19,2021
"A33..33",1,20,2021
"A33..33",3,21,2021
"A33..33",4,22,2021
"A33..33",7,23,2021
"A33..33",6,24,2021
"A33..33",8,25,2021
"A33..33",4,26,2021
"A33..33",7,27,2021
"A33..33",8,28,2021
"A33..33",4,29,2021
"A33..33",3,30,2021
"A33..33",9,31,2021
"A33..33",8,32,2021
"A33..33",13,33,2021
"A33..33",14,34,2021
"A33..33",13,35,2021
"A33..33",8,36,2021
"A33..33",13,37,2021
"A33..33",9,38,2021
"A33..33",11,39,2021
"A33..33",16,40,2021
"A33..33",15,41,2021
"A33..33",11,42,2021
"A33..33",14,43,2021
"A33..33",13,44,2021
"A33..33",14,45,2021
"A33..33",14,46,2021
"A33..33",15,47,2021
"A33..33",16,48,2021
"A33..33",19,49,2021
"A33..33",13,50,2021
"A33..33",14,51,2021
"A33..33",6,52,2021
"A34..34",NA,1,2021
"A34..34",2,2,2021
"A34..34",2,3,2021
"A34..34",1,4,2021
"A34..34",1,5,2021
"A34..34",NA,6,2021
"A34..34",1,7,2021
"A34..34",2,8,2021
"A34..34",NA,9,2021
"A34..34",NA,10,2021
"A34..34",1,11,2021
"A34..34",2,12,2021
"A34..34",1,13,2021
"A34..34",2,14,2021
"A34..34",1,15,2021
"A34..34",1,16,2021
"A34..34",1,17,2021
"A34..34",3,18,2021
"A34..34",2,19,2021
"A34..34",1,20,2021
"A34..34",4,21,2021
"A34..34",2,22,2021
"A34..34",1,23,2021
"A34..34",10,24,2021
"A34..34",6,25,2021
"A34..34",4,26,2021
"A34..34",5,27,2021
"A34..34",6,28,2021
"A34..34",9,29,2021
"A34..34",9,30,2021
"A34..34",5,31,2021
"A34..34",8,32,2021
"A34..34",7,33,2021
"A34..34",11,34,2021
"A34..34",11,35,2021
"A34..34",11,36,2021
"A34..34",22,37,2021
"A34..34",11,38,2021
"A34..34",16,39,2021
"A34..34",19,40,2021
"A34..34",19,41,2021
"A34..34",19,42,2021
"A34..34",15,43,2021
"A34..34",15,44,2021
"A34..34",31,45,2021
"A34..34",9,46,2021
"A34..34",15,47,2021
"A34..34",11,48,2021
"A34..34",24,49,2021
"A34..34",15,50,2021
"A34..34",21,51,2021
"A34..34",6,52,2021
"A35..35",1,1,2021
"A35..35",1,2,2021
"A35..35",2,3,2021
"A35..35",1,4,2021
"A35..35",2,5,2021
"A35..35",NA,6,2021
"A35..35",1,7,2021
"A35..35",NA,8,2021
"A35..35",1,9,2021
"A35..35",5,10,2021
"A35..35",1,11,2021
"A35..35",NA,12,2021
"A35..35",NA,13,2021
"A35..35",1,14,2021
"A35..35",3,15,2021
"A35..35",NA,16,2021
"A35..35",2,17,2021
"A35..35",3,18,2021
"A35..35",1,19,2021
"A35..35",2,20,2021
"A35..35",NA,21,2021
"A35..35",4,22,2021
"A35..35",5,23,2021
"A35..35",2,24,2021
"A35..35",4,25,2021
"A35..35",7,26,2021
"A35..35",5,27,2021
"A35..35",7,28,2021
"A35..35",6,29,2021
"A35..35",10,30,2021
"A35..35",8,31,2021
"A35..35",5,32,2021
"A35..35",10,33,2021
"A35..35",10,34,2021
"A35..35",8,35,2021
"A35..35",13,36,2021
"A35..35",13,37,2021
"A35..35",15,38,2021
"A35..35",14,39,2021
"A35..35",20,40,2021
"A35..35",10,41,2021
"A35..35",20,42,2021
"A35..35",10,43,2021
"A35..35",17,44,2021
"A35..35",14,45,2021
"A35..35",19,46,2021
"A35..35",14,47,2021
"A35..35",10,48,2021
"A35..35",7,49,2021
"A35..35",15,50,2021
"A35..35",17,51,2021
"A35..35",11,52,2021
"A36..36",1,1,2021
"A36..36",2,2,2021
"A36..36",3,3,2021
"A36..36",3,4,2021
"A36..36",1,5,2021
"A36..36",2,6,2021
"A36..36",1,7,2021
"A36..36",2,8,2021
"A36..36",1,9,2021
"A36..36",NA,10,2021
"A36..36",NA,11,2021
"A36..36",6,12,2021
"A36..36",NA,13,2021
"A36..36",NA,14,2021
"A36..36",2,15,2021
"A36..36",1,16,2021
"A36..36",2,17,2021
"A36..36",3,18,2021
"A36..36",3,19,2021
"A36..36",2,20,2021
"A36..36",NA,21,2021
"A36..36",2,22,2021
"A36..36",3,23,2021
"A36..36",4,24,2021
"A36..36",3,25,2021
"A36..36",6,26,2021
"A36..36",6,27,2021
"A36..36",8,28,2021
"A36..36",7,29,2021
"A36..36",8,30,2021
"A36..36",5,31,2021
"A36..36",3,32,2021
"A36..36",6,33,2021
"A36..36",10,34,2021
"A36..36",9,35,2021
"A36..36",6,36,2021
"A36..36",3,37,2021
"A36..36",9,38,2021
"A36..36",8,39,2021
"A36..36",10,40,2021
"A36..36",12,41,2021
"A36..36",10,42,2021
"A36..36",9,43,2021
"A36..36",16,44,2021
"A36..36",11,45,2021
"A36..36",7,46,2021
"A36..36",15,47,2021
"A36..36",12,48,2021
"A36..36",10,49,2021
"A36..36",12,50,2021
"A36..36",10,51,2021
"A36..36",5,52,2021
"A37..37",2,1,2021
"A37..37",1,2,2021
"A37..37",NA,3,2021
"A37..37",3,4,2021
"A37..37",1,5,2021
"A37..37",NA,6,2021
"A37..37",2,7,2021
"A37..37",NA,8,2021
"A37..37",2,9,2021
"A37..37",1,10,2021
"A37..37",NA,11,2021
"A37..37",1,12,2021
"A37..37",NA,13,2021
"A37..37",1,14,2021
"A37..37",NA,15,2021
"A37..37",NA,16,2021
"A37..37",2,17,2021
"A37..37",NA,18,2021
"A37..37",3,19,2021
"A37..37",2,20,2021
"A37..37",2,21,2021
"A37..37",NA,22,2021
"A37..37",3,23,2021
"A37..37",2,24,2021
"A37..37",4,25,2021
"A37..37",4,26,2021
"A37..37",4,27,2021
"A37..37",2,28,2021
"A37..37",5,29,2021
"A37..37",6,30,2021
"A37..37",7,31,2021
"A37..37",5,32,2021
"A37..37",4,33,2021
"A37..37",4,34,2021
"A37..37",4,35,2021
"A37..37",14,36,2021
"A37..37",6,37,2021
"A37..37",11,38,2021
"A37..37",15,39,2021
"A37..37",9,40,2021
"A37..37",17,41,2021
"A37..37",10,42,2021
"A37..37",10,43,2021
"A37..37",11,44,2021
"A37..37",14,45,2021
"A37..37",14,46,2021
"A37..37",11,47,2021
"A37..37",4,48,2021
"A37..37",10,49,2021
"A37..37",11,50,2021
"A37..37",10,51,2021
"A37..37",11,52,2021
"A38..38",NA,1,2021
"A38..38",NA,2,2021
"A38..38",2,3,2021
"A38..38",NA,4,2021
"A38..38",1,5,2021
"A38..38",NA,6,2021
"A38..38",NA,7,2021
"A38..38",1,8,2021
"A38..38",1,9,2021
"A38..38",1,10,2021
"A38..38",3,11,2021
"A38..38",1,12,2021
"A38..38",1,13,2021
"A38..38",NA,14,2021
"A38..38",NA,15,2021
"A38..38",1,16,2021
"A38..38",1,17,2021
"A38..38",5,18,2021
"A38..38",2,19,2021
"A38..38",2,20,2021
"A38..38",NA,21,2021
"A38..38",NA,22,2021
"A38..38",NA,23,2021
"A38..38",NA,24,2021
"A38..38",5,25,2021
"A38..38",5,26,2021
"A38..38",1,27,2021
"A38..38",8,28,2021
"A38..38",5,29,2021
"A38..38",5,30,2021
"A38..38",1,31,2021
"A38..38",3,32,2021
"A38..38",7,33,2021
"A38..38",3,34,2021
"A38..38",15,35,2021
"A38..38",11,36,2021
"A38..38",10,37,2021
"A38..38",7,38,2021
"A38..38",15,39,2021
"A38..38",9,40,2021
"A38..38",11,41,2021
"A38..38",14,42,2021
"A38..38",9,43,2021
"A38..38",7,44,2021
"A38..38",15,45,2021
"A38..38",10,46,2021
"A38..38",13,47,2021
"A38..38",9,48,2021
"A38..38",7,49,2021
"A38..38",13,50,2021
"A38..38",14,51,2021
"A38..38",8,52,2021
"A39..39",NA,1,2021
"A39..39",NA,2,2021
"A39..39",1,3,2021
"A39..39",1,4,2021
"A39..39",NA,5,2021
"A39..39",NA,6,2021
"A39..39",1,7,2021
"A39..39",1,8,2021
"A39..39",1,9,2021
"A39..39",1,10,2021
"A39..39",NA,11,2021
"A39..39",3,12,2021
"A39..39",1,13,2021
"A39..39",NA,14,2021
"A39..39",NA,15,2021
"A39..39",NA,16,2021
"A39..39",1,17,2021
"A39..39",2,18,2021
"A39..39",3,19,2021
"A39..39",3,20,2021
"A39..39",3,21,2021
"A39..39",5,22,2021
"A39..39",4,23,2021
"A39..39",4,24,2021
"A39..39",4,25,2021
"A39..39",5,26,2021
"A39..39",7,27,2021
"A39..39",3,28,2021
"A39..39",5,29,2021
"A39..39",8,30,2021
"A39..39",8,31,2021
"A39..39",6,32,2021
"A39..39",9,33,2021
"A39..39",7,34,2021
"A39..39",8,35,2021
"A39..39",6,36,2021
"A39..39",11,37,2021
"A39..39",6,38,2021
"A39..39",7,39,2021
"A39..39",13,40,2021
"A39..39",14,41,2021
"A39..39",11,42,2021
"A39..39",9,43,2021
"A39..39",9,44,2021
"A39..39",11,45,2021
"A39..39",10,46,2021
"A39..39",8,47,2021
"A39..39",10,48,2021
"A39..39",8,49,2021
"A39..39",13,50,2021
"A39..39",12,51,2021
"A39..39",5,52,2021
"A40..40",NA,1,2021
"A40..40",1,2,2021
"A40..40",1,3,2021
"A40..40",NA,4,2021
"A40..40",1,5,2021
"A40..40",1,6,2021
"A40..40",1,7,2021
"A40..40",2,8,2021
"A40..40",2,9,2021
"A40..40",2,10,2021
"A40..40",2,11,2021
"A40..40",1,12,2021
"A40..40",NA,13,2021
"A40..40",NA,14,2021
"A40..40",1,15,2021
"A40..40",1,16,2021
"A40..40",1,17,2021
"A40..40",NA,18,2021
"A40..40",NA,19,2021
"A40..40",4,20,2021
"A40..40",2,21,2021
"A40..40",3,22,2021
"A40..40",3,23,2021
"A40..40",4,24,2021
"A40..40",4,25,2021
"A40..40",5,26,2021
"A40..40",3,27,2021
"A40..40",9,28,2021
"A40..40",3,29,2021
"A40..40",2,30,2021
"A40..40",4,31,2021
"A40..40",2,32,2021
"A40..40",14,33,2021
"A40..40",7,34,2021
"A40..40",14,35,2021
"A40..40",4,36,2021
"A40..40",10,37,2021
"A40..40",7,38,2021
"A40..40",4,39,2021
"A40..40",7,40,2021
"A40..40",2,41,2021
"A40..40",7,42,2021
"A40..40",12,43,2021
"A40..40",4,44,2021
"A40..40",6,45,2021
"A40..40",11,46,2021
"A40..40",6,47,2021
"A40..40",14,48,2021
"A40..40",16,49,2021
"A40..40",8,50,2021
"A40..40",7,51,2021
"A40..40",9,52,2021
"A41..41",NA,1,2021
"A41..41",3,2,2021
"A41..41",1,3,2021
"A41..41",NA,4,2021
"A41..41",1,5,2021
"A41..41",1,6,2021
"A41..41",1,7,2021
"A41..41",1,8,2021
"A41..41",1,9,2021
"A41..41",NA,10,2021
"A41..41",NA,11,2021
"A41..41",1,12,2021
"A41..41",1,13,2021
"A41..41",1,14,2021
"A41..41",1,15,2021
"A41..41",2,16,2021
"A41..41",3,17,2021
"A41..41",1,18,2021
"A41..41",NA,19,2021
"A41..41",NA,20,2021
"A41..41",3,21,2021
"A41..41",3,22,2021
"A41..41",1,23,2021
"A41..41",3,24,2021
"A41..41",2,25,2021
"A41..41",4,26,2021
"A41..41",1,27,2021
"A41..41",6,28,2021
"A41..41",2,29,2021
"A41..41",7,30,2021
"A41..41",6,31,2021
"A41..41",2,32,2021
"A41..41",3,33,2021
"A41..41",2,34,2021
"A41..41",6,35,2021
"A41..41",9,36,2021
"A41..41",4,37,2021
"A41..41",9,38,2021
"A41..41",4,39,2021
"A41..41",9,40,2021
"A41..41",8,41,2021
"A41..41",5,42,2021
"A41..41",10,43,2021
"A41..41",3,44,2021
"A41..41",14,45,2021
"A41..41",12,46,2021
"A41..41",16,47,2021
"A41..41",11,48,2021
"A41..41",15,49,2021
"A41..41",10,50,2021
"A41..41",10,51,2021
"A41..41",10,52,2021
"A42..42",NA,1,2021
"A42..42",NA,2,2021
"A42..42",3,3,2021
"A42..42",NA,4,2021
"A42..42",3,5,2021
"A42..42",1,6,2021
"A42..42",3,7,2021
"A42..42",NA,8,2021
"A42..42",NA,9,2021
"A42..42",NA,10,2021
"A42..42",NA,11,2021
"A42..42",1,12,2021
"A42..42",NA,13,2021
"A42..42",NA,14,2021
"A42..42",NA,15,2021
"A42..42",2,16,2021
"A42..42",1,17,2021
"A42..42",2,18,2021
"A42..42",NA,19,2021
"A42..42",2,20,2021
"A42..42",3,21,2021
"A42..42",2,22,2021
"A42..42",4,23,2021
"A42..42",2,24,2021
"A42..42",1,25,2021
"A42..42",NA,26,2021
"A42..42",2,27,2021
"A42..42",4,28,2021
"A42..42",4,29,2021
"A42..42",5,30,2021
"A42..42",7,31,2021
"A42..42",2,32,2021
"A42..42",7,33,2021
"A42..42",2,34,2021
"A42..42",6,35,2021
"A42..42",2,36,2021
"A42..42",4,37,2021
"A42..42",3,38,2021
"A42..42",8,39,2021
"A42..42",15,40,2021
"A42..42",10,41,2021
"A42..42",6,42,2021
"A42..42",9,43,2021
"A42..42",4,44,2021
"A42..42",10,45,2021
"A42..42",5,46,2021
"A42..42",4,47,2021
"A42..42",6,48,2021
"A42..42",8,49,2021
"A42..42",12,50,2021
"A42..42",8,51,2021
"A42..42",5,52,2021
"A43..43",2,1,2021
"A43..43",NA,2,2021
"A43..43",3,3,2021
"A43..43",NA,4,2021
"A43..43",NA,5,2021
"A43..43",NA,6,2021
"A43..43",2,7,2021
"A43..43",1,8,2021
"A43..43",NA,9,2021
"A43..43",NA,10,2021
"A43..43",NA,11,2021
"A43..43",2,12,2021
"A43..43",NA,13,2021
"A43..43",NA,14,2021
"A43..43",NA,15,2021
"A43..43",2,16,2021
"A43..43",2,17,2021
"A43..43",NA,18,2021
"A43..43",NA,19,2021
"A43..43",1,20,2021
"A43..43",NA,21,2021
"A43..43",5,22,2021
"A43..43",2,23,2021
"A43..43",2,24,2021
"A43..43",3,25,2021
"A43..43",4,26,2021
"A43..43",4,27,2021
"A43..43",NA,28,2021
"A43..43",1,29,2021
"A43..43",5,30,2021
"A43..43",2,31,2021
"A43..43",5,32,2021
"A43..43",3,33,2021
"A43..43",8,34,2021
"A43..43",8,35,2021
"A43..43",5,36,2021
"A43..43",4,37,2021
"A43..43",5,38,2021
"A43..43",7,39,2021
"A43..43",4,40,2021
"A43..43",7,41,2021
"A43..43",6,42,2021
"A43..43",4,43,2021
"A43..43",5,44,2021
"A43..43",14,45,2021
"A43..43",4,46,2021
"A43..43",9,47,2021
"A43..43",5,48,2021
"A43..43",12,49,2021
"A43..43",10,50,2021
"A43..43",9,51,2021
"A43..43",8,52,2021
"A44..44",NA,1,2021
"A44..44",1,2,2021
"A44..44",NA,3,2021
"A44..44",NA,4,2021
"A44..44",1,5,2021
"A44..44",2,6,2021
"A44..44",NA,7,2021
"A44..44",1,8,2021
"A44..44",NA,9,2021
"A44..44",1,10,2021
"A44..44",2,11,2021
"A44..44",1,12,2021
"A44..44",2,13,2021
"A44..44",3,14,2021
"A44..44",1,15,2021
"A44..44",1,16,2021
"A44..44",1,17,2021
"A44..44",NA,18,2021
"A44..44",NA,19,2021
"A44..44",3,20,2021
"A44..44",1,21,2021
"A44..44",1,22,2021
"A44..44",3,23,2021
"A44..44",4,24,2021
"A44..44",5,25,2021
"A44..44",4,26,2021
"A44..44",3,27,2021
"A44..44",2,28,2021
"A44..44",3,29,2021
"A44..44",6,30,2021
"A44..44",2,31,2021
"A44..44",2,32,2021
"A44..44",5,33,2021
"A44..44",6,34,2021
"A44..44",9,35,2021
"A44..44",6,36,2021
"A44..44",5,37,2021
"A44..44",5,38,2021
"A44..44",8,39,2021
"A44..44",7,40,2021
"A44..44",7,41,2021
"A44..44",4,42,2021
"A44..44",5,43,2021
"A44..44",7,44,2021
"A44..44",10,45,2021
"A44..44",16,46,2021
"A44..44",6,47,2021
"A44..44",13,48,2021
"A44..44",8,49,2021
"A44..44",7,50,2021
"A44..44",10,51,2021
"A44..44",6,52,2021
"A45..45",NA,1,2021
"A45..45",2,2,2021
"A45..45",NA,3,2021
"A45..45",NA,4,2021
"A45..45",3,5,2021
"A45..45",2,6,2021
"A45..45",NA,7,2021
"A45..45",3,8,2021
"A45..45",NA,9,2021
"A45..45",NA,10,2021
"A45..45",NA,11,2021
"A45..45",NA,12,2021
"A45..45",NA,13,2021
"A45..45",2,14,2021
"A45..45",NA,15,2021
"A45..45",3,16,2021
"A45..45",NA,17,2021
"A45..45",2,18,2021
"A45..45",1,19,2021
"A45..45",2,20,2021
"A45..45",NA,21,2021
"A45..45",4,22,2021
"A45..45",1,23,2021
"A45..45",1,24,2021
"A45..45",5,25,2021
"A45..45",2,26,2021
"A45..45",2,27,2021
"A45..45",2,28,2021
"A45..45",1,29,2021
"A45..45",1,30,2021
"A45..45",3,31,2021
"A45..45",8,32,2021
"A45..45",3,33,2021
"A45..45",3,34,2021
"A45..45",2,35,2021
"A45..45",3,36,2021
"A45..45",4,37,2021
"A45..45",9,38,2021
"A45..45",4,39,2021
"A45..45",7,40,2021
"A45..45",6,41,2021
"A45..45",6,42,2021
"A45..45",3,43,2021
"A45..45",6,44,2021
"A45..45",14,45,2021
"A45..45",7,46,2021
"A45..45",6,47,2021
"A45..45",4,48,2021
"A45..45",8,49,2021
"A45..45",12,50,2021
"A45..45",3,51,2021
"A45..45",4,52,2021
"A46..46",1,1,2021
"A46..46",NA,2,2021
"A46..46",NA,3,2021
"A46..46",2,4,2021
"A46..46",1,5,2021
"A46..46",1,6,2021
"A46..46",NA,7,2021
"A46..46",NA,8,2021
"A46..46",NA,9,2021
"A46..46",NA,10,2021
"A46..46",1,11,2021
"A46..46",NA,12,2021
"A46..46",1,13,2021
"A46..46",NA,14,2021
"A46..46",3,15,2021
"A46..46",NA,16,2021
"A46..46",1,17,2021
"A46..46",NA,18,2021
"A46..46",1,19,2021
"A46..46",1,20,2021
"A46..46",NA,21,2021
"A46..46",1,22,2021
"A46..46",NA,23,2021
"A46..46",2,24,2021
"A46..46",2,25,2021
"A46..46",4,26,2021
"A46..46",1,27,2021
"A46..46",3,28,2021
"A46..46",2,29,2021
"A46..46",4,30,2021
"A46..46",6,31,2021
"A46..46",2,32,2021
"A46..46",2,33,2021
"A46..46",1,34,2021
"A46..46",5,35,2021
"A46..46",8,36,2021
"A46..46",5,37,2021
"A46..46",11,38,2021
"A46..46",9,39,2021
"A46..46",7,40,2021
"A46..46",5,41,2021
"A46..46",3,42,2021
"A46..46",6,43,2021
"A46..46",9,44,2021
"A46..46",5,45,2021
"A46..46",6,46,2021
"A46..46",4,47,2021
"A46..46",9,48,2021
"A46..46",13,49,2021
"A46..46",2,50,2021
"A46..46",12,51,2021
"A46..46",6,52,2021
"A47..47",NA,1,2021
"A47..47",NA,2,2021
"A47..47",1,3,2021
"A47..47",NA,4,2021
"A47..47",NA,5,2021
"A47..47",NA,6,2021
"A47..47",NA,7,2021
"A47..47",1,8,2021
"A47..47",1,9,2021
"A47..47",1,10,2021
"A47..47",1,11,2021
"A47..47",1,12,2021
"A47..47",1,13,2021
"A47..47",NA,14,2021
"A47..47",2,15,2021
"A47..47",3,16,2021
"A47..47",2,17,2021
"A47..47",3,18,2021
"A47..47",NA,19,2021
"A47..47",3,20,2021
"A47..47",NA,21,2021
"A47..47",1,22,2021
"A47..47",2,23,2021
"A47..47",1,24,2021
"A47..47",2,25,2021
"A47..47",NA,26,2021
"A47..47",NA,27,2021
"A47..47",4,28,2021
"A47..47",4,29,2021
"A47..47",6,30,2021
"A47..47",4,31,2021
"A47..47",1,32,2021
"A47..47",1,33,2021
"A47..47",5,34,2021
"A47..47",4,35,2021
"A47..47",5,36,2021
"A47..47",5,37,2021
"A47..47",7,38,2021
"A47..47",6,39,2021
"A47..47",10,40,2021
"A47..47",5,41,2021
"A47..47",4,42,2021
"A47..47",4,43,2021
"A47..47",8,44,2021
"A47..47",9,45,2021
"A47..47",6,46,2021
"A47..47",4,47,2021
"A47..47",7,48,2021
"A47..47",7,49,2021
"A47..47",7,50,2021
"A47..47",9,51,2021
"A47..47",2,52,2021
"A48..48",1,1,2021
"A48..48",1,2,2021
"A48..48",NA,3,2021
"A48..48",1,4,2021
"A48..48",1,5,2021
"A48..48",3,6,2021
"A48..48",1,7,2021
"A48..48",5,8,2021
"A48..48",1,9,2021
"A48..48",1,10,2021
"A48..48",1,11,2021
"A48..48",1,12,2021
"A48..48",NA,13,2021
"A48..48",1,14,2021
"A48..48",3,15,2021
"A48..48",3,16,2021
"A48..48",2,17,2021
"A48..48",1,18,2021
"A48..48",NA,19,2021
"A48..48",3,20,2021
"A48..48",1,21,2021
"A48..48",NA,22,2021
"A48..48",NA,23,2021
"A48..48",3,24,2021
"A48..48",1,25,2021
"A48..48",NA,26,2021
"A48..48",2,27,2021
"A48..48",6,28,2021
"A48..48",2,29,2021
"A48..48",2,30,2021
"A48..48",NA,31,2021
"A48..48",5,32,2021
"A48..48",3,33,2021
"A48..48",6,34,2021
"A48..48",5,35,2021
"A48..48",3,36,2021
"A48..48",4,37,2021
"A48..48",6,38,2021
"A48..48",10,39,2021
"A48..48",4,40,2021
"A48..48",5,41,2021
"A48..48",4,42,2021
"A48..48",4,43,2021
"A48..48",3,44,2021
"A48..48",7,45,2021
"A48..48",8,46,2021
"A48..48",8,47,2021
"A48..48",3,48,2021
"A48..48",5,49,2021
"A48..48",6,50,2021
"A48..48",5,51,2021
"A48..48",9,52,2021
"A49..49",NA,1,2021
"A49..49",NA,2,2021
"A49..49",2,3,2021
"A49..49",NA,4,2021
"A49..49",NA,5,2021
"A49..49",1,6,2021
"A49..49",NA,7,2021
"A49..49",3,8,2021
"A49..49",3,9,2021
"A49..49",3,10,2021
"A49..49",2,11,2021
"A49..49",NA,12,2021
"A49..49",1,13,2021
"A49..49",NA,14,2021
"A49..49",1,15,2021
"A49..49",2,16,2021
"A49..49",NA,17,2021
"A49..49",1,18,2021
"A49..49",1,19,2021
"A49..49",1,20,2021
"A49..49",NA,21,2021
"A49..49",3,22,2021
"A49..49",1,23,2021
"A49..49",1,24,2021
"A49..49",2,25,2021
"A49..49",2,26,2021
"A49..49",4,27,2021
"A49..49",4,28,2021
"A49..49",2,29,2021
"A49..49",3,30,2021
"A49..49",3,31,2021
"A49..49",5,32,2021
"A49..49",2,33,2021
"A49..49",2,34,2021
"A49..49",4,35,2021
"A49..49",8,36,2021
"A49..49",7,37,2021
"A49..49",11,38,2021
"A49..49",7,39,2021
"A49..49",8,40,2021
"A49..49",7,41,2021
"A49..49",8,42,2021
"A49..49",7,43,2021
"A49..49",9,44,2021
"A49..49",12,45,2021
"A49..49",9,46,2021
"A49..49",6,47,2021
"A49..49",6,48,2021
"A49..49",6,49,2021
"A49..49",9,50,2021
"A49..49",8,51,2021
"A49..49",10,52,2021
"A50..50",NA,1,2021
"A50..50",1,2,2021
"A50..50",NA,3,2021
"A50..50",2,4,2021
"A50..50",2,5,2021
"A50..50",NA,6,2021
"A50..50",4,7,2021
"A50..50",1,8,2021
"A50..50",NA,9,2021
"A50..50",1,10,2021
"A50..50",2,11,2021
"A50..50",5,12,2021
"A50..50",NA,13,2021
"A50..50",1,14,2021
"A50..50",NA,15,2021
"A50..50",1,16,2021
"A50..50",1,17,2021
"A50..50",2,18,2021
"A50..50",4,19,2021
"A50..50",1,20,2021
"A50..50",3,21,2021
"A50..50",7,22,2021
"A50..50",1,23,2021
"A50..50",1,24,2021
"A50..50",3,25,2021
"A50..50",1,26,2021
"A50..50",3,27,2021
"A50..50",2,28,2021
"A50..50",3,29,2021
"A50..50",4,30,2021
"A50..50",5,31,2021
"A50..50",5,32,2021
"A50..50",3,33,2021
"A50..50",4,34,2021
"A50..50",5,35,2021
"A50..50",5,36,2021
"A50..50",5,37,2021
"A50..50",10,38,2021
"A50..50",6,39,2021
"A50..50",7,40,2021
"A50..50",7,41,2021
"A50..50",15,42,2021
"A50..50",12,43,2021
"A50..50",10,44,2021
"A50..50",11,45,2021
"A50..50",10,46,2021
"A50..50",10,47,2021
"A50..50",9,48,2021
"A50..50",10,49,2021
"A50..50",11,50,2021
"A50..50",10,51,2021
"A50..50",9,52,2021
"A51..51",NA,1,2021
"A51..51",3,2,2021
"A51..51",2,3,2021
"A51..51",2,4,2021
"A51..51",4,5,2021
"A51..51",2,6,2021
"A51..51",NA,7,2021
"A51..51",2,8,2021
"A51..51",1,9,2021
"A51..51",NA,10,2021
"A51..51",2,11,2021
"A51..51",1,12,2021
"A51..51",1,13,2021
"A51..51",1,14,2021
"A51..51",2,15,2021
"A51..51",7,16,2021
"A51..51",2,17,2021
"A51..51",3,18,2021
"A51..51",2,19,2021
"A51..51",2,20,2021
"A51..51",2,21,2021
"A51..51",1,22,2021
"A51..51",1,23,2021
"A51..51",1,24,2021
"A51..51",4,25,2021
"A51..51",3,26,2021
"A51..51",7,27,2021
"A51..51",5,28,2021
"A51..51",3,29,2021
"A51..51",3,30,2021
"A51..51",5,31,2021
"A51..51",4,32,2021
"A51..51",3,33,2021
"A51..51",5,34,2021
"A51..51",7,35,2021
"A51..51",5,36,2021
"A51..51",6,37,2021
"A51..51",9,38,2021
"A51..51",8,39,2021
"A51..51",12,40,2021
"A51..51",15,41,2021
"A51..51",10,42,2021
"A51..51",8,43,2021
"A51..51",15,44,2021
"A51..51",7,45,2021
"A51..51",7,46,2021
"A51..51",7,47,2021
"A51..51",8,48,2021
"A51..51",6,49,2021
"A51..51",7,50,2021
"A51..51",6,51,2021
"A51..51",11,52,2021
"A52..52",2,1,2021
"A52..52",NA,2,2021
"A52..52",3,3,2021
"A52..52",4,4,2021
"A52..52",4,5,2021
"A52..52",1,6,2021
"A52..52",NA,7,2021
"A52..52",1,8,2021
"A52..52",1,9,2021
"A52..52",NA,10,2021
"A52..52",1,11,2021
"A52..52",NA,12,2021
"A52..52",NA,13,2021
"A52..52",NA,14,2021
"A52..52",2,15,2021
"A52..52",1,16,2021
"A52..52",2,17,2021
"A52..52",NA,18,2021
"A52..52",4,19,2021
"A52..52",3,20,2021
"A52..52",2,21,2021
"A52..52",2,22,2021
"A52..52",4,23,2021
"A52..52",2,24,2021
"A52..52",2,25,2021
"A52..52",9,26,2021
"A52..52",4,27,2021
"A52..52",4,28,2021
"A52..52",6,29,2021
"A52..52",6,30,2021
"A52..52",3,31,2021
"A52..52",3,32,2021
"A52..52",3,33,2021
"A52..52",6,34,2021
"A52..52",6,35,2021
"A52..52",6,36,2021
"A52..52",9,37,2021
"A52..52",6,38,2021
"A52..52",10,39,2021
"A52..52",12,40,2021
"A52..52",9,41,2021
"A52..52",7,42,2021
"A52..52",4,43,2021
"A52..52",10,44,2021
"A52..52",22,45,2021
"A52..52",12,46,2021
"A52..52",4,47,2021
"A52..52",17,48,2021
"A52..52",17,49,2021
"A52..52",10,50,2021
"A52..52",10,51,2021
"A52..52",9,52,2021
"A53..53",1,1,2021
"A53..53",1,2,2021
"A53..53",NA,3,2021
"A53..53",3,4,2021
"A53..53",1,5,2021
"A53..53",1,6,2021
"A53..53",NA,7,2021
"A53..53",2,8,2021
"A53..53",2,9,2021
"A53..53",1,10,2021
"A53..53",5,11,2021
"A53..53",2,12,2021
"A53..53",1,13,2021
"A53..53",NA,14,2021
"A53..53",NA,15,2021
"A53..53",2,16,2021
"A53..53",3,17,2021
"A53..53",4,18,2021
"A53..53",NA,19,2021
"A53..53",1,20,2021
"A53..53",2,21,2021
"A53..53",1,22,2021
"A53..53",2,23,2021
"A53..53",4,24,2021
"A53..53",1,25,2021
"A53..53",4,26,2021
"A53..53",6,27,2021
"A53..53",4,28,2021
"A53..53",2,29,2021
"A53..53",6,30,2021
"A53..53",6,31,2021
"A53..53",4,32,2021
"A53..53",8,33,2021
"A53..53",6,34,2021
"A53..53",6,35,2021
"A53..53",8,36,2021
"A53..53",8,37,2021
"A53..53",5,38,2021
"A53..53",5,39,2021
"A53..53",11,40,2021
"A53..53",17,41,2021
"A53..53",14,42,2021
"A53..53",16,43,2021
"A53..53",11,44,2021
"A53..53",10,45,2021
"A53..53",12,46,2021
"A53..53",9,47,2021
"A53..53",9,48,2021
"A53..53",15,49,2021
"A53..53",16,50,2021
"A53..53",13,51,2021
"A53..53",13,52,2021
"A54..54",2,1,2021
"A54..54",1,2,2021
"A54..54",NA,3,2021
"A54..54",NA,4,2021
"A54..54",1,5,2021
"A54..54",NA,6,2021
"A54..54",NA,7,2021
"A54..54",1,8,2021
"A54..54",1,9,2021
"A54..54",1,10,2021
"A54..54",3,11,2021
"A54..54",2,12,2021
"A54..54",2,13,2021
"A54..54",NA,14,2021
"A54..54",NA,15,2021
"A54..54",3,16,2021
"A54..54",NA,17,2021
"A54..54",2,18,2021
"A54..54",1,19,2021
"A54..54",NA,20,2021
"A54..54",2,21,2021
"A54..54",1,22,2021
"A54..54",4,23,2021
"A54..54",6,24,2021
"A54..54",4,25,2021
"A54..54",3,26,2021
"A54..54",5,27,2021
"A54..54",5,28,2021
"A54..54",5,29,2021
"A54..54",5,30,2021
"A54..54",7,31,2021
"A54..54",2,32,2021
"A54..54",6,33,2021
"A54..54",7,34,2021
"A54..54",9,35,2021
"A54..54",8,36,2021
"A54..54",10,37,2021
"A54..54",7,38,2021
"A54..54",5,39,2021
"A54..54",10,40,2021
"A54..54",8,41,2021
"A54..54",12,42,2021
"A54..54",5,43,2021
"A54..54",8,44,2021
"A54..54",15,45,2021
"A54..54",17,46,2021
"A54..54",13,47,2021
"A54..54",10,48,2021
"A54..54",18,49,2021
"A54..54",13,50,2021
"A54..54",12,51,2021
"A54..54",14,52,2021
"A55..55",3,1,2021
"A55..55",1,2,2021
"A55..55",3,3,2021
"A55..55",2,4,2021
"A55..55",3,5,2021
"A55..55",1,6,2021
"A55..55",2,7,2021
"A55..55",3,8,2021
"A55..55",NA,9,2021
"A55..55",NA,10,2021
"A55..55",2,11,2021
"A55..55",2,12,2021
"A55..55",NA,13,2021
"A55..55",NA,14,2021
"A55..55",1,15,2021
"A55..55",2,16,2021
"A55..55",2,17,2021
"A55..55",1,18,2021
"A55..55",2,19,2021
"A55..55",6,20,2021
"A55..55",3,21,2021
"A55..55",5,22,2021
"A55..55",2,23,2021
"A55..55",2,24,2021
"A55..55",6,25,2021
"A55..55",5,26,2021
"A55..55",4,27,2021
"A55..55",6,28,2021
"A55..55",1,29,2021
"A55..55",7,30,2021
"A55..55",4,31,2021
"A55..55",7,32,2021
"A55..55",5,33,2021
"A55..55",9,34,2021
"A55..55",4,35,2021
"A55..55",8,36,2021
"A55..55",8,37,2021
"A55..55",13,38,2021
"A55..55",8,39,2021
"A55..55",9,40,2021
"A55..55",13,41,2021
"A55..55",12,42,2021
"A55..55",9,43,2021
"A55..55",16,44,2021
"A55..55",20,45,2021
"A55..55",20,46,2021
"A55..55",18,47,2021
"A55..55",12,48,2021
"A55..55",16,49,2021
"A55..55",16,50,2021
"A55..55",17,51,2021
"A55..55",17,52,2021
"A56..56",NA,1,2021
"A56..56",3,2,2021
"A56..56",1,3,2021
"A56..56",1,4,2021
"A56..56",2,5,2021
"A56..56",NA,6,2021
"A56..56",1,7,2021
"A56..56",1,8,2021
"A56..56",2,9,2021
"A56..56",2,10,2021
"A56..56",3,11,2021
"A56..56",1,12,2021
"A56..56",NA,13,2021
"A56..56",2,14,2021
"A56..56",2,15,2021
"A56..56",2,16,2021
"A56..56",1,17,2021
"A56..56",1,18,2021
"A56..56",1,19,2021
"A56..56",1,20,2021
"A56..56",2,21,2021
"A56..56",NA,22,2021
"A56..56",4,23,2021
"A56..56",2,24,2021
"A56..56",6,25,2021
"A56..56",4,26,2021
"A56..56",4,27,2021
"A56..56",4,28,2021
"A56..56",2,29,2021
"A56..56",7,30,2021
"A56..56",6,31,2021
"A56..56",4,32,2021
"A56..56",5,33,2021
"A56..56",12,34,2021
"A56..56",11,35,2021
"A56..56",4,36,2021
"A56..56",10,37,2021
"A56..56",9,38,2021
"A56..56",11,39,2021
"A56..56",8,40,2021
"A56..56",8,41,2021
"A56..56",13,42,2021
"A56..56",15,43,2021
"A56..56",17,44,2021
"A56..56",17,45,2021
"A56..56",14,46,2021
"A56..56",14,47,2021
"A56..56",14,48,2021
"A56..56",17,49,2021
"A56..56",22,50,2021
"A56..56",14,51,2021
"A56..56",10,52,2021
"A57..57",NA,1,2021
"A57..57",2,2,2021
"A57..57",3,3,2021
"A57..57",2,4,2021
"A57..57",1,5,2021
"A57..57",3,6,2021
"A57..57",1,7,2021
"A57..57",2,8,2021
"A57..57",1,9,2021
"A57..57",NA,10,2021
"A57..57",2,11,2021
"A57..57",2,12,2021
"A57..57",2,13,2021
"A57..57",NA,14,2021
"A57..57",1,15,2021
"A57..57",1,16,2021
"A57..57",2,17,2021
"A57..57",1,18,2021
"A57..57",2,19,2021
"A57..57",3,20,2021
"A57..57",2,21,2021
"A57..57",2,22,2021
"A57..57",2,23,2021
"A57..57",2,24,2021
"A57..57",6,25,2021
"A57..57",4,26,2021
"A57..57",3,27,2021
"A57..57",3,28,2021
"A57..57",2,29,2021
"A57..57",8,30,2021
"A57..57",7,31,2021
"A57..57",6,32,2021
"A57..57",8,33,2021
"A57..57",11,34,2021
"A57..57",10,35,2021
"A57..57",12,36,2021
"A57..57",7,37,2021
"A57..57",11,38,2021
"A57..57",9,39,2021
"A57..57",13,40,2021
"A57..57",12,41,2021
"A57..57",10,42,2021
"A57..57",9,43,2021
"A57..57",18,44,2021
"A57..57",18,45,2021
"A57..57",18,46,2021
"A57..57",12,47,2021
"A57..57",13,48,2021
"A57..57",17,49,2021
"A57..57",17,50,2021
"A57..57",20,51,2021
"A57..57",14,52,2021
"A58..58",NA,1,2021
"A58..58",3,2,2021
"A58..58",2,3,2021
"A58..58",1,4,2021
"A58..58",4,5,2021
"A58..58",1,6,2021
"A58..58",1,7,2021
"A58..58",2,8,2021
"A58..58",4,9,2021
"A58..58",2,10,2021
"A58..58",NA,11,2021
"A58..58",NA,12,2021
"A58..58",2,13,2021
"A58..58",1,14,2021
"A58..58",NA,15,2021
"A58..58",NA,16,2021
"A58..58",3,17,2021
"A58..58",4,18,2021
"A58..58",1,19,2021
"A58..58",3,20,2021
"A58..58",4,21,2021
"A58..58",4,22,2021
"A58..58",2,23,2021
"A58..58",4,24,2021
"A58..58",4,25,2021
"A58..58",10,26,2021
"A58..58",5,27,2021
"A58..58",5,28,2021
"A58..58",5,29,2021
"A58..58",9,30,2021
"A58..58",4,31,2021
"A58..58",8,32,2021
"A58..58",5,33,2021
"A58..58",3,34,2021
"A58..58",7,35,2021
"A58..58",10,36,2021
"A58..58",6,37,2021
"A58..58",9,38,2021
"A58..58",16,39,2021
"A58..58",18,40,2021
"A58..58",17,41,2021
"A58..58",22,42,2021
"A58..58",12,43,2021
"A58..58",13,44,2021
"A58..58",12,45,2021
"A58..58",14,46,2021
"A58..58",16,47,2021
"A58..58",17,48,2021
"A58..58",15,49,2021
"A58..58",22,50,2021
"A58..58",23,51,2021
"A58..58",13,52,2021
"A59..59",2,1,2021
"A59..59",NA,2,2021
"A59..59",3,3,2021
"A59..59",2,4,2021
"A59..59",1,5,2021
"A59..59",2,6,2021
"A59..59",3,7,2021
"A59..59",1,8,2021
"A59..59",2,9,2021
"A59..59",1,10,2021
"A59..59",2,11,2021
"A59..59",1,12,2021
"A59..59",2,13,2021
"A59..59",1,14,2021
"A59..59",2,15,2021
"A59..59",NA,16,2021
"A59..59",2,17,2021
"A59..59",1,18,2021
"A59..59",NA,19,2021
"A59..59",3,20,2021
"A59..59",1,21,2021
"A59..59",NA,22,2021
"A59..59",3,23,2021
"A59..59",4,24,2021
"A59..59",1,25,2021
"A59..59",5,26,2021
"A59..59",5,27,2021
"A59..59",3,28,2021
"A59..59",4,29,2021
"A59..59",9,30,2021
"A59..59",8,31,2021
"A59..59",7,32,2021
"A59..59",3,33,2021
"A59..59",6,34,2021
"A59..59",6,35,2021
"A59..59",7,36,2021
"A59..59",11,37,2021
"A59..59",8,38,2021
"A59..59",10,39,2021
"A59..59",10,40,2021
"A59..59",14,41,2021
"A59..59",19,42,2021
"A59..59",10,43,2021
"A59..59",6,44,2021
"A59..59",20,45,2021
"A59..59",12,46,2021
"A59..59",16,47,2021
"A59..59",19,48,2021
"A59..59",17,49,2021
"A59..59",22,50,2021
"A59..59",22,51,2021
"A59..59",18,52,2021
"A60..60",NA,1,2021
"A60..60",3,2,2021
"A60..60",1,3,2021
"A60..60",3,4,2021
"A60..60",1,5,2021
"A60..60",1,6,2021
"A60..60",2,7,2021
"A60..60",2,8,2021
"A60..60",3,9,2021
"A60..60",NA,10,2021
"A60..60",1,11,2021
"A60..60",2,12,2021
"A60..60",1,13,2021
"A60..60",1,14,2021
"A60..60",NA,15,2021
"A60..60",1,16,2021
"A60..60",1,17,2021
"A60..60",1,18,2021
"A60..60",NA,19,2021
"A60..60",2,20,2021
"A60..60",3,21,2021
"A60..60",3,22,2021
"A60..60",1,23,2021
"A60..60",2,24,2021
"A60..60",8,25,2021
"A60..60",1,26,2021
"A60..60",3,27,2021
"A60..60",12,28,2021
"A60..60",5,29,2021
"A60..60",8,30,2021
"A60..60",8,31,2021
"A60..60",3,32,2021
"A60..60",8,33,2021
"A60..60",8,34,2021
"A60..60",8,35,2021
"A60..60",8,36,2021
"A60..60",4,37,2021
"A60..60",12,38,2021
"A60..60",14,39,2021
"A60..60",5,40,2021
"A60..60",16,41,2021
"A60..60",13,42,2021
"A60..60",10,43,2021
"A60..60",14,44,2021
"A60..60",11,45,2021
"A60..60",13,46,2021
"A60..60",8,47,2021
"A60..60",10,48,2021
"A60..60",18,49,2021
"A60..60",11,50,2021
"A60..60",18,51,2021
"A60..60",10,52,2021
"A61..61",3,1,2021
"A61..61",1,2,2021
"A61..61",1,3,2021
"A61..61",1,4,2021
"A61..61",3,5,2021
"A61..61",3,6,2021
"A61..61",2,7,2021
"A61..61",1,8,2021
"A61..61",2,9,2021
"A61..61",NA,10,2021
"A61..61",4,11,2021
"A61..61",1,12,2021
"A61..61",1,13,2021
"A61..61",NA,14,2021
"A61..61",1,15,2021
"A61..61",1,16,2021
"A61..61",4,17,2021
"A61..61",1,18,2021
"A61..61",NA,19,2021
"A61..61",1,20,2021
"A61..61",1,21,2021
"A61..61",2,22,2021
"A61..61",4,23,2021
"A61..61",4,24,2021
"A61..61",NA,25,2021
"A61..61",4,26,2021
"A61..61",4,27,2021
"A61..61",4,28,2021
"A61..61",8,29,2021
"A61..61",3,30,2021
"A61..61",2,31,2021
"A61..61",NA,32,2021
"A61..61",5,33,2021
"A61..61",14,34,2021
"A61..61",10,35,2021
"A61..61",10,36,2021
"A61..61",8,37,2021
"A61..61",12,38,2021
"A61..61",8,39,2021
"A61..61",7,40,2021
"A61..61",11,41,2021
"A61..61",12,42,2021
"A61..61",9,43,2021
"A61..61",20,44,2021
"A61..61",16,45,2021
"A61..61",14,46,2021
"A61..61",14,47,2021
"A61..61",22,48,2021
"A61..61",15,49,2021
"A61..61",15,50,2021
"A61..61",17,51,2021
"A61..61",25,52,2021
"A62..62",1,1,2021
"A62..62",1,2,2021
"A62..62",3,3,2021
"A62..62",3,4,2021
"A62..62",2,5,2021
"A62..62",NA,6,2021
"A62..62",NA,7,2021
"A62..62",1,8,2021
"A62..62",2,9,2021
"A62..62",NA,10,2021
"A62..62",2,11,2021
"A62..62",1,12,2021
"A62..62",4,13,2021
"A62..62",1,14,2021
"A62..62",NA,15,2021
"A62..62",3,16,2021
"A62..62",1,17,2021
"A62..62",NA,18,2021
"A62..62",1,19,2021
"A62..62",4,20,2021
"A62..62",2,21,2021
"A62..62",4,22,2021
"A62..62",2,23,2021
"A62..62",3,24,2021
"A62..62",3,25,2021
"A62..62",3,26,2021
"A62..62",5,27,2021
"A62..62",4,28,2021
"A62..62",6,29,2021
"A62..62",6,30,2021
"A62..62",5,31,2021
"A62..62",4,32,2021
"A62..62",8,33,2021
"A62..62",4,34,2021
"A62..62",8,35,2021
"A62..62",14,36,2021
"A62..62",11,37,2021
"A62..62",7,38,2021
"A62..62",18,39,2021
"A62..62",9,40,2021
"A62..62",9,41,2021
"A62..62",10,42,2021
"A62..62",8,43,2021
"A62..62",12,44,2021
"A62..62",11,45,2021
"A62..62",6,46,2021
"A62..62",15,47,2021
"A62..62",20,48,2021
"A62..62",19,49,2021
"A62..62",15,50,2021
"A62..62",19,51,2021
"A62..62",12,52,2021
"A63..63",1,1,2021
"A63..63",3,2,2021
"A63..63",1,3,2021
"A63..63",4,4,2021
"A63..63",2,5,2021
"A63..63",1,6,2021
"A63..63",3,7,2021
"A63..63",1,8,2021
"A63..63",NA,9,2021
"A63..63",NA,10,2021
"A63..63",5,11,2021
"A63..63",2,12,2021
"A63..63",1,13,2021
"A63..63",NA,14,2021
"A63..63",NA,15,2021
"A63..63",3,16,2021
"A63..63",1,17,2021
"A63..63",NA,18,2021
"A63..63",2,19,2021
"A63..63",2,20,2021
"A63..63",NA,21,2021
"A63..63",1,22,2021
"A63..63",2,23,2021
"A63..63",2,24,2021
"A63..63",1,25,2021
"A63..63",2,26,2021
"A63..63",3,27,2021
"A63..63",4,28,2021
"A63..63",4,29,2021
"A63..63",7,30,2021
"A63..63",3,31,2021
"A63..63",1,32,2021
"A63..63",6,33,2021
"A63..63",1,34,2021
"A63..63",3,35,2021
"A63..63",4,36,2021
"A63..63",5,37,2021
"A63..63",3,38,2021
"A63..63",7,39,2021
"A63..63",3,40,2021
"A63..63",14,41,2021
"A63..63",12,42,2021
"A63..63",9,43,2021
"A63..63",10,44,2021
"A63..63",12,45,2021
"A63..63",16,46,2021
"A63..63",10,47,2021
"A63..63",16,48,2021
"A63..63",14,49,2021
"A63..63",15,50,2021
"A63..63",14,51,2021
"A63..63",9,52,2021
"A64..64",1,1,2021
"A64..64",2,2,2021
"A64..64",1,3,2021
"A64..64",5,4,2021
"A64..64",2,5,2021
"A64..64",NA,6,2021
"A64..64",NA,7,2021
"A64..64",1,8,2021
"A64..64",2,9,2021
"A64..64",2,10,2021
"A64..64",1,11,2021
"A64..64",1,12,2021
"A64..64",NA,13,2021
"A64..64",2,14,2021
"A64..64",3,15,2021
"A64..64",1,16,2021
"A64..64",NA,17,2021
"A64..64",NA,18,2021
"A64..64",NA,19,2021
"A64..64",4,20,2021
"A64..64",1,21,2021
"A64..64",1,22,2021
"A64..64",4,23,2021
"A64..64",NA,24,2021
"A64..64",NA,25,2021
"A64..64",2,26,2021
"A64..64",4,27,2021
"A64..64",3,28,2021
"A64..64",2,29,2021
"A64..64",7,30,2021
"A64..64",3,31,2021
"A64..64",4,32,2021
"A64..64",6,33,2021
"A64..64",7,34,2021
"A64..64",7,35,2021
"A64..64",2,36,2021
"A64..64",2,37,2021
"A64..64",7,38,2021
"A64..64",5,39,2021
"A64..64",9,40,2021
"A64..64",10,41,2021
"A64..64",10,42,2021
"A64..64",10,43,2021
"A64..64",13,44,2021
"A64..64",17,45,2021
"A64..64",18,46,2021
"A64..64",15,47,2021
"A64..64",17,48,2021
"A64..64",9,49,2021
"A64..64",23,50,2021
"A64..64",11,51,2021
"A64..64",18,52,2021
"A65..65",1,1,2021
"A65..65",NA,2,2021
"A65..65",NA,3,2021
"A65..65",3,4,2021
"A65..65",1,5,2021
"A65..65",NA,6,2021
"A65..65",1,7,2021
"A65..65",1,8,2021
"A65..65",1,9,2021
"A65..65",2,10,2021
"A65..65",1,11,2021
"A65..65",1,12,2021
"A65..65",NA,13,2021
"A65..65",NA,14,2021
"A65..65",3,15,2021
"A65..65",1,16,2021
"A65..65",1,17,2021
"A65..65",1,18,2021
"A65..65",2,19,2021
"A65..65",5,20,2021
"A65..65",1,21,2021
"A65..65",1,22,2021
"A65..65",4,23,2021
"A65..65",4,24,2021
"A65..65",2,25,2021
"A65..65",5,26,2021
"A65..65",3,27,2021
"A65..65",2,28,2021
"A65..65",3,29,2021
"A65..65",6,30,2021
"A65..65",5,31,2021
"A65..65",2,32,2021
"A65..65",1,33,2021
"A65..65",4,34,2021
"A65..65",3,35,2021
"A65..65",3,36,2021
"A65..65",10,37,2021
"A65..65",8,38,2021
"A65..65",5,39,2021
"A65..65",7,40,2021
"A65..65",6,41,2021
"A65..65",7,42,2021
"A65..65",6,43,2021
"A65..65",10,44,2021
"A65..65",15,45,2021
"A65..65",13,46,2021
"A65..65",11,47,2021
"A65..65",14,48,2021
"A65..65",18,49,2021
"A65..65",18,50,2021
"A65..65",18,51,2021
"A65..65",22,52,2021
"A66..66",2,1,2021
"A66..66",1,2,2021
"A66..66",1,3,2021
"A66..66",1,4,2021
"A66..66",2,5,2021
"A66..66",2,6,2021
"A66..66",1,7,2021
"A66..66",1,8,2021
"A66..66",2,9,2021
"A66..66",1,10,2021
"A66..66",1,11,2021
"A66..66",NA,12,2021
"A66..66",1,13,2021
"A66..66",2,14,2021
"A66..66",1,15,2021
"A66..66",1,16,2021
"A66..66",2,17,2021
"A66..66",2,18,2021
"A66..66",2,19,2021
"A66..66",NA,20,2021
"A66..66",2,21,2021
"A66..66",1,22,2021
"A66..66",4,23,2021
"A66..66",2,24,2021
"A66..66",5,25,2021
"A66..66",3,26,2021
"A66..66",3,27,2021
"A66..66",3,28,2021
"A66..66",3,29,2021
"A66..66",5,30,2021
"A66..66",4,31,2021
"A66..66",3,32,2021
"A66..66",4,33,2021
"A66..66",5,34,2021
"A66..66",8,35,2021
"A66..66",7,36,2021
"A66..66",6,37,2021
"A66..66",4,38,2021
"A66..66",7,39,2021
"A66..66",10,40,2021
"A66..66",7,41,2021
"A66..66",11,42,2021
"A66..66",8,43,2021
"A66..66",6,44,2021
"A66..66",18,45,2021
"A66..66",8,46,2021
"A66..66",11,47,2021
"A66..66",7,48,2021
"A66..66",23,49,2021
"A66..66",20,50,2021
"A66..66",19,51,2021
"A66..66",11,52,2021
"A67..67",NA,1,2021
"A67..67",1,2,2021
"A67..67",1,3,2021
"A67..67",3,4,2021
"A67..67",2,5,2021
"A67..67",2,6,2021
"A67..67",1,7,2021
"A67..67",2,8,2021
"A67..67",1,9,2021
"A67..67",1,10,2021
"A67..67",NA,11,2021
"A67..67",NA,12,2021
"A67..67",1,13,2021
"A67..67",1,14,2021
"A67..67",2,15,2021
"A67..67",3,16,2021
"A67..67",2,17,2021
"A67..67",2,18,2021
"A67..67",NA,19,2021
"A67..67",1,20,2021
"A67..67",1,21,2021
"A67..67",NA,22,2021
"A67..67",3,23,2021
"A67..67",4,24,2021
"A67..67",1,25,2021
"A67..67",1,26,2021
"A67..67",5,27,2021
"A67..67",1,28,2021
"A67..67",2,29,2021
"A67..67",2,30,2021
"A67..67",3,31,2021
"A67..67",4,32,2021
"A67..67",4,33,2021
"A67..67",8,34,2021
"A67..67",4,35,2021
"A67..67",3,36,2021
"A67..67",7,37,2021
"A67..67",3,38,2021
"A67..67",9,39,2021
"A67..67",10,40,2021
"A67..67",8,41,2021
"A67..67",11,42,2021
"A67..67",7,43,2021
"A67..67",9,44,2021
"A67..67",18,45,2021
"A67..67",8,46,2021
"A67..67",18,47,2021
"A67..67",16,48,2021
"A67..67",17,49,2021
"A67..67",15,50,2021
"A67..67",17,51,2021
"A67..67",17,52,2021
"A68..68",1,1,2021
"A68..68",3,2,2021
"A68..68",NA,3,2021
"A68..68",2,4,2021
"A68..68",2,5,2021
"A68..68",NA,6,2021
"A68..68",1,7,2021
"A68..68",3,8,2021
"A68..68",1,9,2021
"A68..68",NA,10,2021
"A68..68",2,11,2021
"A68..68",NA,12,2021
"A68..68",NA,13,2021
"A68..68",NA,14,2021
"A68..68",NA,15,2021
"A68..68",NA,16,2021
"A68..68",NA,17,2021
"A68..68",NA,18,2021
"A68..68",1,19,2021
"A68..68",1,20,2021
"A68..68",3,21,2021
"A68..68",NA,22,2021
"A68..68",2,23,2021
"A68..68",1,24,2021
"A68..68",5,25,2021
"A68..68",2,26,2021
"A68..68",2,27,2021
"A68..68",3,28,2021
"A68..68",4,29,2021
"A68..68",4,30,2021
"A68..68",4,31,2021
"A68..68",7,32,2021
"A68..68",4,33,2021
"A68..68",6,34,2021
"A68..68",4,35,2021
"A68..68",2,36,2021
"A68..68",9,37,2021
"A68..68",10,38,2021
"A68..68",8,39,2021
"A68..68",4,40,2021
"A68..68",11,41,2021
"A68..68",8,42,2021
"A68..68",9,43,2021
"A68..68",9,44,2021
"A68..68",16,45,2021
"A68..68",12,46,2021
"A68..68",13,47,2021
"A68..68",13,48,2021
"A68..68",16,49,2021
"A68..68",28,50,2021
"A68..68",20,51,2021
"A68..68",12,52,2021
"A69..69",1,1,2021
"A69..69",1,2,2021
"A69..69",2,3,2021
"A69..69",2,4,2021
"A69..69",NA,5,2021
"A69..69",1,6,2021
"A69..69",3,7,2021
"A69..69",1,8,2021
"A69..69",2,9,2021
"A69..69",1,10,2021
"A69..69",3,11,2021
"A69..69",4,12,2021
"A69..69",NA,13,2021
"A69..69",3,14,2021
"A69..69",2,15,2021
"A69..69",NA,16,2021
"A69..69",2,17,2021
"A69..69",NA,18,2021
"A69..69",4,19,2021
"A69..69",2,20,2021
"A69..69",NA,21,2021
"A69..69",2,22,2021
"A69..69",4,23,2021
"A69..69",1,24,2021
"A69..69",4,25,2021
"A69..69",2,26,2021
"A69..69",4,27,2021
"A69..69",4,28,2021
"A69..69",2,29,2021
"A69..69",6,30,2021
"A69..69",3,31,2021
"A69..69",3,32,2021
"A69..69",5,33,2021
"A69..69",4,34,2021
"A69..69",5,35,2021
"A69..69",5,36,2021
"A69..69",6,37,2021
"A69..69",7,38,2021
"A69..69",4,39,2021
"A69..69",6,40,2021
"A69..69",11,41,2021
"A69..69",12,42,2021
"A69..69",8,43,2021
"A69..69",11,44,2021
"A69..69",12,45,2021
"A69..69",15,46,2021
"A69..69",7,47,2021
"A69..69",11,48,2021
"A69..69",13,49,2021
"A69..69",22,50,2021
"A69..69",16,51,2021
"A69..69",23,52,2021
"A70..70",1,1,2021
"A70..70",NA,2,2021
"A70..70",6,3,2021
"A70..70",NA,4,2021
"A70..70",NA,5,2021
"A70..70",1,6,2021
"A70..70",1,7,2021
"A70..70",1,8,2021
"A70..70",1,9,2021
"A70..70",1,10,2021
"A70..70",4,11,2021
"A70..70",1,12,2021
"A70..70",NA,13,2021
"A70..70",2,14,2021
"A70..70",2,15,2021
"A70..70",2,16,2021
"A70..70",1,17,2021
"A70..70",2,18,2021
"A70..70",1,19,2021
"A70..70",5,20,2021
"A70..70",1,21,2021
"A70..70",2,22,2021
"A70..70",NA,23,2021
"A70..70",NA,24,2021
"A70..70",3,25,2021
"A70..70",NA,26,2021
"A70..70",NA,27,2021
"A70..70",3,28,2021
"A70..70",5,29,2021
"A70..70",6,30,2021
"A70..70",3,31,2021
"A70..70",1,32,2021
"A70..70",3,33,2021
"A70..70",7,34,2021
"A70..70",4,35,2021
"A70..70",8,36,2021
"A70..70",11,37,2021
"A70..70",6,38,2021
"A70..70",12,39,2021
"A70..70",7,40,2021
"A70..70",13,41,2021
"A70..70",18,42,2021
"A70..70",7,43,2021
"A70..70",8,44,2021
"A70..70",18,45,2021
"A70..70",17,46,2021
"A70..70",11,47,2021
"A70..70",11,48,2021
"A70..70",23,49,2021
"A70..70",22,50,2021
"A70..70",10,51,2021
"A70..70",15,52,2021
"A71..71",2,1,2021
"A71..71",1,2,2021
"A71..71",2,3,2021
"A71..71",NA,4,2021
"A71..71",1,5,2021
"A71..71",1,6,2021
"A71..71",1,7,2021
"A71..71",2,8,2021
"A71..71",1,9,2021
"A71..71",NA,10,2021
"A71..71",1,11,2021
"A71..71",1,12,2021
"A71..71",2,13,2021
"A71..71",1,14,2021
"A71..71",1,15,2021
"A71..71",3,16,2021
"A71..71",1,17,2021
"A71..71",1,18,2021
"A71..71",3,19,2021
"A71..71",2,20,2021
"A71..71",3,21,2021
"A71..71",1,22,2021
"A71..71",NA,23,2021
"A71..71",4,24,2021
"A71..71",1,25,2021
"A71..71",3,26,2021
"A71..71",2,27,2021
"A71..71",4,28,2021
"A71..71",5,29,2021
"A71..71",6,30,2021
"A71..71",4,31,2021
"A71..71",5,32,2021
"A71..71",4,33,2021
"A71..71",5,34,2021
"A71..71",5,35,2021
"A71..71",10,36,2021
"A71..71",6,37,2021
"A71..71",12,38,2021
"A71..71",5,39,2021
"A71..71",5,40,2021
"A71..71",10,41,2021
"A71..71",12,42,2021
"A71..71",9,43,2021
"A71..71",17,44,2021
"A71..71",10,45,2021
"A71..71",15,46,2021
"A71..71",15,47,2021
"A71..71",15,48,2021
"A71..71",25,49,2021
"A71..71",19,50,2021
"A71..71",22,51,2021
"A71..71",13,52,2021
"A72..72",2,1,2021
"A72..72",NA,2,2021
"A72..72",NA,3,2021
"A72..72",3,4,2021
"A72..72",1,5,2021
"A72..72",2,6,2021
"A72..72",5,7,2021
"A72..72",2,8,2021
"A72..72",2,9,2021
"A72..72",3,10,2021
"A72..72",1,11,2021
"A72..72",2,12,2021
"A72..72",2,13,2021
"A72..72",2,14,2021
"A72..72",1,15,2021
"A72..72",NA,16,2021
"A72..72",NA,17,2021
"A72..72",3,18,2021
"A72..72",NA,19,2021
"A72..72",3,20,2021
"A72..72",NA,21,2021
"A72..72",NA,22,2021
"A72..72",4,23,2021
"A72..72",2,24,2021
"A72..72",2,25,2021
"A72..72",1,26,2021
"A72..72",1,27,2021
"A72..72",2,28,2021
"A72..72",2,29,2021
"A72..72",8,30,2021
"A72..72",1,31,2021
"A72..72",4,32,2021
"A72..72",4,33,2021
"A72..72",3,34,2021
"A72..72",4,35,2021
"A72..72",2,36,2021
"A72..72",8,37,2021
"A72..72",5,38,2021
"A72..72",5,39,2021
"A72..72",6,40,2021
"A72..72",7,41,2021
"A72..72",10,42,2021
"A72..72",9,43,2021
"A72..72",18,44,2021
"A72..72",11,45,2021
"A72..72",16,46,2021
"A72..72",19,47,2021
"A72..72",17,48,2021
"A72..72",23,49,2021
"A72..72",20,50,2021
"A72..72",17,51,2021
"A72..72",22,52,2021
"A73..73",NA,1,2021
"A73..73",2,2,2021
"A73..73",NA,3,2021
"A73..73",1,4,2021
"A73..73",NA,5,2021
"A73..73",NA,6,2021
"A73..73",2,7,2021
"A73..73",1,8,2021
"A73..73",1,9,2021
"A73..73",1,10,2021
"A73..73",4,11,2021
"A73..73",1,12,2021
"A73..73",NA,13,2021
"A73..73",NA,14,2021
"A73..73",2,15,2021
"A73..73",NA,16,2021
"A73..73",3,17,2021
"A73..73",NA,18,2021
"A73..73",NA,19,2021
"A73..73",3,20,2021
"A73..73",2,21,2021
"A73..73",3,22,2021
"A73..73",4,23,2021
"A73..73",3,24,2021
"A73..73",2,25,2021
"A73..73",5,26,2021
"A73..73",NA,27,2021
"A73..73",3,28,2021
"A73..73",2,29,2021
"A73..73",2,30,2021
"A73..73",2,31,2021
"A73..73",4,32,2021
"A73..73",6,33,2021
"A73..73",3,34,2021
"A73..73",7,35,2021
"A73..73",7,36,2021
"A73..73",4,37,2021
"A73..73",4,38,2021
"A73..73",6,39,2021
"A73..73",3,40,2021
"A73..73",13,41,2021
"A73..73",5,42,2021
"A73..73",12,43,2021
"A73..73",12,44,2021
"A73..73",13,45,2021
"A73..73",17,46,2021
"A73..73",11,47,2021
"A73..73",12,48,2021
"A73..73",15,49,2021
"A73..73",25,50,2021
"A73..73",24,51,2021
"A73..73",18,52,2021
"A74..74",NA,1,2021
"A74..74",2,2,2021
"A74..74",2,3,2021
"A74..74",2,4,2021
"A74..74",4,5,2021
"A74..74",2,6,2021
"A74..74",NA,7,2021
"A74..74",1,8,2021
"A74..74",2,9,2021
"A74..74",2,10,2021
"A74..74",1,11,2021
"A74..74",1,12,2021
"A74..74",NA,13,2021
"A74..74",2,14,2021
"A74..74",1,15,2021
"A74..74",2,16,2021
"A74..74",NA,17,2021
"A74..74",1,18,2021
"A74..74",1,19,2021
"A74..74",3,20,2021
"A74..74",3,21,2021
"A74..74",3,22,2021
"A74..74",1,23,2021
"A74..74",1,24,2021
"A74..74",4,25,2021
"A74..74",2,26,2021
"A74..74",2,27,2021
"A74..74",6,28,2021
"A74..74",3,29,2021
"A74..74",4,30,2021
"A74..74",2,31,2021
"A74..74",5,32,2021
"A74..74",NA,33,2021
"A74..74",3,34,2021
"A74..74",8,35,2021
"A74..74",11,36,2021
"A74..74",4,37,2021
"A74..74",5,38,2021
"A74..74",8,39,2021
"A74..74",3,40,2021
"A74..74",8,41,2021
"A74..74",9,42,2021
"A74..74",7,43,2021
"A74..74",14,44,2021
"A74..74",15,45,2021
"A74..74",16,46,2021
"A74..74",19,47,2021
"A74..74",14,48,2021
"A74..74",15,49,2021
"A74..74",14,50,2021
"A74..74",21,51,2021
"A74..74",27,52,2021
"A75..75",1,1,2021
"A75..75",NA,2,2021
"A75..75",2,3,2021
"A75..75",2,4,2021
"A75..75",NA,5,2021
"A75..75",2,6,2021
"A75..75",3,7,2021
"A75..75",1,8,2021
"A75..75",1,9,2021
"A75..75",NA,10,2021
"A75..75",NA,11,2021
"A75..75",1,12,2021
"A75..75",NA,13,2021
"A75..75",NA,14,2021
"A75..75",1,15,2021
"A75..75",1,16,2021
"A75..75",NA,17,2021
"A75..75",2,18,2021
"A75..75",NA,19,2021
"A75..75",3,20,2021
"A75..75",2,21,2021
"A75..75",3,22,2021
"A75..75",4,23,2021
"A75..75",1,24,2021
"A75..75",NA,25,2021
"A75..75",2,26,2021
"A75..75",1,27,2021
"A75..75",2,28,2021
"A75..75",5,29,2021
"A75..75",2,30,2021
"A75..75",3,31,2021
"A75..75",NA,32,2021
"A75..75",3,33,2021
"A75..75",1,34,2021
"A75..75",3,35,2021
"A75..75",3,36,2021
"A75..75",7,37,2021
"A75..75",5,38,2021
"A75..75",6,39,2021
"A75..75",6,40,2021
"A75..75",7,41,2021
"A75..75",14,42,2021
"A75..75",14,43,2021
"A75..75",17,44,2021
"A75..75",15,45,2021
"A75..75",11,46,2021
"A75..75",15,47,2021
"A75..75",11,48,2021
"A75..75",11,49,2021
"A75..75",14,50,2021
"A75..75",21,51,2021
"A75..75",15,52,2021
"A76..76",NA,1,2021
"A76..76",1,2,2021
"A76..76",4,3,2021
"A76..76",3,4,2021
"A76..76",NA,5,2021
"A76..76",3,6,2021
"A76..76",2,7,2021
"A76..76",1,8,2021
"A76..76",1,9,2021
"A76..76",2,10,2021
"A76..76",1,11,2021
"A76..76",4,12,2021
"A76..76",NA,13,2021
"A76..76",2,14,2021
"A76..76",NA,15,2021
"A76..76",1,16,2021
"A76..76",1,17,2021
"A76..76",NA,18,2021
"A76..76",2,19,2021
"A76..76",6,20,2021
"A76..76",1,21,2021
"A76..76",1,22,2021
"A76..76",1,23,2021
"A76..76",NA,24,2021
"A76..76",4,25,2021
"A76..76",2,26,2021
"A76..76",1,27,2021
"A76..76",1,28,2021
"A76..76",5,29,2021
"A76..76",7,30,2021
"A76..76",5,31,2021
"A76..76",5,32,2021
"A76..76",3,33,2021
"A76..76",5,34,2021
"A76..76",1,35,2021
"A76..76",5,36,2021
"A76..76",2,37,2021
"A76..76",9,38,2021
"A76..76",10,39,2021
"A76..76",9,40,2021
"A76..76",13,41,2021
"A76..76",12,42,2021
"A76..76",8,43,2021
"A76..76",15,44,2021
"A76..76",16,45,2021
"A76..76",16,46,2021
"A76..76",12,47,2021
"A76..76",12,48,2021
"A76..76",20,49,2021
"A76..76",19,50,2021
"A76..76",16,51,2021
"A76..76",25,52,2021
"A77..77",2,1,2021
"A77..77",NA,2,2021
"A77..77",4,3,2021
"A77..77",NA,4,2021
"A77..77",2,5,2021
"A77..77",NA,6,2021
"A77..77",4,7,2021
"A77..77",3,8,2021
"A77..77",3,9,2021
"A77..77",1,10,2021
"A77..77",4,11,2021
"A77..77",2,12,2021
"A77..77",2,13,2021
"A77..77",3,14,2021
"A77..77",NA,15,2021
"A77..77",NA,16,2021
"A77..77",2,17,2021
"A77..77",NA,18,2021
"A77..77",2,19,2021
"A77..77",5,20,2021
"A77..77",NA,21,2021
"A77..77",5,22,2021
"A77..77",4,23,2021
"A77..77",3,24,2021
"A77..77",3,25,2021
"A77..77",4,26,2021
"A77..77",3,27,2021
"A77..77",4,28,2021
"A77..77",5,29,2021
"A77..77",6,30,2021
"A77..77",7,31,2021
"A77..77",6,32,2021
"A77..77",10,33,2021
"A77..77",8,34,2021
"A77..77",11,35,2021
"A77..77",9,36,2021
"A77..77",9,37,2021
"A77..77",11,38,2021
"A77..77",10,39,2021
"A77..77",7,40,2021
"A77..77",11,41,2021
"A77..77",9,42,2021
"A77..77",11,43,2021
"A77..77",19,44,2021
"A77..77",19,45,2021
"A77..77",21,46,2021
"A77..77",18,47,2021
"A77..77",26,48,2021
"A77..77",32,49,2021
"A77..77",35,50,2021
"A77..77",32,51,2021
"A77..77",21,52,2021
"A78..78",1,1,2021
"A78..78",1,2,2021
"A78..78",2,3,2021
"A78..78",NA,4,2021
"A78..78",3,5,2021
"A78..78",2,6,2021
"A78..78",1,7,2021
"A78..78",1,8,2021
"A78..78",1,9,2021
"A78..78",NA,10,2021
"A78..78",3,11,2021
"A78..78",NA,12,2021
"A78..78",2,13,2021
"A78..78",1,14,2021
"A78..78",3,15,2021
"A78..78",NA,16,2021
"A78..78",NA,17,2021
"A78..78",3,18,2021
"A78..78",4,19,2021
"A78..78",7,20,2021
"A78..78",3,21,2021
"A78..78",3,22,2021
"A78..78",1,23,2021
"A78..78",3,24,2021
"A78..78",3,25,2021
"A78..78",2,26,2021
"A78..78",4,27,2021
"A78..78",NA,28,2021
"A78..78",1,29,2021
"A78..78",4,30,2021
"A78..78",2,31,2021
"A78..78",3,32,2021
"A78..78",3,33,2021
"A78..78",13,34,2021
"A78..78",8,35,2021
"A78..78",10,36,2021
"A78..78",9,37,2021
"A78..78",5,38,2021
"A78..78",5,39,2021
"A78..78",13,40,2021
"A78..78",9,41,2021
"A78..78",16,42,2021
"A78..78",8,43,2021
"A78..78",16,44,2021
"A78..78",24,45,2021
"A78..78",29,46,2021
"A78..78",21,47,2021
"A78..78",16,48,2021
"A78..78",29,49,2021
"A78..78",37,50,2021
"A78..78",30,51,2021
"A78..78",35,52,2021
"A79..79",NA,1,2021
"A79..79",3,2,2021
"A79..79",6,3,2021
"A79..79",9,4,2021
"A79..79",1,5,2021
"A79..79",2,6,2021
"A79..79",7,7,2021
"A79..79",2,8,2021
"A79..79",NA,9,2021
"A79..79",NA,10,2021
"A79..79",2,11,2021
"A79..79",4,12,2021
"A79..79",3,13,2021
"A79..79",4,14,2021
"A79..79",1,15,2021
"A79..79",1,16,2021
"A79..79",3,17,2021
"A79..79",3,18,2021
"A79..79",3,19,2021
"A79..79",9,20,2021
"A79..79",3,21,2021
"A79..79",4,22,2021
"A79..79",2,23,2021
"A79..79",3,24,2021
"A79..79",5,25,2021
"A79..79",3,26,2021
"A79..79",4,27,2021
"A79..79",6,28,2021
"A79..79",12,29,2021
"A79..79",10,30,2021
"A79..79",4,31,2021
"A79..79",3,32,2021
"A79..79",6,33,2021
"A79..79",4,34,2021
"A79..79",11,35,2021
"A79..79",7,36,2021
"A79..79",9,37,2021
"A79..79",7,38,2021
"A79..79",7,39,2021
"A79..79",9,40,2021
"A79..79",15,41,2021
"A79..79",18,42,2021
"A79..79",12,43,2021
"A79..79",30,44,2021
"A79..79",23,45,2021
"A79..79",24,46,2021
"A79..79",25,47,2021
"A79..79",25,48,2021
"A79..79",34,49,2021
"A79..79",38,50,2021
"A79..79",36,51,2021
"A79..79",31,52,2021
"A80.",24,1,2021
"A80.",36,2,2021
"A80.",54,3,2021
"A80.",58,4,2021
"A80.",54,5,2021
"A80.",33,6,2021
"A80.",37,7,2021
"A80.",34,8,2021
"A80.",24,9,2021
"A80.",24,10,2021
"A80.",56,11,2021
"A80.",32,12,2021
"A80.",31,13,2021
"A80.",36,14,2021
"A80.",31,15,2021
"A80.",23,16,2021
"A80.",45,17,2021
"A80.",54,18,2021
"A80.",46,19,2021
"A80.",120,20,2021
"A80.",28,21,2021
"A80.",74,22,2021
"A80.",105,23,2021
"A80.",58,24,2021
"A80.",34,25,2021
"A80.",49,26,2021
"A80.",40,27,2021
"A80.",47,28,2021
"A80.",74,29,2021
"A80.",95,30,2021
"A80.",99,31,2021
"A80.",106,32,2021
"A80.",106,33,2021
"A80.",116,34,2021
"A80.",169,35,2021
"A80.",129,36,2021
"A80.",118,37,2021
"A80.",155,38,2021
"A80.",110,39,2021
"A80.",157,40,2021
"A80.",295,41,2021
"A80.",332,42,2021
"A80.",320,43,2021
"A80.",437,44,2021
"A80.",441,45,2021
"A80.",555,46,2021
"A80.",540,47,2021
"A80.",435,48,2021
"A80.",636,49,2021
"A80.",701,50,2021
"A80.",635,51,2021
"A80.",573,52,2021
"Unbekannt",1,1,2021
"Unbekannt",NA,2,2021
"Unbekannt",NA,3,2021
"Unbekannt",7,4,2021
"Unbekannt",1,5,2021
"Unbekannt",10,6,2021
"Unbekannt",NA,7,2021
"Unbekannt",NA,8,2021
"Unbekannt",1,9,2021
"Unbekannt",2,10,2021
"Unbekannt",10,11,2021
"Unbekannt",NA,12,2021
"Unbekannt",NA,13,2021
"Unbekannt",1,14,2021
"Unbekannt",7,15,2021
"Unbekannt",5,16,2021
"Unbekannt",NA,17,2021
"Unbekannt",NA,18,2021
"Unbekannt",NA,19,2021
"Unbekannt",NA,20,2021
"Unbekannt",5,21,2021
"Unbekannt",10,22,2021
"Unbekannt",22,23,2021
"Unbekannt",14,24,2021
"Unbekannt",16,25,2021
"Unbekannt",18,26,2021
"Unbekannt",13,27,2021
"Unbekannt",1,28,2021
"Unbekannt",1,29,2021
"Unbekannt",61,30,2021
"Unbekannt",NA,31,2021
"Unbekannt",31,32,2021
"Unbekannt",55,33,2021
"Unbekannt",33,34,2021
"Unbekannt",23,35,2021
"Unbekannt",43,36,2021
"Unbekannt",31,37,2021
"Unbekannt",47,38,2021
"Unbekannt",22,39,2021
"Unbekannt",53,40,2021
"Unbekannt",11,41,2021
"Unbekannt",56,42,2021
"Unbekannt",15,43,2021
"Unbekannt",66,44,2021
"Unbekannt",80,45,2021
"Unbekannt",238,46,2021
"Unbekannt",165,47,2021
"Unbekannt",53,48,2021
"Unbekannt",107,49,2021
"Unbekannt",78,50,2021
"Unbekannt",146,51,2021
"Unbekannt",222,52,2021
"A00..00",138,1,2020
"A00..00",132,2,2020
"A00..00",148,3,2020
"A00..00",130,4,2020
"A00..00",152,5,2020
"A00..00",147,6,2020
"A00..00",142,7,2020
"A00..00",108,8,2020
"A00..00",101,9,2020
"A00..00",98,10,2020
"A00..00",62,11,2020
"A00..00",55,12,2020
"A00..00",31,13,2020
"A00..00",18,14,2020
"A00..00",8,15,2020
"A00..00",8,16,2020
"A00..00",10,17,2020
"A00..00",6,18,2020
"A00..00",6,19,2020
"A00..00",9,20,2020
"A00..00",5,21,2020
"A00..00",6,22,2020
"A00..00",5,23,2020
"A00..00",8,24,2020
"A00..00",7,25,2020
"A00..00",4,26,2020
"A00..00",6,27,2020
"A00..00",NA,28,2020
"A00..00",7,29,2020
"A00..00",5,30,2020
"A00..00",7,31,2020
"A00..00",2,32,2020
"A00..00",2,33,2020
"A00..00",10,34,2020
"A00..00",7,35,2020
"A00..00",4,36,2020
"A00..00",4,37,2020
"A00..00",14,38,2020
"A00..00",7,39,2020
"A00..00",8,40,2020
"A00..00",18,41,2020
"A00..00",12,42,2020
"A00..00",9,43,2020
"A00..00",9,44,2020
"A00..00",8,45,2020
"A00..00",6,46,2020
"A00..00",6,47,2020
"A00..00",11,48,2020
"A00..00",9,49,2020
"A00..00",6,50,2020
"A00..00",9,51,2020
"A00..00",5,52,2020
"A00..00",4,53,2020
"A01..01",149,1,2020
"A01..01",208,2,2020
"A01..01",345,3,2020
"A01..01",355,4,2020
"A01..01",249,5,2020
"A01..01",279,6,2020
"A01..01",233,7,2020
"A01..01",197,8,2020
"A01..01",191,9,2020
"A01..01",206,10,2020
"A01..01",138,11,2020
"A01..01",89,12,2020
"A01..01",42,13,2020
"A01..01",19,14,2020
"A01..01",5,15,2020
"A01..01",8,16,2020
"A01..01",8,17,2020
"A01..01",2,18,2020
"A01..01",8,19,2020
"A01..01",6,20,2020
"A01..01",3,21,2020
"A01..01",3,22,2020
"A01..01",8,23,2020
"A01..01",5,24,2020
"A01..01",2,25,2020
"A01..01",8,26,2020
"A01..01",4,27,2020
"A01..01",1,28,2020
"A01..01",3,29,2020
"A01..01",6,30,2020
"A01..01",3,31,2020
"A01..01",8,32,2020
"A01..01",5,33,2020
"A01..01",5,34,2020
"A01..01",10,35,2020
"A01..01",6,36,2020
"A01..01",15,37,2020
"A01..01",12,38,2020
"A01..01",15,39,2020
"A01..01",17,40,2020
"A01..01",6,41,2020
"A01..01",16,42,2020
"A01..01",21,43,2020
"A01..01",17,44,2020
"A01..01",18,45,2020
"A01..01",14,46,2020
"A01..01",18,47,2020
"A01..01",21,48,2020
"A01..01",18,49,2020
"A01..01",16,50,2020
"A01..01",15,51,2020
"A01..01",8,52,2020
"A01..01",5,53,2020
"A02..02",80,1,2020
"A02..02",104,2,2020
"A02..02",189,3,2020
"A02..02",224,4,2020
"A02..02",155,5,2020
"A02..02",134,6,2020
"A02..02",122,7,2020
"A02..02",122,8,2020
"A02..02",125,9,2020
"A02..02",131,10,2020
"A02..02",75,11,2020
"A02..02",51,12,2020
"A02..02",15,13,2020
"A02..02",6,14,2020
"A02..02",3,15,2020
"A02..02",3,16,2020
"A02..02",2,17,2020
"A02..02",NA,18,2020
"A02..02",3,19,2020
"A02..02",NA,20,2020
"A02..02",2,21,2020
"A02..02",NA,22,2020
"A02..02",1,23,2020
"A02..02",2,24,2020
"A02..02",5,25,2020
"A02..02",3,26,2020
"A02..02",2,27,2020
"A02..02",2,28,2020
"A02..02",1,29,2020
"A02..02",4,30,2020
"A02..02",6,31,2020
"A02..02",6,32,2020
"A02..02",4,33,2020
"A02..02",2,34,2020
"A02..02",2,35,2020
"A02..02",6,36,2020
"A02..02",7,37,2020
"A02..02",7,38,2020
"A02..02",4,39,2020
"A02..02",6,40,2020
"A02..02",6,41,2020
"A02..02",13,42,2020
"A02..02",2,43,2020
"A02..02",7,44,2020
"A02..02",7,45,2020
"A02..02",5,46,2020
"A02..02",13,47,2020
"A02..02",6,48,2020
"A02..02",10,49,2020
"A02..02",10,50,2020
"A02..02",16,51,2020
"A02..02",2,52,2020
"A02..02",1,53,2020
"A03..03",49,1,2020
"A03..03",55,2,2020
"A03..03",97,3,2020
"A03..03",124,4,2020
"A03..03",94,5,2020
"A03..03",89,6,2020
"A03..03",70,7,2020
"A03..03",69,8,2020
"A03..03",66,9,2020
"A03..03",50,10,2020
"A03..03",40,11,2020
"A03..03",24,12,2020
"A03..03",8,13,2020
"A03..03",2,14,2020
"A03..03",1,15,2020
"A03..03",5,16,2020
"A03..03",1,17,2020
"A03..03",2,18,2020
"A03..03",1,19,2020
"A03..03",6,20,2020
"A03..03",NA,21,2020
"A03..03",4,22,2020
"A03..03",1,23,2020
"A03..03",1,24,2020
"A03..03",NA,25,2020
"A03..03",1,26,2020
"A03..03",1,27,2020
"A03..03",2,28,2020
"A03..03",2,29,2020
"A03..03",NA,30,2020
"A03..03",1,31,2020
"A03..03",1,32,2020
"A03..03",1,33,2020
"A03..03",6,34,2020
"A03..03",5,35,2020
"A03..03",5,36,2020
"A03..03",2,37,2020
"A03..03",2,38,2020
"A03..03",5,39,2020
"A03..03",9,40,2020
"A03..03",2,41,2020
"A03..03",3,42,2020
"A03..03",2,43,2020
"A03..03",3,44,2020
"A03..03",4,45,2020
"A03..03",4,46,2020
"A03..03",5,47,2020
"A03..03",2,48,2020
"A03..03",3,49,2020
"A03..03",7,50,2020
"A03..03",4,51,2020
"A03..03",2,52,2020
"A03..03",1,53,2020
"A04..04",24,1,2020
"A04..04",43,2,2020
"A04..04",59,3,2020
"A04..04",96,4,2020
"A04..04",65,5,2020
"A04..04",56,6,2020
"A04..04",58,7,2020
"A04..04",48,8,2020
"A04..04",59,9,2020
"A04..04",28,10,2020
"A04..04",31,11,2020
"A04..04",16,12,2020
"A04..04",4,13,2020
"A04..04",2,14,2020
"A04..04",NA,15,2020
"A04..04",1,16,2020
"A04..04",NA,17,2020
"A04..04",2,18,2020
"A04..04",2,19,2020
"A04..04",8,20,2020
"A04..04",NA,21,2020
"A04..04",NA,22,2020
"A04..04",NA,23,2020
"A04..04",NA,24,2020
"A04..04",1,25,2020
"A04..04",2,26,2020
"A04..04",NA,27,2020
"A04..04",1,28,2020
"A04..04",NA,29,2020
"A04..04",1,30,2020
"A04..04",1,31,2020
"A04..04",2,32,2020
"A04..04",NA,33,2020
"A04..04",1,34,2020
"A04..04",2,35,2020
"A04..04",4,36,2020
"A04..04",1,37,2020
"A04..04",1,38,2020
"A04..04",5,39,2020
"A04..04",6,40,2020
"A04..04",4,41,2020
"A04..04",3,42,2020
"A04..04",1,43,2020
"A04..04",6,44,2020
"A04..04",4,45,2020
"A04..04",3,46,2020
"A04..04",3,47,2020
"A04..04",4,48,2020
"A04..04",4,49,2020
"A04..04",3,50,2020
"A04..04",2,51,2020
"A04..04",1,52,2020
"A04..04",NA,53,2020
"A05..05",26,1,2020
"A05..05",41,2,2020
"A05..05",54,3,2020
"A05..05",75,4,2020
"A05..05",49,5,2020
"A05..05",54,6,2020
"A05..05",45,7,2020
"A05..05",44,8,2020
"A05..05",45,9,2020
"A05..05",23,10,2020
"A05..05",36,11,2020
"A05..05",10,12,2020
"A05..05",2,13,2020
"A05..05",2,14,2020
"A05..05",1,15,2020
"A05..05",NA,16,2020
"A05..05",NA,17,2020
"A05..05",2,18,2020
"A05..05",NA,19,2020
"A05..05",7,20,2020
"A05..05",NA,21,2020
"A05..05",1,22,2020
"A05..05",NA,23,2020
"A05..05",NA,24,2020
"A05..05",NA,25,2020
"A05..05",NA,26,2020
"A05..05",1,27,2020
"A05..05",NA,28,2020
"A05..05",1,29,2020
"A05..05",NA,30,2020
"A05..05",NA,31,2020
"A05..05",NA,32,2020
"A05..05",NA,33,2020
"A05..05",NA,34,2020
"A05..05",2,35,2020
"A05..05",1,36,2020
"A05..05",3,37,2020
"A05..05",2,38,2020
"A05..05",6,39,2020
"A05..05",13,40,2020
"A05..05",4,41,2020
"A05..05",3,42,2020
"A05..05",NA,43,2020
"A05..05",11,44,2020
"A05..05",5,45,2020
"A05..05",4,46,2020
"A05..05",4,47,2020
"A05..05",4,48,2020
"A05..05",2,49,2020
"A05..05",1,50,2020
"A05..05",1,51,2020
"A05..05",1,52,2020
"A05..05",1,53,2020
"A06..06",20,1,2020
"A06..06",27,2,2020
"A06..06",33,3,2020
"A06..06",44,4,2020
"A06..06",40,5,2020
"A06..06",34,6,2020
"A06..06",23,7,2020
"A06..06",23,8,2020
"A06..06",31,9,2020
"A06..06",18,10,2020
"A06..06",12,11,2020
"A06..06",12,12,2020
"A06..06",3,13,2020
"A06..06",4,14,2020
"A06..06",3,15,2020
"A06..06",NA,16,2020
"A06..06",1,17,2020
"A06..06",1,18,2020
"A06..06",1,19,2020
"A06..06",4,20,2020
"A06..06",NA,21,2020
"A06..06",1,22,2020
"A06..06",1,23,2020
"A06..06",NA,24,2020
"A06..06",1,25,2020
"A06..06",NA,26,2020
"A06..06",1,27,2020
"A06..06",1,28,2020
"A06..06",NA,29,2020
"A06..06",1,30,2020
"A06..06",NA,31,2020
"A06..06",1,32,2020
"A06..06",3,33,2020
"A06..06",1,34,2020
"A06..06",NA,35,2020
"A06..06",1,36,2020
"A06..06",1,37,2020
"A06..06",NA,38,2020
"A06..06",4,39,2020
"A06..06",12,40,2020
"A06..06",2,41,2020
"A06..06",NA,42,2020
"A06..06",1,43,2020
"A06..06",5,44,2020
"A06..06",1,45,2020
"A06..06",1,46,2020
"A06..06",4,47,2020
"A06..06",1,48,2020
"A06..06",NA,49,2020
"A06..06",NA,50,2020
"A06..06",3,51,2020
"A06..06",1,52,2020
"A06..06",3,53,2020
"A07..07",19,1,2020
"A07..07",14,2,2020
"A07..07",15,3,2020
"A07..07",24,4,2020
"A07..07",20,5,2020
"A07..07",16,6,2020
"A07..07",17,7,2020
"A07..07",10,8,2020
"A07..07",14,9,2020
"A07..07",11,10,2020
"A07..07",11,11,2020
"A07..07",3,12,2020
"A07..07",2,13,2020
"A07..07",1,14,2020
"A07..07",NA,15,2020
"A07..07",NA,16,2020
"A07..07",1,17,2020
"A07..07",1,18,2020
"A07..07",NA,19,2020
"A07..07",NA,20,2020
"A07..07",NA,21,2020
"A07..07",NA,22,2020
"A07..07",NA,23,2020
"A07..07",NA,24,2020
"A07..07",1,25,2020
"A07..07",NA,26,2020
"A07..07",4,27,2020
"A07..07",1,28,2020
"A07..07",2,29,2020
"A07..07",4,30,2020
"A07..07",NA,31,2020
"A07..07",NA,32,2020
"A07..07",1,33,2020
"A07..07",2,34,2020
"A07..07",2,35,2020
"A07..07",NA,36,2020
"A07..07",2,37,2020
"A07..07",2,38,2020
"A07..07",2,39,2020
"A07..07",3,40,2020
"A07..07",2,41,2020
"A07..07",NA,42,2020
"A07..07",1,43,2020
"A07..07",1,44,2020
"A07..07",2,45,2020
"A07..07",NA,46,2020
"A07..07",1,47,2020
"A07..07",NA,48,2020
"A07..07",NA,49,2020
"A07..07",NA,50,2020
"A07..07",1,51,2020
"A07..07",4,52,2020
"A07..07",NA,53,2020
"A08..08",8,1,2020
"A08..08",13,2,2020
"A08..08",14,3,2020
"A08..08",11,4,2020
"A08..08",18,5,2020
"A08..08",17,6,2020
"A08..08",11,7,2020
"A08..08",7,8,2020
"A08..08",8,9,2020
"A08..08",15,10,2020
"A08..08",4,11,2020
"A08..08",6,12,2020
"A08..08",2,13,2020
"A08..08",NA,14,2020
"A08..08",NA,15,2020
"A08..08",1,16,2020
"A08..08",NA,17,2020
"A08..08",NA,18,2020
"A08..08",NA,19,2020
"A08..08",3,20,2020
"A08..08",NA,21,2020
"A08..08",1,22,2020
"A08..08",1,23,2020
"A08..08",NA,24,2020
"A08..08",2,25,2020
"A08..08",1,26,2020
"A08..08",NA,27,2020
"A08..08",1,28,2020
"A08..08",NA,29,2020
"A08..08",1,30,2020
"A08..08",NA,31,2020
"A08..08",NA,32,2020
"A08..08",2,33,2020
"A08..08",3,34,2020
"A08..08",5,35,2020
"A08..08",1,36,2020
"A08..08",NA,37,2020
"A08..08",NA,38,2020
"A08..08",2,39,2020
"A08..08",NA,40,2020
"A08..08",2,41,2020
"A08..08",1,42,2020
"A08..08",1,43,2020
"A08..08",1,44,2020
"A08..08",1,45,2020
"A08..08",NA,46,2020
"A08..08",NA,47,2020
"A08..08",1,48,2020
"A08..08",NA,49,2020
"A08..08",1,50,2020
"A08..08",1,51,2020
"A08..08",NA,52,2020
"A08..08",NA,53,2020
"A09..09",10,1,2020
"A09..09",11,2,2020
"A09..09",14,3,2020
"A09..09",16,4,2020
"A09..09",13,5,2020
"A09..09",15,6,2020
"A09..09",7,7,2020
"A09..09",6,8,2020
"A09..09",5,9,2020
"A09..09",11,10,2020
"A09..09",12,11,2020
"A09..09",5,12,2020
"A09..09",2,13,2020
"A09..09",NA,14,2020
"A09..09",1,15,2020
"A09..09",2,16,2020
"A09..09",NA,17,2020
"A09..09",2,18,2020
"A09..09",1,19,2020
"A09..09",NA,20,2020
"A09..09",1,21,2020
"A09..09",NA,22,2020
"A09..09",NA,23,2020
"A09..09",NA,24,2020
"A09..09",1,25,2020
"A09..09",NA,26,2020
"A09..09",1,27,2020
"A09..09",1,28,2020
"A09..09",2,29,2020
"A09..09",1,30,2020
"A09..09",1,31,2020
"A09..09",1,32,2020
"A09..09",NA,33,2020
"A09..09",1,34,2020
"A09..09",2,35,2020
"A09..09",3,36,2020
"A09..09",2,37,2020
"A09..09",3,38,2020
"A09..09",2,39,2020
"A09..09",2,40,2020
"A09..09",1,41,2020
"A09..09",NA,42,2020
"A09..09",1,43,2020
"A09..09",2,44,2020
"A09..09",NA,45,2020
"A09..09",NA,46,2020
"A09..09",NA,47,2020
"A09..09",NA,48,2020
"A09..09",1,49,2020
"A09..09",NA,50,2020
"A09..09",1,51,2020
"A09..09",NA,52,2020
"A09..09",1,53,2020
"A10..10",15,1,2020
"A10..10",12,2,2020
"A10..10",10,3,2020
"A10..10",16,4,2020
"A10..10",19,5,2020
"A10..10",8,6,2020
"A10..10",11,7,2020
"A10..10",8,8,2020
"A10..10",9,9,2020
"A10..10",11,10,2020
"A10..10",7,11,2020
"A10..10",5,12,2020
"A10..10",2,13,2020
"A10..10",NA,14,2020
"A10..10",NA,15,2020
"A10..10",NA,16,2020
"A10..10",1,17,2020
"A10..10",NA,18,2020
"A10..10",NA,19,2020
"A10..10",NA,20,2020
"A10..10",1,21,2020
"A10..10",NA,22,2020
"A10..10",1,23,2020
"A10..10",2,24,2020
"A10..10",NA,25,2020
"A10..10",1,26,2020
"A10..10",2,27,2020
"A10..10",2,28,2020
"A10..10",NA,29,2020
"A10..10",NA,30,2020
"A10..10",NA,31,2020
"A10..10",NA,32,2020
"A10..10",NA,33,2020
"A10..10",NA,34,2020
"A10..10",2,35,2020
"A10..10",NA,36,2020
"A10..10",1,37,2020
"A10..10",1,38,2020
"A10..10",1,39,2020
"A10..10",NA,40,2020
"A10..10",NA,41,2020
"A10..10",NA,42,2020
"A10..10",1,43,2020
"A10..10",NA,44,2020
"A10..10",NA,45,2020
"A10..10",1,46,2020
"A10..10",NA,47,2020
"A10..10",1,48,2020
"A10..10",NA,49,2020
"A10..10",NA,50,2020
"A10..10",3,51,2020
"A10..10",1,52,2020
"A10..10",1,53,2020
"A11..11",5,1,2020
"A11..11",7,2,2020
"A11..11",8,3,2020
"A11..11",19,4,2020
"A11..11",13,5,2020
"A11..11",10,6,2020
"A11..11",7,7,2020
"A11..11",8,8,2020
"A11..11",7,9,2020
"A11..11",7,10,2020
"A11..11",8,11,2020
"A11..11",NA,12,2020
"A11..11",NA,13,2020
"A11..11",2,14,2020
"A11..11",NA,15,2020
"A11..11",NA,16,2020
"A11..11",2,17,2020
"A11..11",3,18,2020
"A11..11",1,19,2020
"A11..11",1,20,2020
"A11..11",NA,21,2020
"A11..11",NA,22,2020
"A11..11",1,23,2020
"A11..11",NA,24,2020
"A11..11",NA,25,2020
"A11..11",NA,26,2020
"A11..11",NA,27,2020
"A11..11",1,28,2020
"A11..11",1,29,2020
"A11..11",1,30,2020
"A11..11",NA,31,2020
"A11..11",1,32,2020
"A11..11",2,33,2020
"A11..11",NA,34,2020
"A11..11",3,35,2020
"A11..11",1,36,2020
"A11..11",1,37,2020
"A11..11",NA,38,2020
"A11..11",NA,39,2020
"A11..11",NA,40,2020
"A11..11",1,41,2020
"A11..11",1,42,2020
"A11..11",NA,43,2020
"A11..11",NA,44,2020
"A11..11",NA,45,2020
"A11..11",1,46,2020
"A11..11",NA,47,2020
"A11..11",NA,48,2020
"A11..11",1,49,2020
"A11..11",NA,50,2020
"A11..11",NA,51,2020
"A11..11",NA,52,2020
"A11..11",1,53,2020
"A12..12",7,1,2020
"A12..12",11,2,2020
"A12..12",9,3,2020
"A12..12",8,4,2020
"A12..12",10,5,2020
"A12..12",10,6,2020
"A12..12",9,7,2020
"A12..12",4,8,2020
"A12..12",9,9,2020
"A12..12",3,10,2020
"A12..12",4,11,2020
"A12..12",2,12,2020
"A12..12",1,13,2020
"A12..12",2,14,2020
"A12..12",2,15,2020
"A12..12",2,16,2020
"A12..12",NA,17,2020
"A12..12",1,18,2020
"A12..12",NA,19,2020
"A12..12",1,20,2020
"A12..12",NA,21,2020
"A12..12",NA,22,2020
"A12..12",1,23,2020
"A12..12",1,24,2020
"A12..12",NA,25,2020
"A12..12",NA,26,2020
"A12..12",NA,27,2020
"A12..12",NA,28,2020
"A12..12",2,29,2020
"A12..12",NA,30,2020
"A12..12",NA,31,2020
"A12..12",1,32,2020
"A12..12",1,33,2020
"A12..12",NA,34,2020
"A12..12",NA,35,2020
"A12..12",1,36,2020
"A12..12",2,37,2020
"A12..12",NA,38,2020
"A12..12",2,39,2020
"A12..12",2,40,2020
"A12..12",NA,41,2020
"A12..12",NA,42,2020
"A12..12",NA,43,2020
"A12..12",1,44,2020
"A12..12",NA,45,2020
"A12..12",1,46,2020
"A12..12",2,47,2020
"A12..12",1,48,2020
"A12..12",NA,49,2020
"A12..12",1,50,2020
"A12..12",NA,51,2020
"A12..12",2,52,2020
"A12..12",NA,53,2020
"A13..13",11,1,2020
"A13..13",7,2,2020
"A13..13",15,3,2020
"A13..13",12,4,2020
"A13..13",10,5,2020
"A13..13",6,6,2020
"A13..13",4,7,2020
"A13..13",3,8,2020
"A13..13",5,9,2020
"A13..13",2,10,2020
"A13..13",7,11,2020
"A13..13",2,12,2020
"A13..13",NA,13,2020
"A13..13",NA,14,2020
"A13..13",NA,15,2020
"A13..13",NA,16,2020
"A13..13",NA,17,2020
"A13..13",1,18,2020
"A13..13",NA,19,2020
"A13..13",NA,20,2020
"A13..13",NA,21,2020
"A13..13",NA,22,2020
"A13..13",NA,23,2020
"A13..13",1,24,2020
"A13..13",NA,25,2020
"A13..13",NA,26,2020
"A13..13",1,27,2020
"A13..13",NA,28,2020
"A13..13",2,29,2020
"A13..13",3,30,2020
"A13..13",1,31,2020
"A13..13",2,32,2020
"A13..13",NA,33,2020
"A13..13",2,34,2020
"A13..13",2,35,2020
"A13..13",NA,36,2020
"A13..13",2,37,2020
"A13..13",NA,38,2020
"A13..13",1,39,2020
"A13..13",1,40,2020
"A13..13",1,41,2020
"A13..13",NA,42,2020
"A13..13",NA,43,2020
"A13..13",NA,44,2020
"A13..13",NA,45,2020
"A13..13",NA,46,2020
"A13..13",NA,47,2020
"A13..13",NA,48,2020
"A13..13",1,49,2020
"A13..13",1,50,2020
"A13..13",1,51,2020
"A13..13",NA,52,2020
"A13..13",NA,53,2020
"A14..14",9,1,2020
"A14..14",18,2,2020
"A14..14",10,3,2020
"A14..14",6,4,2020
"A14..14",14,5,2020
"A14..14",13,6,2020
"A14..14",NA,7,2020
"A14..14",5,8,2020
"A14..14",2,9,2020
"A14..14",5,10,2020
"A14..14",7,11,2020
"A14..14",5,12,2020
"A14..14",1,13,2020
"A14..14",2,14,2020
"A14..14",1,15,2020
"A14..14",1,16,2020
"A14..14",NA,17,2020
"A14..14",NA,18,2020
"A14..14",2,19,2020
"A14..14",NA,20,2020
"A14..14",2,21,2020
"A14..14",NA,22,2020
"A14..14",NA,23,2020
"A14..14",2,24,2020
"A14..14",NA,25,2020
"A14..14",NA,26,2020
"A14..14",1,27,2020
"A14..14",NA,28,2020
"A14..14",NA,29,2020
"A14..14",NA,30,2020
"A14..14",NA,31,2020
"A14..14",NA,32,2020
"A14..14",2,33,2020
"A14..14",1,34,2020
"A14..14",1,35,2020
"A14..14",1,36,2020
"A14..14",3,37,2020
"A14..14",1,38,2020
"A14..14",2,39,2020
"A14..14",1,40,2020
"A14..14",3,41,2020
"A14..14",NA,42,2020
"A14..14",NA,43,2020
"A14..14",2,44,2020
"A14..14",NA,45,2020
"A14..14",NA,46,2020
"A14..14",NA,47,2020
"A14..14",1,48,2020
"A14..14",NA,49,2020
"A14..14",NA,50,2020
"A14..14",1,51,2020
"A14..14",1,52,2020
"A14..14",NA,53,2020
"A15..15",10,1,2020
"A15..15",9,2,2020
"A15..15",20,3,2020
"A15..15",11,4,2020
"A15..15",6,5,2020
"A15..15",5,6,2020
"A15..15",5,7,2020
"A15..15",5,8,2020
"A15..15",5,9,2020
"A15..15",3,10,2020
"A15..15",3,11,2020
"A15..15",1,12,2020
"A15..15",3,13,2020
"A15..15",2,14,2020
"A15..15",NA,15,2020
"A15..15",1,16,2020
"A15..15",1,17,2020
"A15..15",NA,18,2020
"A15..15",NA,19,2020
"A15..15",1,20,2020
"A15..15",NA,21,2020
"A15..15",1,22,2020
"A15..15",NA,23,2020
"A15..15",2,24,2020
"A15..15",1,25,2020
"A15..15",1,26,2020
"A15..15",NA,27,2020
"A15..15",1,28,2020
"A15..15",1,29,2020
"A15..15",2,30,2020
"A15..15",NA,31,2020
"A15..15",NA,32,2020
"A15..15",1,33,2020
"A15..15",NA,34,2020
"A15..15",1,35,2020
"A15..15",1,36,2020
"A15..15",3,37,2020
"A15..15",NA,38,2020
"A15..15",1,39,2020
"A15..15",NA,40,2020
"A15..15",2,41,2020
"A15..15",1,42,2020
"A15..15",NA,43,2020
"A15..15",NA,44,2020
"A15..15",NA,45,2020
"A15..15",1,46,2020
"A15..15",NA,47,2020
"A15..15",NA,48,2020
"A15..15",NA,49,2020
"A15..15",3,50,2020
"A15..15",NA,51,2020
"A15..15",1,52,2020
"A15..15",2,53,2020
"A16..16",7,1,2020
"A16..16",20,2,2020
"A16..16",12,3,2020
"A16..16",14,4,2020
"A16..16",10,5,2020
"A16..16",7,6,2020
"A16..16",8,7,2020
"A16..16",11,8,2020
"A16..16",4,9,2020
"A16..16",9,10,2020
"A16..16",4,11,2020
"A16..16",6,12,2020
"A16..16",4,13,2020
"A16..16",1,14,2020
"A16..16",NA,15,2020
"A16..16",NA,16,2020
"A16..16",1,17,2020
"A16..16",1,18,2020
"A16..16",1,19,2020
"A16..16",2,20,2020
"A16..16",NA,21,2020
"A16..16",NA,22,2020
"A16..16",NA,23,2020
"A16..16",2,24,2020
"A16..16",1,25,2020
"A16..16",NA,26,2020
"A16..16",NA,27,2020
"A16..16",1,28,2020
"A16..16",1,29,2020
"A16..16",NA,30,2020
"A16..16",1,31,2020
"A16..16",1,32,2020
"A16..16",3,33,2020
"A16..16",1,34,2020
"A16..16",1,35,2020
"A16..16",2,36,2020
"A16..16",1,37,2020
"A16..16",NA,38,2020
"A16..16",1,39,2020
"A16..16",2,40,2020
"A16..16",NA,41,2020
"A16..16",NA,42,2020
"A16..16",2,43,2020
"A16..16",NA,44,2020
"A16..16",2,45,2020
"A16..16",2,46,2020
"A16..16",2,47,2020
"A16..16",2,48,2020
"A16..16",NA,49,2020
"A16..16",4,50,2020
"A16..16",NA,51,2020
"A16..16",1,52,2020
"A16..16",NA,53,2020
"A17..17",23,1,2020
"A17..17",16,2,2020
"A17..17",19,3,2020
"A17..17",25,4,2020
"A17..17",19,5,2020
"A17..17",11,6,2020
"A17..17",12,7,2020
"A17..17",9,8,2020
"A17..17",9,9,2020
"A17..17",10,10,2020
"A17..17",6,11,2020
"A17..17",3,12,2020
"A17..17",2,13,2020
"A17..17",1,14,2020
"A17..17",NA,15,2020
"A17..17",2,16,2020
"A17..17",1,17,2020
"A17..17",1,18,2020
"A17..17",NA,19,2020
"A17..17",NA,20,2020
"A17..17",1,21,2020
"A17..17",1,22,2020
"A17..17",NA,23,2020
"A17..17",NA,24,2020
"A17..17",1,25,2020
"A17..17",1,26,2020
"A17..17",3,27,2020
"A17..17",NA,28,2020
"A17..17",1,29,2020
"A17..17",NA,30,2020
"A17..17",NA,31,2020
"A17..17",2,32,2020
"A17..17",2,33,2020
"A17..17",2,34,2020
"A17..17",1,35,2020
"A17..17",2,36,2020
"A17..17",2,37,2020
"A17..17",1,38,2020
"A17..17",2,39,2020
"A17..17",1,40,2020
"A17..17",3,41,2020
"A17..17",NA,42,2020
"A17..17",1,43,2020
"A17..17",NA,44,2020
"A17..17",NA,45,2020
"A17..17",1,46,2020
"A17..17",1,47,2020
"A17..17",2,48,2020
"A17..17",1,49,2020
"A17..17",4,50,2020
"A17..17",NA,51,2020
"A17..17",NA,52,2020
"A17..17",1,53,2020
"A18..18",9,1,2020
"A18..18",22,2,2020
"A18..18",20,3,2020
"A18..18",15,4,2020
"A18..18",17,5,2020
"A18..18",16,6,2020
"A18..18",10,7,2020
"A18..18",14,8,2020
"A18..18",5,9,2020
"A18..18",10,10,2020
"A18..18",6,11,2020
"A18..18",2,12,2020
"A18..18",5,13,2020
"A18..18",2,14,2020
"A18..18",1,15,2020
"A18..18",NA,16,2020
"A18..18",NA,17,2020
"A18..18",2,18,2020
"A18..18",NA,19,2020
"A18..18",1,20,2020
"A18..18",NA,21,2020
"A18..18",NA,22,2020
"A18..18",NA,23,2020
"A18..18",NA,24,2020
"A18..18",NA,25,2020
"A18..18",NA,26,2020
"A18..18",NA,27,2020
"A18..18",1,28,2020
"A18..18",1,29,2020
"A18..18",NA,30,2020
"A18..18",1,31,2020
"A18..18",2,32,2020
"A18..18",1,33,2020
"A18..18",NA,34,2020
"A18..18",3,35,2020
"A18..18",1,36,2020
"A18..18",1,37,2020
"A18..18",1,38,2020
"A18..18",3,39,2020
"A18..18",1,40,2020
"A18..18",2,41,2020
"A18..18",NA,42,2020
"A18..18",1,43,2020
"A18..18",NA,44,2020
"A18..18",1,45,2020
"A18..18",1,46,2020
"A18..18",NA,47,2020
"A18..18",1,48,2020
"A18..18",NA,49,2020
"A18..18",NA,50,2020
"A18..18",1,51,2020
"A18..18",NA,52,2020
"A18..18",NA,53,2020
"A19..19",20,1,2020
"A19..19",19,2,2020
"A19..19",16,3,2020
"A19..19",12,4,2020
"A19..19",23,5,2020
"A19..19",14,6,2020
"A19..19",15,7,2020
"A19..19",8,8,2020
"A19..19",10,9,2020
"A19..19",11,10,2020
"A19..19",11,11,2020
"A19..19",6,12,2020
"A19..19",2,13,2020
"A19..19",3,14,2020
"A19..19",NA,15,2020
"A19..19",1,16,2020
"A19..19",NA,17,2020
"A19..19",2,18,2020
"A19..19",1,19,2020
"A19..19",1,20,2020
"A19..19",1,21,2020
"A19..19",NA,22,2020
"A19..19",NA,23,2020
"A19..19",2,24,2020
"A19..19",NA,25,2020
"A19..19",3,26,2020
"A19..19",NA,27,2020
"A19..19",2,28,2020
"A19..19",NA,29,2020
"A19..19",NA,30,2020
"A19..19",1,31,2020
"A19..19",3,32,2020
"A19..19",1,33,2020
"A19..19",1,34,2020
"A19..19",2,35,2020
"A19..19",1,36,2020
"A19..19",1,37,2020
"A19..19",1,38,2020
"A19..19",NA,39,2020
"A19..19",NA,40,2020
"A19..19",NA,41,2020
"A19..19",NA,42,2020
"A19..19",NA,43,2020
"A19..19",NA,44,2020
"A19..19",2,45,2020
"A19..19",NA,46,2020
"A19..19",NA,47,2020
"A19..19",NA,48,2020
"A19..19",1,49,2020
"A19..19",2,50,2020
"A19..19",NA,51,2020
"A19..19",NA,52,2020
"A19..19",NA,53,2020
"A20..20",18,1,2020
"A20..20",26,2,2020
"A20..20",24,3,2020
"A20..20",15,4,2020
"A20..20",13,5,2020
"A20..20",17,6,2020
"A20..20",15,7,2020
"A20..20",14,8,2020
"A20..20",19,9,2020
"A20..20",12,10,2020
"A20..20",12,11,2020
"A20..20",5,12,2020
"A20..20",2,13,2020
"A20..20",3,14,2020
"A20..20",1,15,2020
"A20..20",NA,16,2020
"A20..20",NA,17,2020
"A20..20",4,18,2020
"A20..20",NA,19,2020
"A20..20",NA,20,2020
"A20..20",NA,21,2020
"A20..20",NA,22,2020
"A20..20",1,23,2020
"A20..20",2,24,2020
"A20..20",NA,25,2020
"A20..20",2,26,2020
"A20..20",1,27,2020
"A20..20",1,28,2020
"A20..20",1,29,2020
"A20..20",1,30,2020
"A20..20",1,31,2020
"A20..20",NA,32,2020
"A20..20",1,33,2020
"A20..20",1,34,2020
"A20..20",NA,35,2020
"A20..20",2,36,2020
"A20..20",NA,37,2020
"A20..20",1,38,2020
"A20..20",NA,39,2020
"A20..20",1,40,2020
"A20..20",2,41,2020
"A20..20",3,42,2020
"A20..20",NA,43,2020
"A20..20",2,44,2020
"A20..20",NA,45,2020
"A20..20",1,46,2020
"A20..20",2,47,2020
"A20..20",NA,48,2020
"A20..20",NA,49,2020
"A20..20",1,50,2020
"A20..20",3,51,2020
"A20..20",1,52,2020
"A20..20",NA,53,2020
"A21..21",21,1,2020
"A21..21",16,2,2020
"A21..21",10,3,2020
"A21..21",22,4,2020
"A21..21",26,5,2020
"A21..21",16,6,2020
"A21..21",19,7,2020
"A21..21",9,8,2020
"A21..21",10,9,2020
"A21..21",11,10,2020
"A21..21",15,11,2020
"A21..21",8,12,2020
"A21..21",2,13,2020
"A21..21",8,14,2020
"A21..21",3,15,2020
"A21..21",2,16,2020
"A21..21",1,17,2020
"A21..21",1,18,2020
"A21..21",1,19,2020
"A21..21",NA,20,2020
"A21..21",2,21,2020
"A21..21",2,22,2020
"A21..21",1,23,2020
"A21..21",NA,24,2020
"A21..21",NA,25,2020
"A21..21",1,26,2020
"A21..21",NA,27,2020
"A21..21",NA,28,2020
"A21..21",1,29,2020
"A21..21",1,30,2020
"A21..21",1,31,2020
"A21..21",1,32,2020
"A21..21",6,33,2020
"A21..21",2,34,2020
"A21..21",1,35,2020
"A21..21",1,36,2020
"A21..21",2,37,2020
"A21..21",1,38,2020
"A21..21",1,39,2020
"A21..21",1,40,2020
"A21..21",1,41,2020
"A21..21",NA,42,2020
"A21..21",1,43,2020
"A21..21",NA,44,2020
"A21..21",3,45,2020
"A21..21",NA,46,2020
"A21..21",1,47,2020
"A21..21",1,48,2020
"A21..21",NA,49,2020
"A21..21",1,50,2020
"A21..21",1,51,2020
"A21..21",NA,52,2020
"A21..21",1,53,2020
"A22..22",18,1,2020
"A22..22",25,2,2020
"A22..22",19,3,2020
"A22..22",25,4,2020
"A22..22",27,5,2020
"A22..22",15,6,2020
"A22..22",30,7,2020
"A22..22",7,8,2020
"A22..22",22,9,2020
"A22..22",13,10,2020
"A22..22",16,11,2020
"A22..22",7,12,2020
"A22..22",1,13,2020
"A22..22",5,14,2020
"A22..22",1,15,2020
"A22..22",5,16,2020
"A22..22",1,17,2020
"A22..22",NA,18,2020
"A22..22",NA,19,2020
"A22..22",2,20,2020
"A22..22",2,21,2020
"A22..22",3,22,2020
"A22..22",NA,23,2020
"A22..22",2,24,2020
"A22..22",1,25,2020
"A22..22",NA,26,2020
"A22..22",1,27,2020
"A22..22",1,28,2020
"A22..22",1,29,2020
"A22..22",1,30,2020
"A22..22",1,31,2020
"A22..22",NA,32,2020
"A22..22",1,33,2020
"A22..22",3,34,2020
"A22..22",1,35,2020
"A22..22",1,36,2020
"A22..22",1,37,2020
"A22..22",3,38,2020
"A22..22",2,39,2020
"A22..22",NA,40,2020
"A22..22",1,41,2020
"A22..22",3,42,2020
"A22..22",NA,43,2020
"A22..22",1,44,2020
"A22..22",NA,45,2020
"A22..22",1,46,2020
"A22..22",1,47,2020
"A22..22",NA,48,2020
"A22..22",1,49,2020
"A22..22",4,50,2020
"A22..22",1,51,2020
"A22..22",NA,52,2020
"A22..22",NA,53,2020
"A23..23",18,1,2020
"A23..23",26,2,2020
"A23..23",26,3,2020
"A23..23",26,4,2020
"A23..23",17,5,2020
"A23..23",17,6,2020
"A23..23",17,7,2020
"A23..23",14,8,2020
"A23..23",12,9,2020
"A23..23",10,10,2020
"A23..23",13,11,2020
"A23..23",3,12,2020
"A23..23",8,13,2020
"A23..23",5,14,2020
"A23..23",2,15,2020
"A23..23",1,16,2020
"A23..23",2,17,2020
"A23..23",NA,18,2020
"A23..23",1,19,2020
"A23..23",1,20,2020
"A23..23",1,21,2020
"A23..23",NA,22,2020
"A23..23",NA,23,2020
"A23..23",3,24,2020
"A23..23",2,25,2020
"A23..23",4,26,2020
"A23..23",NA,27,2020
"A23..23",NA,28,2020
"A23..23",1,29,2020
"A23..23",1,30,2020
"A23..23",1,31,2020
"A23..23",1,32,2020
"A23..23",NA,33,2020
"A23..23",1,34,2020
"A23..23",2,35,2020
"A23..23",2,36,2020
"A23..23",1,37,2020
"A23..23",1,38,2020
"A23..23",1,39,2020
"A23..23",1,40,2020
"A23..23",NA,41,2020
"A23..23",2,42,2020
"A23..23",NA,43,2020
"A23..23",1,44,2020
"A23..23",1,45,2020
"A23..23",NA,46,2020
"A23..23",1,47,2020
"A23..23",2,48,2020
"A23..23",NA,49,2020
"A23..23",1,50,2020
"A23..23",NA,51,2020
"A23..23",1,52,2020
"A23..23",NA,53,2020
"A24..24",23,1,2020
"A24..24",30,2,2020
"A24..24",15,3,2020
"A24..24",20,4,2020
"A24..24",17,5,2020
"A24..24",19,6,2020
"A24..24",16,7,2020
"A24..24",18,8,2020
"A24..24",12,9,2020
"A24..24",11,10,2020
"A24..24",13,11,2020
"A24..24",6,12,2020
"A24..24",3,13,2020
"A24..24",2,14,2020
"A24..24",2,15,2020
"A24..24",1,16,2020
"A24..24",1,17,2020
"A24..24",1,18,2020
"A24..24",2,19,2020
"A24..24",2,20,2020
"A24..24",NA,21,2020
"A24..24",1,22,2020
"A24..24",NA,23,2020
"A24..24",1,24,2020
"A24..24",NA,25,2020
"A24..24",NA,26,2020
"A24..24",1,27,2020
"A24..24",1,28,2020
"A24..24",3,29,2020
"A24..24",1,30,2020
"A24..24",NA,31,2020
"A24..24",1,32,2020
"A24..24",NA,33,2020
"A24..24",NA,34,2020
"A24..24",2,35,2020
"A24..24",1,36,2020
"A24..24",6,37,2020
"A24..24",2,38,2020
"A24..24",NA,39,2020
"A24..24",1,40,2020
"A24..24",2,41,2020
"A24..24",2,42,2020
"A24..24",2,43,2020
"A24..24",NA,44,2020
"A24..24",1,45,2020
"A24..24",2,46,2020
"A24..24",1,47,2020
"A24..24",1,48,2020
"A24..24",1,49,2020
"A24..24",1,50,2020
"A24..24",1,51,2020
"A24..24",NA,52,2020
"A24..24",NA,53,2020
"A25..25",11,1,2020
"A25..25",27,2,2020
"A25..25",13,3,2020
"A25..25",21,4,2020
"A25..25",16,5,2020
"A25..25",18,6,2020
"A25..25",17,7,2020
"A25..25",15,8,2020
"A25..25",14,9,2020
"A25..25",19,10,2020
"A25..25",9,11,2020
"A25..25",5,12,2020
"A25..25",NA,13,2020
"A25..25",1,14,2020
"A25..25",3,15,2020
"A25..25",2,16,2020
"A25..25",2,17,2020
"A25..25",1,18,2020
"A25..25",2,19,2020
"A25..25",1,20,2020
"A25..25",NA,21,2020
"A25..25",NA,22,2020
"A25..25",NA,23,2020
"A25..25",NA,24,2020
"A25..25",1,25,2020
"A25..25",1,26,2020
"A25..25",NA,27,2020
"A25..25",2,28,2020
"A25..25",NA,29,2020
"A25..25",2,30,2020
"A25..25",1,31,2020
"A25..25",1,32,2020
"A25..25",2,33,2020
"A25..25",3,34,2020
"A25..25",1,35,2020
"A25..25",4,36,2020
"A25..25",2,37,2020
"A25..25",5,38,2020
"A25..25",2,39,2020
"A25..25",3,40,2020
"A25..25",1,41,2020
"A25..25",NA,42,2020
"A25..25",1,43,2020
"A25..25",1,44,2020
"A25..25",NA,45,2020
"A25..25",1,46,2020
"A25..25",2,47,2020
"A25..25",1,48,2020
"A25..25",1,49,2020
"A25..25",2,50,2020
"A25..25",1,51,2020
"A25..25",NA,52,2020
"A25..25",NA,53,2020
"A26..26",18,1,2020
"A26..26",25,2,2020
"A26..26",14,3,2020
"A26..26",18,4,2020
"A26..26",21,5,2020
"A26..26",23,6,2020
"A26..26",17,7,2020
"A26..26",23,8,2020
"A26..26",13,9,2020
"A26..26",10,10,2020
"A26..26",10,11,2020
"A26..26",9,12,2020
"A26..26",6,13,2020
"A26..26",1,14,2020
"A26..26",1,15,2020
"A26..26",2,16,2020
"A26..26",2,17,2020
"A26..26",1,18,2020
"A26..26",1,19,2020
"A26..26",1,20,2020
"A26..26",NA,21,2020
"A26..26",1,22,2020
"A26..26",NA,23,2020
"A26..26",1,24,2020
"A26..26",NA,25,2020
"A26..26",NA,26,2020
"A26..26",3,27,2020
"A26..26",1,28,2020
"A26..26",1,29,2020
"A26..26",1,30,2020
"A26..26",1,31,2020
"A26..26",1,32,2020
"A26..26",NA,33,2020
"A26..26",NA,34,2020
"A26..26",1,35,2020
"A26..26",3,36,2020
"A26..26",1,37,2020
"A26..26",1,38,2020
"A26..26",2,39,2020
"A26..26",3,40,2020
"A26..26",1,41,2020
"A26..26",NA,42,2020
"A26..26",NA,43,2020
"A26..26",1,44,2020
"A26..26",1,45,2020
"A26..26",2,46,2020
"A26..26",1,47,2020
"A26..26",NA,48,2020
"A26..26",NA,49,2020
"A26..26",1,50,2020
"A26..26",NA,51,2020
"A26..26",1,52,2020
"A26..26",2,53,2020
"A27..27",19,1,2020
"A27..27",25,2,2020
"A27..27",21,3,2020
"A27..27",23,4,2020
"A27..27",13,5,2020
"A27..27",14,6,2020
"A27..27",27,7,2020
"A27..27",13,8,2020
"A27..27",27,9,2020
"A27..27",13,10,2020
"A27..27",11,11,2020
"A27..27",5,12,2020
"A27..27",4,13,2020
"A27..27",3,14,2020
"A27..27",1,15,2020
"A27..27",1,16,2020
"A27..27",2,17,2020
"A27..27",NA,18,2020
"A27..27",1,19,2020
"A27..27",NA,20,2020
"A27..27",NA,21,2020
"A27..27",NA,22,2020
"A27..27",NA,23,2020
"A27..27",NA,24,2020
"A27..27",1,25,2020
"A27..27",NA,26,2020
"A27..27",1,27,2020
"A27..27",2,28,2020
"A27..27",NA,29,2020
"A27..27",NA,30,2020
"A27..27",1,31,2020
"A27..27",1,32,2020
"A27..27",NA,33,2020
"A27..27",2,34,2020
"A27..27",2,35,2020
"A27..27",3,36,2020
"A27..27",4,37,2020
"A27..27",2,38,2020
"A27..27",1,39,2020
"A27..27",5,40,2020
"A27..27",NA,41,2020
"A27..27",1,42,2020
"A27..27",NA,43,2020
"A27..27",1,44,2020
"A27..27",1,45,2020
"A27..27",NA,46,2020
"A27..27",2,47,2020
"A27..27",NA,48,2020
"A27..27",1,49,2020
"A27..27",2,50,2020
"A27..27",2,51,2020
"A27..27",2,52,2020
"A27..27",NA,53,2020
"A28..28",28,1,2020
"A28..28",31,2,2020
"A28..28",23,3,2020
"A28..28",22,4,2020
"A28..28",18,5,2020
"A28..28",20,6,2020
"A28..28",23,7,2020
"A28..28",14,8,2020
"A28..28",14,9,2020
"A28..28",19,10,2020
"A28..28",6,11,2020
"A28..28",6,12,2020
"A28..28",4,13,2020
"A28..28",2,14,2020
"A28..28",1,15,2020
"A28..28",NA,16,2020
"A28..28",2,17,2020
"A28..28",NA,18,2020
"A28..28",1,19,2020
"A28..28",NA,20,2020
"A28..28",NA,21,2020
"A28..28",4,22,2020
"A28..28",NA,23,2020
"A28..28",2,24,2020
"A28..28",2,25,2020
"A28..28",NA,26,2020
"A28..28",NA,27,2020
"A28..28",1,28,2020
"A28..28",NA,29,2020
"A28..28",NA,30,2020
"A28..28",1,31,2020
"A28..28",1,32,2020
"A28..28",NA,33,2020
"A28..28",NA,34,2020
"A28..28",2,35,2020
"A28..28",2,36,2020
"A28..28",1,37,2020
"A28..28",NA,38,2020
"A28..28",2,39,2020
"A28..28",3,40,2020
"A28..28",2,41,2020
"A28..28",1,42,2020
"A28..28",NA,43,2020
"A28..28",1,44,2020
"A28..28",1,45,2020
"A28..28",1,46,2020
"A28..28",1,47,2020
"A28..28",NA,48,2020
"A28..28",2,49,2020
"A28..28",2,50,2020
"A28..28",NA,51,2020
"A28..28",1,52,2020
"A28..28",NA,53,2020
"A29..29",22,1,2020
"A29..29",30,2,2020
"A29..29",41,3,2020
"A29..29",26,4,2020
"A29..29",24,5,2020
"A29..29",26,6,2020
"A29..29",20,7,2020
"A29..29",22,8,2020
"A29..29",12,9,2020
"A29..29",17,10,2020
"A29..29",11,11,2020
"A29..29",6,12,2020
"A29..29",2,13,2020
"A29..29",4,14,2020
"A29..29",4,15,2020
"A29..29",NA,16,2020
"A29..29",NA,17,2020
"A29..29",1,18,2020
"A29..29",NA,19,2020
"A29..29",1,20,2020
"A29..29",2,21,2020
"A29..29",NA,22,2020
"A29..29",NA,23,2020
"A29..29",2,24,2020
"A29..29",NA,25,2020
"A29..29",2,26,2020
"A29..29",NA,27,2020
"A29..29",NA,28,2020
"A29..29",2,29,2020
"A29..29",3,30,2020
"A29..29",NA,31,2020
"A29..29",NA,32,2020
"A29..29",3,33,2020
"A29..29",NA,34,2020
"A29..29",3,35,2020
"A29..29",1,36,2020
"A29..29",3,37,2020
"A29..29",1,38,2020
"A29..29",4,39,2020
"A29..29",1,40,2020
"A29..29",2,41,2020
"A29..29",2,42,2020
"A29..29",1,43,2020
"A29..29",1,44,2020
"A29..29",1,45,2020
"A29..29",1,46,2020
"A29..29",NA,47,2020
"A29..29",NA,48,2020
"A29..29",2,49,2020
"A29..29",3,50,2020
"A29..29",NA,51,2020
"A29..29",NA,52,2020
"A29..29",NA,53,2020
"A30..30",22,1,2020
"A30..30",40,2,2020
"A30..30",32,3,2020
"A30..30",34,4,2020
"A30..30",27,5,2020
"A30..30",21,6,2020
"A30..30",15,7,2020
"A30..30",21,8,2020
"A30..30",18,9,2020
"A30..30",21,10,2020
"A30..30",16,11,2020
"A30..30",11,12,2020
"A30..30",1,13,2020
"A30..30",2,14,2020
"A30..30",2,15,2020
"A30..30",1,16,2020
"A30..30",1,17,2020
"A30..30",NA,18,2020
"A30..30",1,19,2020
"A30..30",1,20,2020
"A30..30",1,21,2020
"A30..30",1,22,2020
"A30..30",1,23,2020
"A30..30",NA,24,2020
"A30..30",1,25,2020
"A30..30",1,26,2020
"A30..30",NA,27,2020
"A30..30",2,28,2020
"A30..30",NA,29,2020
"A30..30",1,30,2020
"A30..30",1,31,2020
"A30..30",1,32,2020
"A30..30",4,33,2020
"A30..30",1,34,2020
"A30..30",1,35,2020
"A30..30",2,36,2020
"A30..30",2,37,2020
"A30..30",5,38,2020
"A30..30",2,39,2020
"A30..30",1,40,2020
"A30..30",2,41,2020
"A30..30",2,42,2020
"A30..30",NA,43,2020
"A30..30",1,44,2020
"A30..30",NA,45,2020
"A30..30",NA,46,2020
"A30..30",2,47,2020
"A30..30",NA,48,2020
"A30..30",2,49,2020
"A30..30",1,50,2020
"A30..30",NA,51,2020
"A30..30",1,52,2020
"A30..30",NA,53,2020
"A31..31",28,1,2020
"A31..31",22,2,2020
"A31..31",25,3,2020
"A31..31",32,4,2020
"A31..31",41,5,2020
"A31..31",27,6,2020
"A31..31",25,7,2020
"A31..31",17,8,2020
"A31..31",21,9,2020
"A31..31",31,10,2020
"A31..31",14,11,2020
"A31..31",9,12,2020
"A31..31",6,13,2020
"A31..31",2,14,2020
"A31..31",1,15,2020
"A31..31",1,16,2020
"A31..31",5,17,2020
"A31..31",3,18,2020
"A31..31",1,19,2020
"A31..31",3,20,2020
"A31..31",NA,21,2020
"A31..31",NA,22,2020
"A31..31",2,23,2020
"A31..31",1,24,2020
"A31..31",2,25,2020
"A31..31",2,26,2020
"A31..31",2,27,2020
"A31..31",2,28,2020
"A31..31",2,29,2020
"A31..31",1,30,2020
"A31..31",1,31,2020
"A31..31",2,32,2020
"A31..31",2,33,2020
"A31..31",2,34,2020
"A31..31",1,35,2020
"A31..31",1,36,2020
"A31..31",4,37,2020
"A31..31",2,38,2020
"A31..31",NA,39,2020
"A31..31",2,40,2020
"A31..31",3,41,2020
"A31..31",NA,42,2020
"A31..31",NA,43,2020
"A31..31",6,44,2020
"A31..31",NA,45,2020
"A31..31",1,46,2020
"A31..31",NA,47,2020
"A31..31",1,48,2020
"A31..31",NA,49,2020
"A31..31",1,50,2020
"A31..31",1,51,2020
"A31..31",NA,52,2020
"A31..31",NA,53,2020
"A32..32",21,1,2020
"A32..32",31,2,2020
"A32..32",29,3,2020
"A32..32",35,4,2020
"A32..32",28,5,2020
"A32..32",25,6,2020
"A32..32",29,7,2020
"A32..32",21,8,2020
"A32..32",21,9,2020
"A32..32",16,10,2020
"A32..32",14,11,2020
"A32..32",12,12,2020
"A32..32",3,13,2020
"A32..32",2,14,2020
"A32..32",1,15,2020
"A32..32",2,16,2020
"A32..32",1,17,2020
"A32..32",NA,18,2020
"A32..32",NA,19,2020
"A32..32",2,20,2020
"A32..32",NA,21,2020
"A32..32",1,22,2020
"A32..32",2,23,2020
"A32..32",1,24,2020
"A32..32",NA,25,2020
"A32..32",1,26,2020
"A32..32",NA,27,2020
"A32..32",NA,28,2020
"A32..32",NA,29,2020
"A32..32",1,30,2020
"A32..32",NA,31,2020
"A32..32",NA,32,2020
"A32..32",1,33,2020
"A32..32",NA,34,2020
"A32..32",3,35,2020
"A32..32",NA,36,2020
"A32..32",1,37,2020
"A32..32",2,38,2020
"A32..32",2,39,2020
"A32..32",5,40,2020
"A32..32",2,41,2020
"A32..32",NA,42,2020
"A32..32",2,43,2020
"A32..32",5,44,2020
"A32..32",3,45,2020
"A32..32",1,46,2020
"A32..32",2,47,2020
"A32..32",1,48,2020
"A32..32",1,49,2020
"A32..32",1,50,2020
"A32..32",3,51,2020
"A32..32",1,52,2020
"A32..32",NA,53,2020
"A33..33",29,1,2020
"A33..33",19,2,2020
"A33..33",32,3,2020
"A33..33",33,4,2020
"A33..33",28,5,2020
"A33..33",23,6,2020
"A33..33",26,7,2020
"A33..33",22,8,2020
"A33..33",20,9,2020
"A33..33",17,10,2020
"A33..33",11,11,2020
"A33..33",9,12,2020
"A33..33",6,13,2020
"A33..33",4,14,2020
"A33..33",NA,15,2020
"A33..33",NA,16,2020
"A33..33",2,17,2020
"A33..33",1,18,2020
"A33..33",2,19,2020
"A33..33",1,20,2020
"A33..33",NA,21,2020
"A33..33",2,22,2020
"A33..33",1,23,2020
"A33..33",NA,24,2020
"A33..33",1,25,2020
"A33..33",1,26,2020
"A33..33",1,27,2020
"A33..33",NA,28,2020
"A33..33",2,29,2020
"A33..33",1,30,2020
"A33..33",2,31,2020
"A33..33",3,32,2020
"A33..33",NA,33,2020
"A33..33",6,34,2020
"A33..33",2,35,2020
"A33..33",3,36,2020
"A33..33",6,37,2020
"A33..33",3,38,2020
"A33..33",3,39,2020
"A33..33",2,40,2020
"A33..33",2,41,2020
"A33..33",1,42,2020
"A33..33",4,43,2020
"A33..33",NA,44,2020
"A33..33",1,45,2020
"A33..33",1,46,2020
"A33..33",2,47,2020
"A33..33",1,48,2020
"A33..33",1,49,2020
"A33..33",1,50,2020
"A33..33",2,51,2020
"A33..33",NA,52,2020
"A33..33",NA,53,2020
"A34..34",24,1,2020
"A34..34",23,2,2020
"A34..34",30,3,2020
"A34..34",21,4,2020
"A34..34",29,5,2020
"A34..34",19,6,2020
"A34..34",20,7,2020
"A34..34",19,8,2020
"A34..34",16,9,2020
"A34..34",12,10,2020
"A34..34",10,11,2020
"A34..34",8,12,2020
"A34..34",5,13,2020
"A34..34",4,14,2020
"A34..34",1,15,2020
"A34..34",1,16,2020
"A34..34",NA,17,2020
"A34..34",1,18,2020
"A34..34",NA,19,2020
"A34..34",2,20,2020
"A34..34",NA,21,2020
"A34..34",NA,22,2020
"A34..34",1,23,2020
"A34..34",2,24,2020
"A34..34",1,25,2020
"A34..34",NA,26,2020
"A34..34",NA,27,2020
"A34..34",NA,28,2020
"A34..34",2,29,2020
"A34..34",NA,30,2020
"A34..34",2,31,2020
"A34..34",NA,32,2020
"A34..34",2,33,2020
"A34..34",2,34,2020
"A34..34",3,35,2020
"A34..34",NA,36,2020
"A34..34",6,37,2020
"A34..34",2,38,2020
"A34..34",4,39,2020
"A34..34",NA,40,2020
"A34..34",NA,41,2020
"A34..34",1,42,2020
"A34..34",2,43,2020
"A34..34",1,44,2020
"A34..34",1,45,2020
"A34..34",1,46,2020
"A34..34",NA,47,2020
"A34..34",1,48,2020
"A34..34",2,49,2020
"A34..34",NA,50,2020
"A34..34",NA,51,2020
"A34..34",NA,52,2020
"A34..34",NA,53,2020
"A35..35",19,1,2020
"A35..35",30,2,2020
"A35..35",23,3,2020
"A35..35",19,4,2020
"A35..35",14,5,2020
"A35..35",26,6,2020
"A35..35",22,7,2020
"A35..35",15,8,2020
"A35..35",19,9,2020
"A35..35",19,10,2020
"A35..35",10,11,2020
"A35..35",7,12,2020
"A35..35",5,13,2020
"A35..35",6,14,2020
"A35..35",7,15,2020
"A35..35",3,16,2020
"A35..35",NA,17,2020
"A35..35",NA,18,2020
"A35..35",2,19,2020
"A35..35",2,20,2020
"A35..35",1,21,2020
"A35..35",2,22,2020
"A35..35",4,23,2020
"A35..35",1,24,2020
"A35..35",NA,25,2020
"A35..35",NA,26,2020
"A35..35",NA,27,2020
"A35..35",NA,28,2020
"A35..35",1,29,2020
"A35..35",NA,30,2020
"A35..35",2,31,2020
"A35..35",NA,32,2020
"A35..35",2,33,2020
"A35..35",NA,34,2020
"A35..35",1,35,2020
"A35..35",3,36,2020
"A35..35",1,37,2020
"A35..35",4,38,2020
"A35..35",1,39,2020
"A35..35",1,40,2020
"A35..35",3,41,2020
"A35..35",NA,42,2020
"A35..35",NA,43,2020
"A35..35",1,44,2020
"A35..35",2,45,2020
"A35..35",2,46,2020
"A35..35",2,47,2020
"A35..35",1,48,2020
"A35..35",NA,49,2020
"A35..35",NA,50,2020
"A35..35",1,51,2020
"A35..35",NA,52,2020
"A35..35",1,53,2020
"A36..36",17,1,2020
"A36..36",25,2,2020
"A36..36",21,3,2020
"A36..36",32,4,2020
"A36..36",21,5,2020
"A36..36",23,6,2020
"A36..36",22,7,2020
"A36..36",22,8,2020
"A36..36",14,9,2020
"A36..36",21,10,2020
"A36..36",8,11,2020
"A36..36",12,12,2020
"A36..36",5,13,2020
"A36..36",5,14,2020
"A36..36",NA,15,2020
"A36..36",2,16,2020
"A36..36",NA,17,2020
"A36..36",NA,18,2020
"A36..36",NA,19,2020
"A36..36",1,20,2020
"A36..36",NA,21,2020
"A36..36",1,22,2020
"A36..36",NA,23,2020
"A36..36",1,24,2020
"A36..36",2,25,2020
"A36..36",1,26,2020
"A36..36",1,27,2020
"A36..36",1,28,2020
"A36..36",1,29,2020
"A36..36",1,30,2020
"A36..36",NA,31,2020
"A36..36",2,32,2020
"A36..36",3,33,2020
"A36..36",1,34,2020
"A36..36",1,35,2020
"A36..36",NA,36,2020
"A36..36",4,37,2020
"A36..36",NA,38,2020
"A36..36",1,39,2020
"A36..36",2,40,2020
"A36..36",2,41,2020
"A36..36",2,42,2020
"A36..36",1,43,2020
"A36..36",NA,44,2020
"A36..36",1,45,2020
"A36..36",1,46,2020
"A36..36",1,47,2020
"A36..36",2,48,2020
"A36..36",1,49,2020
"A36..36",1,50,2020
"A36..36",2,51,2020
"A36..36",NA,52,2020
"A36..36",1,53,2020
"A37..37",18,1,2020
"A37..37",21,2,2020
"A37..37",24,3,2020
"A37..37",21,4,2020
"A37..37",28,5,2020
"A37..37",20,6,2020
"A37..37",22,7,2020
"A37..37",17,8,2020
"A37..37",19,9,2020
"A37..37",11,10,2020
"A37..37",6,11,2020
"A37..37",3,12,2020
"A37..37",NA,13,2020
"A37..37",2,14,2020
"A37..37",1,15,2020
"A37..37",1,16,2020
"A37..37",2,17,2020
"A37..37",NA,18,2020
"A37..37",NA,19,2020
"A37..37",1,20,2020
"A37..37",NA,21,2020
"A37..37",1,22,2020
"A37..37",1,23,2020
"A37..37",1,24,2020
"A37..37",1,25,2020
"A37..37",1,26,2020
"A37..37",2,27,2020
"A37..37",NA,28,2020
"A37..37",1,29,2020
"A37..37",NA,30,2020
"A37..37",NA,31,2020
"A37..37",3,32,2020
"A37..37",1,33,2020
"A37..37",1,34,2020
"A37..37",1,35,2020
"A37..37",1,36,2020
"A37..37",NA,37,2020
"A37..37",1,38,2020
"A37..37",NA,39,2020
"A37..37",1,40,2020
"A37..37",3,41,2020
"A37..37",NA,42,2020
"A37..37",2,43,2020
"A37..37",1,44,2020
"A37..37",NA,45,2020
"A37..37",NA,46,2020
"A37..37",2,47,2020
"A37..37",NA,48,2020
"A37..37",1,49,2020
"A37..37",NA,50,2020
"A37..37",NA,51,2020
"A37..37",NA,52,2020
"A37..37",NA,53,2020
"A38..38",22,1,2020
"A38..38",21,2,2020
"A38..38",32,3,2020
"A38..38",22,4,2020
"A38..38",31,5,2020
"A38..38",27,6,2020
"A38..38",19,7,2020
"A38..38",13,8,2020
"A38..38",16,9,2020
"A38..38",8,10,2020
"A38..38",7,11,2020
"A38..38",3,12,2020
"A38..38",2,13,2020
"A38..38",2,14,2020
"A38..38",2,15,2020
"A38..38",1,16,2020
"A38..38",3,17,2020
"A38..38",1,18,2020
"A38..38",1,19,2020
"A38..38",1,20,2020
"A38..38",2,21,2020
"A38..38",NA,22,2020
"A38..38",NA,23,2020
"A38..38",2,24,2020
"A38..38",2,25,2020
"A38..38",1,26,2020
"A38..38",NA,27,2020
"A38..38",1,28,2020
"A38..38",NA,29,2020
"A38..38",NA,30,2020
"A38..38",1,31,2020
"A38..38",2,32,2020
"A38..38",NA,33,2020
"A38..38",2,34,2020
"A38..38",NA,35,2020
"A38..38",NA,36,2020
"A38..38",1,37,2020
"A38..38",NA,38,2020
"A38..38",NA,39,2020
"A38..38",NA,40,2020
"A38..38",2,41,2020
"A38..38",1,42,2020
"A38..38",NA,43,2020
"A38..38",1,44,2020
"A38..38",2,45,2020
"A38..38",1,46,2020
"A38..38",1,47,2020
"A38..38",NA,48,2020
"A38..38",2,49,2020
"A38..38",2,50,2020
"A38..38",1,51,2020
"A38..38",NA,52,2020
"A38..38",NA,53,2020
"A39..39",20,1,2020
"A39..39",26,2,2020
"A39..39",24,3,2020
"A39..39",22,4,2020
"A39..39",16,5,2020
"A39..39",18,6,2020
"A39..39",12,7,2020
"A39..39",14,8,2020
"A39..39",15,9,2020
"A39..39",15,10,2020
"A39..39",13,11,2020
"A39..39",4,12,2020
"A39..39",6,13,2020
"A39..39",NA,14,2020
"A39..39",1,15,2020
"A39..39",NA,16,2020
"A39..39",1,17,2020
"A39..39",1,18,2020
"A39..39",2,19,2020
"A39..39",NA,20,2020
"A39..39",NA,21,2020
"A39..39",1,22,2020
"A39..39",NA,23,2020
"A39..39",NA,24,2020
"A39..39",1,25,2020
"A39..39",1,26,2020
"A39..39",2,27,2020
"A39..39",NA,28,2020
"A39..39",NA,29,2020
"A39..39",1,30,2020
"A39..39",1,31,2020
"A39..39",1,32,2020
"A39..39",1,33,2020
"A39..39",1,34,2020
"A39..39",1,35,2020
"A39..39",4,36,2020
"A39..39",2,37,2020
"A39..39",4,38,2020
"A39..39",NA,39,2020
"A39..39",NA,40,2020
"A39..39",2,41,2020
"A39..39",1,42,2020
"A39..39",NA,43,2020
"A39..39",NA,44,2020
"A39..39",1,45,2020
"A39..39",NA,46,2020
"A39..39",NA,47,2020
"A39..39",2,48,2020
"A39..39",3,49,2020
"A39..39",NA,50,2020
"A39..39",1,51,2020
"A39..39",NA,52,2020
"A39..39",NA,53,2020
"A40..40",15,1,2020
"A40..40",32,2,2020
"A40..40",24,3,2020
"A40..40",21,4,2020
"A40..40",16,5,2020
"A40..40",23,6,2020
"A40..40",17,7,2020
"A40..40",18,8,2020
"A40..40",6,9,2020
"A40..40",14,10,2020
"A40..40",4,11,2020
"A40..40",6,12,2020
"A40..40",3,13,2020
"A40..40",4,14,2020
"A40..40",1,15,2020
"A40..40",NA,16,2020
"A40..40",1,17,2020
"A40..40",NA,18,2020
"A40..40",NA,19,2020
"A40..40",5,20,2020
"A40..40",NA,21,2020
"A40..40",1,22,2020
"A40..40",NA,23,2020
"A40..40",1,24,2020
"A40..40",NA,25,2020
"A40..40",1,26,2020
"A40..40",NA,27,2020
"A40..40",NA,28,2020
"A40..40",NA,29,2020
"A40..40",1,30,2020
"A40..40",NA,31,2020
"A40..40",NA,32,2020
"A40..40",NA,33,2020
"A40..40",2,34,2020
"A40..40",1,35,2020
"A40..40",3,36,2020
"A40..40",4,37,2020
"A40..40",1,38,2020
"A40..40",NA,39,2020
"A40..40",1,40,2020
"A40..40",1,41,2020
"A40..40",NA,42,2020
"A40..40",3,43,2020
"A40..40",NA,44,2020
"A40..40",2,45,2020
"A40..40",NA,46,2020
"A40..40",1,47,2020
"A40..40",NA,48,2020
"A40..40",NA,49,2020
"A40..40",3,50,2020
"A40..40",2,51,2020
"A40..40",NA,52,2020
"A40..40",NA,53,2020
"A41..41",14,1,2020
"A41..41",21,2,2020
"A41..41",25,3,2020
"A41..41",18,4,2020
"A41..41",12,5,2020
"A41..41",13,6,2020
"A41..41",19,7,2020
"A41..41",13,8,2020
"A41..41",18,9,2020
"A41..41",12,10,2020
"A41..41",16,11,2020
"A41..41",5,12,2020
"A41..41",6,13,2020
"A41..41",NA,14,2020
"A41..41",2,15,2020
"A41..41",1,16,2020
"A41..41",2,17,2020
"A41..41",NA,18,2020
"A41..41",1,19,2020
"A41..41",NA,20,2020
"A41..41",2,21,2020
"A41..41",NA,22,2020
"A41..41",3,23,2020
"A41..41",NA,24,2020
"A41..41",NA,25,2020
"A41..41",NA,26,2020
"A41..41",NA,27,2020
"A41..41",1,28,2020
"A41..41",NA,29,2020
"A41..41",1,30,2020
"A41..41",1,31,2020
"A41..41",2,32,2020
"A41..41",NA,33,2020
"A41..41",1,34,2020
"A41..41",2,35,2020
"A41..41",NA,36,2020
"A41..41",3,37,2020
"A41..41",4,38,2020
"A41..41",NA,39,2020
"A41..41",4,40,2020
"A41..41",2,41,2020
"A41..41",1,42,2020
"A41..41",4,43,2020
"A41..41",NA,44,2020
"A41..41",2,45,2020
"A41..41",NA,46,2020
"A41..41",1,47,2020
"A41..41",NA,48,2020
"A41..41",NA,49,2020
"A41..41",2,50,2020
"A41..41",NA,51,2020
"A41..41",NA,52,2020
"A41..41",NA,53,2020
"A42..42",7,1,2020
"A42..42",19,2,2020
"A42..42",19,3,2020
"A42..42",28,4,2020
"A42..42",12,5,2020
"A42..42",17,6,2020
"A42..42",14,7,2020
"A42..42",10,8,2020
"A42..42",16,9,2020
"A42..42",11,10,2020
"A42..42",6,11,2020
"A42..42",5,12,2020
"A42..42",1,13,2020
"A42..42",1,14,2020
"A42..42",NA,15,2020
"A42..42",NA,16,2020
"A42..42",1,17,2020
"A42..42",NA,18,2020
"A42..42",1,19,2020
"A42..42",2,20,2020
"A42..42",NA,21,2020
"A42..42",1,22,2020
"A42..42",NA,23,2020
"A42..42",1,24,2020
"A42..42",NA,25,2020
"A42..42",2,26,2020
"A42..42",1,27,2020
"A42..42",4,28,2020
"A42..42",NA,29,2020
"A42..42",NA,30,2020
"A42..42",2,31,2020
"A42..42",1,32,2020
"A42..42",1,33,2020
"A42..42",2,34,2020
"A42..42",1,35,2020
"A42..42",1,36,2020
"A42..42",1,37,2020
"A42..42",1,38,2020
"A42..42",NA,39,2020
"A42..42",2,40,2020
"A42..42",4,41,2020
"A42..42",NA,42,2020
"A42..42",1,43,2020
"A42..42",1,44,2020
"A42..42",1,45,2020
"A42..42",NA,46,2020
"A42..42",NA,47,2020
"A42..42",2,48,2020
"A42..42",1,49,2020
"A42..42",NA,50,2020
"A42..42",NA,51,2020
"A42..42",NA,52,2020
"A42..42",NA,53,2020
"A43..43",12,1,2020
"A43..43",15,2,2020
"A43..43",22,3,2020
"A43..43",21,4,2020
"A43..43",20,5,2020
"A43..43",19,6,2020
"A43..43",19,7,2020
"A43..43",11,8,2020
"A43..43",7,9,2020
"A43..43",14,10,2020
"A43..43",17,11,2020
"A43..43",3,12,2020
"A43..43",4,13,2020
"A43..43",2,14,2020
"A43..43",2,15,2020
"A43..43",NA,16,2020
"A43..43",NA,17,2020
"A43..43",2,18,2020
"A43..43",1,19,2020
"A43..43",1,20,2020
"A43..43",1,21,2020
"A43..43",2,22,2020
"A43..43",NA,23,2020
"A43..43",1,24,2020
"A43..43",1,25,2020
"A43..43",NA,26,2020
"A43..43",NA,27,2020
"A43..43",NA,28,2020
"A43..43",1,29,2020
"A43..43",1,30,2020
"A43..43",2,31,2020
"A43..43",NA,32,2020
"A43..43",NA,33,2020
"A43..43",1,34,2020
"A43..43",4,35,2020
"A43..43",1,36,2020
"A43..43",1,37,2020
"A43..43",1,38,2020
"A43..43",2,39,2020
"A43..43",1,40,2020
"A43..43",NA,41,2020
"A43..43",2,42,2020
"A43..43",NA,43,2020
"A43..43",1,44,2020
"A43..43",NA,45,2020
"A43..43",NA,46,2020
"A43..43",1,47,2020
"A43..43",NA,48,2020
"A43..43",NA,49,2020
"A43..43",2,50,2020
"A43..43",3,51,2020
"A43..43",1,52,2020
"A43..43",NA,53,2020
"A44..44",14,1,2020
"A44..44",20,2,2020
"A44..44",19,3,2020
"A44..44",20,4,2020
"A44..44",24,5,2020
"A44..44",12,6,2020
"A44..44",16,7,2020
"A44..44",15,8,2020
"A44..44",9,9,2020
"A44..44",9,10,2020
"A44..44",13,11,2020
"A44..44",5,12,2020
"A44..44",6,13,2020
"A44..44",1,14,2020
"A44..44",1,15,2020
"A44..44",2,16,2020
"A44..44",2,17,2020
"A44..44",NA,18,2020
"A44..44",NA,19,2020
"A44..44",NA,20,2020
"A44..44",1,21,2020
"A44..44",1,22,2020
"A44..44",NA,23,2020
"A44..44",1,24,2020
"A44..44",NA,25,2020
"A44..44",1,26,2020
"A44..44",1,27,2020
"A44..44",1,28,2020
"A44..44",5,29,2020
"A44..44",NA,30,2020
"A44..44",NA,31,2020
"A44..44",2,32,2020
"A44..44",1,33,2020
"A44..44",NA,34,2020
"A44..44",NA,35,2020
"A44..44",1,36,2020
"A44..44",NA,37,2020
"A44..44",1,38,2020
"A44..44",NA,39,2020
"A44..44",NA,40,2020
"A44..44",1,41,2020
"A44..44",2,42,2020
"A44..44",1,43,2020
"A44..44",NA,44,2020
"A44..44",1,45,2020
"A44..44",NA,46,2020
"A44..44",1,47,2020
"A44..44",1,48,2020
"A44..44",3,49,2020
"A44..44",1,50,2020
"A44..44",3,51,2020
"A44..44",NA,52,2020
"A44..44",NA,53,2020
"A45..45",10,1,2020
"A45..45",23,2,2020
"A45..45",16,3,2020
"A45..45",17,4,2020
"A45..45",16,5,2020
"A45..45",9,6,2020
"A45..45",15,7,2020
"A45..45",11,8,2020
"A45..45",13,9,2020
"A45..45",6,10,2020
"A45..45",13,11,2020
"A45..45",3,12,2020
"A45..45",3,13,2020
"A45..45",6,14,2020
"A45..45",1,15,2020
"A45..45",2,16,2020
"A45..45",1,17,2020
"A45..45",2,18,2020
"A45..45",NA,19,2020
"A45..45",NA,20,2020
"A45..45",NA,21,2020
"A45..45",NA,22,2020
"A45..45",NA,23,2020
"A45..45",NA,24,2020
"A45..45",NA,25,2020
"A45..45",1,26,2020
"A45..45",2,27,2020
"A45..45",NA,28,2020
"A45..45",NA,29,2020
"A45..45",2,30,2020
"A45..45",NA,31,2020
"A45..45",NA,32,2020
"A45..45",1,33,2020
"A45..45",NA,34,2020
"A45..45",1,35,2020
"A45..45",1,36,2020
"A45..45",3,37,2020
"A45..45",1,38,2020
"A45..45",2,39,2020
"A45..45",NA,40,2020
"A45..45",1,41,2020
"A45..45",NA,42,2020
"A45..45",NA,43,2020
"A45..45",NA,44,2020
"A45..45",1,45,2020
"A45..45",NA,46,2020
"A45..45",NA,47,2020
"A45..45",NA,48,2020
"A45..45",NA,49,2020
"A45..45",2,50,2020
"A45..45",1,51,2020
"A45..45",NA,52,2020
"A45..45",1,53,2020
"A46..46",10,1,2020
"A46..46",21,2,2020
"A46..46",22,3,2020
"A46..46",6,4,2020
"A46..46",12,5,2020
"A46..46",21,6,2020
"A46..46",21,7,2020
"A46..46",14,8,2020
"A46..46",12,9,2020
"A46..46",4,10,2020
"A46..46",3,11,2020
"A46..46",2,12,2020
"A46..46",2,13,2020
"A46..46",2,14,2020
"A46..46",5,15,2020
"A46..46",2,16,2020
"A46..46",2,17,2020
"A46..46",1,18,2020
"A46..46",1,19,2020
"A46..46",1,20,2020
"A46..46",NA,21,2020
"A46..46",NA,22,2020
"A46..46",NA,23,2020
"A46..46",1,24,2020
"A46..46",NA,25,2020
"A46..46",NA,26,2020
"A46..46",1,27,2020
"A46..46",NA,28,2020
"A46..46",NA,29,2020
"A46..46",NA,30,2020
"A46..46",NA,31,2020
"A46..46",NA,32,2020
"A46..46",NA,33,2020
"A46..46",1,34,2020
"A46..46",NA,35,2020
"A46..46",2,36,2020
"A46..46",1,37,2020
"A46..46",NA,38,2020
"A46..46",1,39,2020
"A46..46",1,40,2020
"A46..46",NA,41,2020
"A46..46",1,42,2020
"A46..46",NA,43,2020
"A46..46",NA,44,2020
"A46..46",3,45,2020
"A46..46",NA,46,2020
"A46..46",1,47,2020
"A46..46",NA,48,2020
"A46..46",2,49,2020
"A46..46",1,50,2020
"A46..46",1,51,2020
"A46..46",NA,52,2020
"A46..46",NA,53,2020
"A47..47",17,1,2020
"A47..47",16,2,2020
"A47..47",21,3,2020
"A47..47",23,4,2020
"A47..47",14,5,2020
"A47..47",17,6,2020
"A47..47",8,7,2020
"A47..47",13,8,2020
"A47..47",9,9,2020
"A47..47",11,10,2020
"A47..47",8,11,2020
"A47..47",4,12,2020
"A47..47",3,13,2020
"A47..47",NA,14,2020
"A47..47",1,15,2020
"A47..47",1,16,2020
"A47..47",3,17,2020
"A47..47",4,18,2020
"A47..47",NA,19,2020
"A47..47",1,20,2020
"A47..47",NA,21,2020
"A47..47",1,22,2020
"A47..47",1,23,2020
"A47..47",2,24,2020
"A47..47",3,25,2020
"A47..47",2,26,2020
"A47..47",NA,27,2020
"A47..47",NA,28,2020
"A47..47",NA,29,2020
"A47..47",NA,30,2020
"A47..47",NA,31,2020
"A47..47",NA,32,2020
"A47..47",1,33,2020
"A47..47",3,34,2020
"A47..47",NA,35,2020
"A47..47",NA,36,2020
"A47..47",2,37,2020
"A47..47",2,38,2020
"A47..47",1,39,2020
"A47..47",1,40,2020
"A47..47",NA,41,2020
"A47..47",NA,42,2020
"A47..47",NA,43,2020
"A47..47",1,44,2020
"A47..47",2,45,2020
"A47..47",1,46,2020
"A47..47",1,47,2020
"A47..47",1,48,2020
"A47..47",1,49,2020
"A47..47",NA,50,2020
"A47..47",NA,51,2020
"A47..47",1,52,2020
"A47..47",NA,53,2020
"A48..48",8,1,2020
"A48..48",31,2,2020
"A48..48",19,3,2020
"A48..48",18,4,2020
"A48..48",17,5,2020
"A48..48",22,6,2020
"A48..48",14,7,2020
"A48..48",13,8,2020
"A48..48",15,9,2020
"A48..48",11,10,2020
"A48..48",9,11,2020
"A48..48",6,12,2020
"A48..48",3,13,2020
"A48..48",5,14,2020
"A48..48",NA,15,2020
"A48..48",4,16,2020
"A48..48",1,17,2020
"A48..48",NA,18,2020
"A48..48",1,19,2020
"A48..48",NA,20,2020
"A48..48",1,21,2020
"A48..48",2,22,2020
"A48..48",1,23,2020
"A48..48",NA,24,2020
"A48..48",NA,25,2020
"A48..48",NA,26,2020
"A48..48",1,27,2020
"A48..48",NA,28,2020
"A48..48",NA,29,2020
"A48..48",2,30,2020
"A48..48",1,31,2020
"A48..48",1,32,2020
"A48..48",1,33,2020
"A48..48",NA,34,2020
"A48..48",2,35,2020
"A48..48",1,36,2020
"A48..48",4,37,2020
"A48..48",2,38,2020
"A48..48",1,39,2020
"A48..48",3,40,2020
"A48..48",2,41,2020
"A48..48",1,42,2020
"A48..48",1,43,2020
"A48..48",NA,44,2020
"A48..48",NA,45,2020
"A48..48",NA,46,2020
"A48..48",NA,47,2020
"A48..48",1,48,2020
"A48..48",2,49,2020
"A48..48",2,50,2020
"A48..48",2,51,2020
"A48..48",1,52,2020
"A48..48",NA,53,2020
"A49..49",7,1,2020
"A49..49",30,2,2020
"A49..49",25,3,2020
"A49..49",13,4,2020
"A49..49",24,5,2020
"A49..49",19,6,2020
"A49..49",11,7,2020
"A49..49",18,8,2020
"A49..49",17,9,2020
"A49..49",7,10,2020
"A49..49",16,11,2020
"A49..49",5,12,2020
"A49..49",8,13,2020
"A49..49",3,14,2020
"A49..49",3,15,2020
"A49..49",NA,16,2020
"A49..49",NA,17,2020
"A49..49",1,18,2020
"A49..49",1,19,2020
"A49..49",NA,20,2020
"A49..49",1,21,2020
"A49..49",NA,22,2020
"A49..49",NA,23,2020
"A49..49",1,24,2020
"A49..49",1,25,2020
"A49..49",NA,26,2020
"A49..49",3,27,2020
"A49..49",1,28,2020
"A49..49",1,29,2020
"A49..49",NA,30,2020
"A49..49",2,31,2020
"A49..49",2,32,2020
"A49..49",1,33,2020
"A49..49",3,34,2020
"A49..49",NA,35,2020
"A49..49",2,36,2020
"A49..49",1,37,2020
"A49..49",NA,38,2020
"A49..49",3,39,2020
"A49..49",NA,40,2020
"A49..49",2,41,2020
"A49..49",1,42,2020
"A49..49",NA,43,2020
"A49..49",1,44,2020
"A49..49",2,45,2020
"A49..49",3,46,2020
"A49..49",1,47,2020
"A49..49",1,48,2020
"A49..49",NA,49,2020
"A49..49",2,50,2020
"A49..49",1,51,2020
"A49..49",NA,52,2020
"A49..49",1,53,2020
"A50..50",17,1,2020
"A50..50",34,2,2020
"A50..50",31,3,2020
"A50..50",26,4,2020
"A50..50",19,5,2020
"A50..50",18,6,2020
"A50..50",13,7,2020
"A50..50",15,8,2020
"A50..50",14,9,2020
"A50..50",9,10,2020
"A50..50",7,11,2020
"A50..50",10,12,2020
"A50..50",3,13,2020
"A50..50",5,14,2020
"A50..50",1,15,2020
"A50..50",1,16,2020
"A50..50",1,17,2020
"A50..50",1,18,2020
"A50..50",1,19,2020
"A50..50",NA,20,2020
"A50..50",1,21,2020
"A50..50",1,22,2020
"A50..50",NA,23,2020
"A50..50",NA,24,2020
"A50..50",1,25,2020
"A50..50",NA,26,2020
"A50..50",NA,27,2020
"A50..50",2,28,2020
"A50..50",1,29,2020
"A50..50",1,30,2020
"A50..50",1,31,2020
"A50..50",1,32,2020
"A50..50",2,33,2020
"A50..50",3,34,2020
"A50..50",2,35,2020
"A50..50",NA,36,2020
"A50..50",2,37,2020
"A50..50",1,38,2020
"A50..50",1,39,2020
"A50..50",NA,40,2020
"A50..50",NA,41,2020
"A50..50",NA,42,2020
"A50..50",1,43,2020
"A50..50",NA,44,2020
"A50..50",1,45,2020
"A50..50",2,46,2020
"A50..50",1,47,2020
"A50..50",NA,48,2020
"A50..50",1,49,2020
"A50..50",NA,50,2020
"A50..50",NA,51,2020
"A50..50",NA,52,2020
"A50..50",NA,53,2020
"A51..51",23,1,2020
"A51..51",36,2,2020
"A51..51",19,3,2020
"A51..51",33,4,2020
"A51..51",20,5,2020
"A51..51",20,6,2020
"A51..51",18,7,2020
"A51..51",18,8,2020
"A51..51",29,9,2020
"A51..51",18,10,2020
"A51..51",11,11,2020
"A51..51",7,12,2020
"A51..51",5,13,2020
"A51..51",2,14,2020
"A51..51",4,15,2020
"A51..51",2,16,2020
"A51..51",2,17,2020
"A51..51",NA,18,2020
"A51..51",2,19,2020
"A51..51",NA,20,2020
"A51..51",1,21,2020
"A51..51",2,22,2020
"A51..51",1,23,2020
"A51..51",1,24,2020
"A51..51",NA,25,2020
"A51..51",3,26,2020
"A51..51",1,27,2020
"A51..51",1,28,2020
"A51..51",1,29,2020
"A51..51",1,30,2020
"A51..51",3,31,2020
"A51..51",1,32,2020
"A51..51",2,33,2020
"A51..51",2,34,2020
"A51..51",1,35,2020
"A51..51",1,36,2020
"A51..51",1,37,2020
"A51..51",3,38,2020
"A51..51",3,39,2020
"A51..51",1,40,2020
"A51..51",NA,41,2020
"A51..51",3,42,2020
"A51..51",3,43,2020
"A51..51",2,44,2020
"A51..51",2,45,2020
"A51..51",1,46,2020
"A51..51",NA,47,2020
"A51..51",NA,48,2020
"A51..51",2,49,2020
"A51..51",2,50,2020
"A51..51",NA,51,2020
"A51..51",1,52,2020
"A51..51",1,53,2020
"A52..52",17,1,2020
"A52..52",36,2,2020
"A52..52",42,3,2020
"A52..52",27,4,2020
"A52..52",26,5,2020
"A52..52",15,6,2020
"A52..52",28,7,2020
"A52..52",23,8,2020
"A52..52",17,9,2020
"A52..52",19,10,2020
"A52..52",16,11,2020
"A52..52",13,12,2020
"A52..52",7,13,2020
"A52..52",2,14,2020
"A52..52",3,15,2020
"A52..52",2,16,2020
"A52..52",2,17,2020
"A52..52",1,18,2020
"A52..52",2,19,2020
"A52..52",NA,20,2020
"A52..52",2,21,2020
"A52..52",1,22,2020
"A52..52",2,23,2020
"A52..52",1,24,2020
"A52..52",1,25,2020
"A52..52",2,26,2020
"A52..52",1,27,2020
"A52..52",1,28,2020
"A52..52",2,29,2020
"A52..52",NA,30,2020
"A52..52",3,31,2020
"A52..52",2,32,2020
"A52..52",NA,33,2020
"A52..52",NA,34,2020
"A52..52",4,35,2020
"A52..52",1,36,2020
"A52..52",1,37,2020
"A52..52",2,38,2020
"A52..52",1,39,2020
"A52..52",3,40,2020
"A52..52",3,41,2020
"A52..52",1,42,2020
"A52..52",1,43,2020
"A52..52",3,44,2020
"A52..52",NA,45,2020
"A52..52",1,46,2020
"A52..52",1,47,2020
"A52..52",NA,48,2020
"A52..52",2,49,2020
"A52..52",NA,50,2020
"A52..52",1,51,2020
"A52..52",1,52,2020
"A52..52",1,53,2020
"A53..53",20,1,2020
"A53..53",24,2,2020
"A53..53",36,3,2020
"A53..53",32,4,2020
"A53..53",28,5,2020
"A53..53",19,6,2020
"A53..53",22,7,2020
"A53..53",32,8,2020
"A53..53",24,9,2020
"A53..53",18,10,2020
"A53..53",11,11,2020
"A53..53",11,12,2020
"A53..53",2,13,2020
"A53..53",3,14,2020
"A53..53",3,15,2020
"A53..53",1,16,2020
"A53..53",5,17,2020
"A53..53",4,18,2020
"A53..53",2,19,2020
"A53..53",1,20,2020
"A53..53",1,21,2020
"A53..53",3,22,2020
"A53..53",NA,23,2020
"A53..53",2,24,2020
"A53..53",NA,25,2020
"A53..53",1,26,2020
"A53..53",1,27,2020
"A53..53",2,28,2020
"A53..53",1,29,2020
"A53..53",NA,30,2020
"A53..53",4,31,2020
"A53..53",1,32,2020
"A53..53",1,33,2020
"A53..53",3,34,2020
"A53..53",3,35,2020
"A53..53",3,36,2020
"A53..53",1,37,2020
"A53..53",1,38,2020
"A53..53",2,39,2020
"A53..53",1,40,2020
"A53..53",2,41,2020
"A53..53",1,42,2020
"A53..53",2,43,2020
"A53..53",NA,44,2020
"A53..53",1,45,2020
"A53..53",NA,46,2020
"A53..53",1,47,2020
"A53..53",2,48,2020
"A53..53",2,49,2020
"A53..53",1,50,2020
"A53..53",1,51,2020
"A53..53",NA,52,2020
"A53..53",1,53,2020
"A54..54",16,1,2020
"A54..54",39,2,2020
"A54..54",37,3,2020
"A54..54",39,4,2020
"A54..54",31,5,2020
"A54..54",21,6,2020
"A54..54",25,7,2020
"A54..54",21,8,2020
"A54..54",20,9,2020
"A54..54",13,10,2020
"A54..54",10,11,2020
"A54..54",11,12,2020
"A54..54",6,13,2020
"A54..54",2,14,2020
"A54..54",2,15,2020
"A54..54",1,16,2020
"A54..54",4,17,2020
"A54..54",1,18,2020
"A54..54",6,19,2020
"A54..54",2,20,2020
"A54..54",3,21,2020
"A54..54",2,22,2020
"A54..54",NA,23,2020
"A54..54",2,24,2020
"A54..54",NA,25,2020
"A54..54",1,26,2020
"A54..54",1,27,2020
"A54..54",1,28,2020
"A54..54",3,29,2020
"A54..54",2,30,2020
"A54..54",1,31,2020
"A54..54",2,32,2020
"A54..54",1,33,2020
"A54..54",2,34,2020
"A54..54",2,35,2020
"A54..54",5,36,2020
"A54..54",2,37,2020
"A54..54",2,38,2020
"A54..54",4,39,2020
"A54..54",3,40,2020
"A54..54",2,41,2020
"A54..54",3,42,2020
"A54..54",1,43,2020
"A54..54",2,44,2020
"A54..54",2,45,2020
"A54..54",1,46,2020
"A54..54",NA,47,2020
"A54..54",NA,48,2020
"A54..54",2,49,2020
"A54..54",NA,50,2020
"A54..54",4,51,2020
"A54..54",NA,52,2020
"A54..54",NA,53,2020
"A55..55",16,1,2020
"A55..55",37,2,2020
"A55..55",36,3,2020
"A55..55",35,4,2020
"A55..55",36,5,2020
"A55..55",25,6,2020
"A55..55",24,7,2020
"A55..55",27,8,2020
"A55..55",23,9,2020
"A55..55",29,10,2020
"A55..55",13,11,2020
"A55..55",13,12,2020
"A55..55",7,13,2020
"A55..55",2,14,2020
"A55..55",3,15,2020
"A55..55",1,16,2020
"A55..55",4,17,2020
"A55..55",3,18,2020
"A55..55",2,19,2020
"A55..55",1,20,2020
"A55..55",3,21,2020
"A55..55",3,22,2020
"A55..55",2,23,2020
"A55..55",NA,24,2020
"A55..55",1,25,2020
"A55..55",2,26,2020
"A55..55",NA,27,2020
"A55..55",2,28,2020
"A55..55",NA,29,2020
"A55..55",1,30,2020
"A55..55",1,31,2020
"A55..55",2,32,2020
"A55..55",1,33,2020
"A55..55",NA,34,2020
"A55..55",1,35,2020
"A55..55",4,36,2020
"A55..55",2,37,2020
"A55..55",1,38,2020
"A55..55",2,39,2020
"A55..55",3,40,2020
"A55..55",NA,41,2020
"A55..55",1,42,2020
"A55..55",1,43,2020
"A55..55",4,44,2020
"A55..55",NA,45,2020
"A55..55",4,46,2020
"A55..55",1,47,2020
"A55..55",3,48,2020
"A55..55",NA,49,2020
"A55..55",3,50,2020
"A55..55",1,51,2020
"A55..55",NA,52,2020
"A55..55",NA,53,2020
"A56..56",20,1,2020
"A56..56",53,2,2020
"A56..56",44,3,2020
"A56..56",35,4,2020
"A56..56",47,5,2020
"A56..56",33,6,2020
"A56..56",26,7,2020
"A56..56",24,8,2020
"A56..56",18,9,2020
"A56..56",19,10,2020
"A56..56",12,11,2020
"A56..56",14,12,2020
"A56..56",4,13,2020
"A56..56",2,14,2020
"A56..56",4,15,2020
"A56..56",2,16,2020
"A56..56",6,17,2020
"A56..56",1,18,2020
"A56..56",NA,19,2020
"A56..56",3,20,2020
"A56..56",NA,21,2020
"A56..56",4,22,2020
"A56..56",1,23,2020
"A56..56",1,24,2020
"A56..56",1,25,2020
"A56..56",2,26,2020
"A56..56",1,27,2020
"A56..56",NA,28,2020
"A56..56",NA,29,2020
"A56..56",2,30,2020
"A56..56",2,31,2020
"A56..56",1,32,2020
"A56..56",2,33,2020
"A56..56",1,34,2020
"A56..56",2,35,2020
"A56..56",1,36,2020
"A56..56",3,37,2020
"A56..56",1,38,2020
"A56..56",NA,39,2020
"A56..56",2,40,2020
"A56..56",4,41,2020
"A56..56",NA,42,2020
"A56..56",NA,43,2020
"A56..56",1,44,2020
"A56..56",NA,45,2020
"A56..56",2,46,2020
"A56..56",1,47,2020
"A56..56",NA,48,2020
"A56..56",NA,49,2020
"A56..56",NA,50,2020
"A56..56",1,51,2020
"A56..56",NA,52,2020
"A56..56",NA,53,2020
"A57..57",21,1,2020
"A57..57",44,2,2020
"A57..57",48,3,2020
"A57..57",36,4,2020
"A57..57",37,5,2020
"A57..57",47,6,2020
"A57..57",33,7,2020
"A57..57",28,8,2020
"A57..57",20,9,2020
"A57..57",34,10,2020
"A57..57",20,11,2020
"A57..57",13,12,2020
"A57..57",7,13,2020
"A57..57",3,14,2020
"A57..57",3,15,2020
"A57..57",2,16,2020
"A57..57",6,17,2020
"A57..57",1,18,2020
"A57..57",2,19,2020
"A57..57",1,20,2020
"A57..57",NA,21,2020
"A57..57",2,22,2020
"A57..57",2,23,2020
"A57..57",2,24,2020
"A57..57",NA,25,2020
"A57..57",NA,26,2020
"A57..57",NA,27,2020
"A57..57",3,28,2020
"A57..57",1,29,2020
"A57..57",1,30,2020
"A57..57",1,31,2020
"A57..57",3,32,2020
"A57..57",3,33,2020
"A57..57",3,34,2020
"A57..57",5,35,2020
"A57..57",5,36,2020
"A57..57",1,37,2020
"A57..57",1,38,2020
"A57..57",3,39,2020
"A57..57",3,40,2020
"A57..57",1,41,2020
"A57..57",2,42,2020
"A57..57",3,43,2020
"A57..57",1,44,2020
"A57..57",1,45,2020
"A57..57",3,46,2020
"A57..57",1,47,2020
"A57..57",1,48,2020
"A57..57",2,49,2020
"A57..57",NA,50,2020
"A57..57",1,51,2020
"A57..57",NA,52,2020
"A57..57",2,53,2020
"A58..58",35,1,2020
"A58..58",49,2,2020
"A58..58",48,3,2020
"A58..58",31,4,2020
"A58..58",31,5,2020
"A58..58",29,6,2020
"A58..58",30,7,2020
"A58..58",19,8,2020
"A58..58",19,9,2020
"A58..58",23,10,2020
"A58..58",18,11,2020
"A58..58",10,12,2020
"A58..58",6,13,2020
"A58..58",2,14,2020
"A58..58",2,15,2020
"A58..58",1,16,2020
"A58..58",4,17,2020
"A58..58",2,18,2020
"A58..58",2,19,2020
"A58..58",1,20,2020
"A58..58",NA,21,2020
"A58..58",NA,22,2020
"A58..58",4,23,2020
"A58..58",1,24,2020
"A58..58",3,25,2020
"A58..58",2,26,2020
"A58..58",1,27,2020
"A58..58",2,28,2020
"A58..58",3,29,2020
"A58..58",2,30,2020
"A58..58",2,31,2020
"A58..58",NA,32,2020
"A58..58",3,33,2020
"A58..58",1,34,2020
"A58..58",3,35,2020
"A58..58",3,36,2020
"A58..58",1,37,2020
"A58..58",1,38,2020
"A58..58",NA,39,2020
"A58..58",3,40,2020
"A58..58",2,41,2020
"A58..58",NA,42,2020
"A58..58",1,43,2020
"A58..58",NA,44,2020
"A58..58",1,45,2020
"A58..58",4,46,2020
"A58..58",NA,47,2020
"A58..58",NA,48,2020
"A58..58",NA,49,2020
"A58..58",2,50,2020
"A58..58",NA,51,2020
"A58..58",NA,52,2020
"A58..58",1,53,2020
"A59..59",23,1,2020
"A59..59",40,2,2020
"A59..59",42,3,2020
"A59..59",39,4,2020
"A59..59",28,5,2020
"A59..59",37,6,2020
"A59..59",35,7,2020
"A59..59",27,8,2020
"A59..59",25,9,2020
"A59..59",23,10,2020
"A59..59",13,11,2020
"A59..59",10,12,2020
"A59..59",10,13,2020
"A59..59",2,14,2020
"A59..59",1,15,2020
"A59..59",1,16,2020
"A59..59",2,17,2020
"A59..59",1,18,2020
"A59..59",3,19,2020
"A59..59",1,20,2020
"A59..59",3,21,2020
"A59..59",2,22,2020
"A59..59",2,23,2020
"A59..59",NA,24,2020
"A59..59",NA,25,2020
"A59..59",1,26,2020
"A59..59",1,27,2020
"A59..59",NA,28,2020
"A59..59",NA,29,2020
"A59..59",NA,30,2020
"A59..59",1,31,2020
"A59..59",3,32,2020
"A59..59",NA,33,2020
"A59..59",NA,34,2020
"A59..59",1,35,2020
"A59..59",3,36,2020
"A59..59",5,37,2020
"A59..59",6,38,2020
"A59..59",1,39,2020
"A59..59",2,40,2020
"A59..59",2,41,2020
"A59..59",1,42,2020
"A59..59",1,43,2020
"A59..59",4,44,2020
"A59..59",NA,45,2020
"A59..59",2,46,2020
"A59..59",1,47,2020
"A59..59",1,48,2020
"A59..59",2,49,2020
"A59..59",3,50,2020
"A59..59",1,51,2020
"A59..59",2,52,2020
"A59..59",NA,53,2020
"A60..60",20,1,2020
"A60..60",39,2,2020
"A60..60",27,3,2020
"A60..60",38,4,2020
"A60..60",30,5,2020
"A60..60",31,6,2020
"A60..60",23,7,2020
"A60..60",23,8,2020
"A60..60",23,9,2020
"A60..60",27,10,2020
"A60..60",24,11,2020
"A60..60",16,12,2020
"A60..60",6,13,2020
"A60..60",1,14,2020
"A60..60",NA,15,2020
"A60..60",3,16,2020
"A60..60",7,17,2020
"A60..60",3,18,2020
"A60..60",2,19,2020
"A60..60",2,20,2020
"A60..60",1,21,2020
"A60..60",2,22,2020
"A60..60",2,23,2020
"A60..60",1,24,2020
"A60..60",1,25,2020
"A60..60",2,26,2020
"A60..60",NA,27,2020
"A60..60",1,28,2020
"A60..60",1,29,2020
"A60..60",NA,30,2020
"A60..60",NA,31,2020
"A60..60",1,32,2020
"A60..60",NA,33,2020
"A60..60",NA,34,2020
"A60..60",4,35,2020
"A60..60",1,36,2020
"A60..60",3,37,2020
"A60..60",2,38,2020
"A60..60",3,39,2020
"A60..60",1,40,2020
"A60..60",4,41,2020
"A60..60",2,42,2020
"A60..60",3,43,2020
"A60..60",1,44,2020
"A60..60",3,45,2020
"A60..60",1,46,2020
"A60..60",2,47,2020
"A60..60",1,48,2020
"A60..60",1,49,2020
"A60..60",NA,50,2020
"A60..60",4,51,2020
"A60..60",5,52,2020
"A60..60",NA,53,2020
"A61..61",25,1,2020
"A61..61",39,2,2020
"A61..61",34,3,2020
"A61..61",25,4,2020
"A61..61",26,5,2020
"A61..61",40,6,2020
"A61..61",26,7,2020
"A61..61",24,8,2020
"A61..61",26,9,2020
"A61..61",19,10,2020
"A61..61",21,11,2020
"A61..61",11,12,2020
"A61..61",5,13,2020
"A61..61",4,14,2020
"A61..61",5,15,2020
"A61..61",NA,16,2020
"A61..61",2,17,2020
"A61..61",4,18,2020
"A61..61",3,19,2020
"A61..61",1,20,2020
"A61..61",2,21,2020
"A61..61",2,22,2020
"A61..61",NA,23,2020
"A61..61",1,24,2020
"A61..61",NA,25,2020
"A61..61",NA,26,2020
"A61..61",2,27,2020
"A61..61",NA,28,2020
"A61..61",2,29,2020
"A61..61",NA,30,2020
"A61..61",2,31,2020
"A61..61",2,32,2020
"A61..61",NA,33,2020
"A61..61",1,34,2020
"A61..61",2,35,2020
"A61..61",4,36,2020
"A61..61",3,37,2020
"A61..61",3,38,2020
"A61..61",NA,39,2020
"A61..61",2,40,2020
"A61..61",2,41,2020
"A61..61",4,42,2020
"A61..61",NA,43,2020
"A61..61",1,44,2020
"A61..61",NA,45,2020
"A61..61",2,46,2020
"A61..61",1,47,2020
"A61..61",NA,48,2020
"A61..61",5,49,2020
"A61..61",3,50,2020
"A61..61",1,51,2020
"A61..61",1,52,2020
"A61..61",1,53,2020
"A62..62",19,1,2020
"A62..62",41,2,2020
"A62..62",30,3,2020
"A62..62",36,4,2020
"A62..62",20,5,2020
"A62..62",36,6,2020
"A62..62",19,7,2020
"A62..62",13,8,2020
"A62..62",15,9,2020
"A62..62",23,10,2020
"A62..62",13,11,2020
"A62..62",14,12,2020
"A62..62",1,13,2020
"A62..62",4,14,2020
"A62..62",1,15,2020
"A62..62",NA,16,2020
"A62..62",4,17,2020
"A62..62",1,18,2020
"A62..62",2,19,2020
"A62..62",3,20,2020
"A62..62",NA,21,2020
"A62..62",2,22,2020
"A62..62",NA,23,2020
"A62..62",1,24,2020
"A62..62",2,25,2020
"A62..62",1,26,2020
"A62..62",1,27,2020
"A62..62",1,28,2020
"A62..62",1,29,2020
"A62..62",1,30,2020
"A62..62",1,31,2020
"A62..62",1,32,2020
"A62..62",2,33,2020
"A62..62",NA,34,2020
"A62..62",1,35,2020
"A62..62",1,36,2020
"A62..62",2,37,2020
"A62..62",NA,38,2020
"A62..62",2,39,2020
"A62..62",2,40,2020
"A62..62",3,41,2020
"A62..62",1,42,2020
"A62..62",NA,43,2020
"A62..62",1,44,2020
"A62..62",2,45,2020
"A62..62",1,46,2020
"A62..62",2,47,2020
"A62..62",2,48,2020
"A62..62",NA,49,2020
"A62..62",2,50,2020
"A62..62",2,51,2020
"A62..62",3,52,2020
"A62..62",NA,53,2020
"A63..63",20,1,2020
"A63..63",26,2,2020
"A63..63",26,3,2020
"A63..63",30,4,2020
"A63..63",31,5,2020
"A63..63",29,6,2020
"A63..63",31,7,2020
"A63..63",20,8,2020
"A63..63",21,9,2020
"A63..63",27,10,2020
"A63..63",16,11,2020
"A63..63",12,12,2020
"A63..63",5,13,2020
"A63..63",4,14,2020
"A63..63",2,15,2020
"A63..63",3,16,2020
"A63..63",1,17,2020
"A63..63",3,18,2020
"A63..63",2,19,2020
"A63..63",2,20,2020
"A63..63",3,21,2020
"A63..63",2,22,2020
"A63..63",1,23,2020
"A63..63",1,24,2020
"A63..63",NA,25,2020
"A63..63",2,26,2020
"A63..63",NA,27,2020
"A63..63",1,28,2020
"A63..63",1,29,2020
"A63..63",1,30,2020
"A63..63",NA,31,2020
"A63..63",NA,32,2020
"A63..63",2,33,2020
"A63..63",NA,34,2020
"A63..63",2,35,2020
"A63..63",1,36,2020
"A63..63",1,37,2020
"A63..63",NA,38,2020
"A63..63",NA,39,2020
"A63..63",3,40,2020
"A63..63",2,41,2020
"A63..63",5,42,2020
"A63..63",2,43,2020
"A63..63",1,44,2020
"A63..63",1,45,2020
"A63..63",4,46,2020
"A63..63",2,47,2020
"A63..63",1,48,2020
"A63..63",NA,49,2020
"A63..63",1,50,2020
"A63..63",NA,51,2020
"A63..63",1,52,2020
"A63..63",1,53,2020
"A64..64",23,1,2020
"A64..64",30,2,2020
"A64..64",19,3,2020
"A64..64",30,4,2020
"A64..64",20,5,2020
"A64..64",14,6,2020
"A64..64",21,7,2020
"A64..64",17,8,2020
"A64..64",15,9,2020
"A64..64",25,10,2020
"A64..64",18,11,2020
"A64..64",12,12,2020
"A64..64",6,13,2020
"A64..64",2,14,2020
"A64..64",3,15,2020
"A64..64",4,16,2020
"A64..64",2,17,2020
"A64..64",2,18,2020
"A64..64",5,19,2020
"A64..64",1,20,2020
"A64..64",1,21,2020
"A64..64",1,22,2020
"A64..64",NA,23,2020
"A64..64",NA,24,2020
"A64..64",1,25,2020
"A64..64",1,26,2020
"A64..64",1,27,2020
"A64..64",NA,28,2020
"A64..64",NA,29,2020
"A64..64",4,30,2020
"A64..64",1,31,2020
"A64..64",NA,32,2020
"A64..64",NA,33,2020
"A64..64",4,34,2020
"A64..64",2,35,2020
"A64..64",NA,36,2020
"A64..64",1,37,2020
"A64..64",NA,38,2020
"A64..64",3,39,2020
"A64..64",1,40,2020
"A64..64",1,41,2020
"A64..64",NA,42,2020
"A64..64",NA,43,2020
"A64..64",1,44,2020
"A64..64",NA,45,2020
"A64..64",3,46,2020
"A64..64",4,47,2020
"A64..64",NA,48,2020
"A64..64",NA,49,2020
"A64..64",1,50,2020
"A64..64",1,51,2020
"A64..64",NA,52,2020
"A64..64",NA,53,2020
"A65..65",23,1,2020
"A65..65",36,2,2020
"A65..65",31,3,2020
"A65..65",30,4,2020
"A65..65",30,5,2020
"A65..65",22,6,2020
"A65..65",25,7,2020
"A65..65",24,8,2020
"A65..65",17,9,2020
"A65..65",21,10,2020
"A65..65",11,11,2020
"A65..65",11,12,2020
"A65..65",2,13,2020
"A65..65",5,14,2020
"A65..65",2,15,2020
"A65..65",5,16,2020
"A65..65",4,17,2020
"A65..65",1,18,2020
"A65..65",NA,19,2020
"A65..65",2,20,2020
"A65..65",2,21,2020
"A65..65",NA,22,2020
"A65..65",1,23,2020
"A65..65",NA,24,2020
"A65..65",NA,25,2020
"A65..65",2,26,2020
"A65..65",1,27,2020
"A65..65",1,28,2020
"A65..65",1,29,2020
"A65..65",NA,30,2020
"A65..65",2,31,2020
"A65..65",2,32,2020
"A65..65",3,33,2020
"A65..65",1,34,2020
"A65..65",NA,35,2020
"A65..65",1,36,2020
"A65..65",1,37,2020
"A65..65",1,38,2020
"A65..65",2,39,2020
"A65..65",1,40,2020
"A65..65",3,41,2020
"A65..65",3,42,2020
"A65..65",1,43,2020
"A65..65",1,44,2020
"A65..65",3,45,2020
"A65..65",1,46,2020
"A65..65",2,47,2020
"A65..65",4,48,2020
"A65..65",NA,49,2020
"A65..65",NA,50,2020
"A65..65",NA,51,2020
"A65..65",1,52,2020
"A65..65",3,53,2020
"A66..66",18,1,2020
"A66..66",25,2,2020
"A66..66",36,3,2020
"A66..66",27,4,2020
"A66..66",23,5,2020
"A66..66",26,6,2020
"A66..66",15,7,2020
"A66..66",29,8,2020
"A66..66",20,9,2020
"A66..66",12,10,2020
"A66..66",6,11,2020
"A66..66",13,12,2020
"A66..66",7,13,2020
"A66..66",8,14,2020
"A66..66",4,15,2020
"A66..66",4,16,2020
"A66..66",4,17,2020
"A66..66",3,18,2020
"A66..66",5,19,2020
"A66..66",NA,20,2020
"A66..66",2,21,2020
"A66..66",NA,22,2020
"A66..66",1,23,2020
"A66..66",NA,24,2020
"A66..66",1,25,2020
"A66..66",2,26,2020
"A66..66",NA,27,2020
"A66..66",2,28,2020
"A66..66",1,29,2020
"A66..66",NA,30,2020
"A66..66",1,31,2020
"A66..66",3,32,2020
"A66..66",2,33,2020
"A66..66",NA,34,2020
"A66..66",1,35,2020
"A66..66",3,36,2020
"A66..66",1,37,2020
"A66..66",1,38,2020
"A66..66",NA,39,2020
"A66..66",2,40,2020
"A66..66",3,41,2020
"A66..66",2,42,2020
"A66..66",3,43,2020
"A66..66",NA,44,2020
"A66..66",1,45,2020
"A66..66",1,46,2020
"A66..66",NA,47,2020
"A66..66",NA,48,2020
"A66..66",NA,49,2020
"A66..66",2,50,2020
"A66..66",1,51,2020
"A66..66",1,52,2020
"A66..66",NA,53,2020
"A67..67",24,1,2020
"A67..67",38,2,2020
"A67..67",45,3,2020
"A67..67",34,4,2020
"A67..67",17,5,2020
"A67..67",20,6,2020
"A67..67",28,7,2020
"A67..67",23,8,2020
"A67..67",12,9,2020
"A67..67",13,10,2020
"A67..67",5,11,2020
"A67..67",8,12,2020
"A67..67",3,13,2020
"A67..67",7,14,2020
"A67..67",2,15,2020
"A67..67",5,16,2020
"A67..67",4,17,2020
"A67..67",1,18,2020
"A67..67",3,19,2020
"A67..67",NA,20,2020
"A67..67",1,21,2020
"A67..67",2,22,2020
"A67..67",NA,23,2020
"A67..67",NA,24,2020
"A67..67",2,25,2020
"A67..67",2,26,2020
"A67..67",1,27,2020
"A67..67",2,28,2020
"A67..67",1,29,2020
"A67..67",1,30,2020
"A67..67",NA,31,2020
"A67..67",4,32,2020
"A67..67",NA,33,2020
"A67..67",1,34,2020
"A67..67",2,35,2020
"A67..67",2,36,2020
"A67..67",1,37,2020
"A67..67",NA,38,2020
"A67..67",1,39,2020
"A67..67",NA,40,2020
"A67..67",4,41,2020
"A67..67",1,42,2020
"A67..67",2,43,2020
"A67..67",NA,44,2020
"A67..67",NA,45,2020
"A67..67",2,46,2020
"A67..67",1,47,2020
"A67..67",1,48,2020
"A67..67",1,49,2020
"A67..67",1,50,2020
"A67..67",4,51,2020
"A67..67",NA,52,2020
"A67..67",NA,53,2020
"A68..68",21,1,2020
"A68..68",33,2,2020
"A68..68",33,3,2020
"A68..68",27,4,2020
"A68..68",23,5,2020
"A68..68",21,6,2020
"A68..68",18,7,2020
"A68..68",30,8,2020
"A68..68",18,9,2020
"A68..68",22,10,2020
"A68..68",7,11,2020
"A68..68",12,12,2020
"A68..68",3,13,2020
"A68..68",6,14,2020
"A68..68",3,15,2020
"A68..68",1,16,2020
"A68..68",1,17,2020
"A68..68",5,18,2020
"A68..68",1,19,2020
"A68..68",5,20,2020
"A68..68",2,21,2020
"A68..68",1,22,2020
"A68..68",NA,23,2020
"A68..68",3,24,2020
"A68..68",NA,25,2020
"A68..68",1,26,2020
"A68..68",3,27,2020
"A68..68",NA,28,2020
"A68..68",2,29,2020
"A68..68",NA,30,2020
"A68..68",1,31,2020
"A68..68",1,32,2020
"A68..68",1,33,2020
"A68..68",NA,34,2020
"A68..68",NA,35,2020
"A68..68",2,36,2020
"A68..68",1,37,2020
"A68..68",NA,38,2020
"A68..68",2,39,2020
"A68..68",4,40,2020
"A68..68",1,41,2020
"A68..68",1,42,2020
"A68..68",3,43,2020
"A68..68",1,44,2020
"A68..68",1,45,2020
"A68..68",NA,46,2020
"A68..68",2,47,2020
"A68..68",NA,48,2020
"A68..68",1,49,2020
"A68..68",1,50,2020
"A68..68",3,51,2020
"A68..68",NA,52,2020
"A68..68",NA,53,2020
"A69..69",28,1,2020
"A69..69",39,2,2020
"A69..69",38,3,2020
"A69..69",26,4,2020
"A69..69",31,5,2020
"A69..69",23,6,2020
"A69..69",23,7,2020
"A69..69",20,8,2020
"A69..69",16,9,2020
"A69..69",17,10,2020
"A69..69",13,11,2020
"A69..69",8,12,2020
"A69..69",6,13,2020
"A69..69",5,14,2020
"A69..69",2,15,2020
"A69..69",2,16,2020
"A69..69",6,17,2020
"A69..69",6,18,2020
"A69..69",5,19,2020
"A69..69",2,20,2020
"A69..69",4,21,2020
"A69..69",1,22,2020
"A69..69",1,23,2020
"A69..69",1,24,2020
"A69..69",NA,25,2020
"A69..69",3,26,2020
"A69..69",NA,27,2020
"A69..69",1,28,2020
"A69..69",4,29,2020
"A69..69",1,30,2020
"A69..69",NA,31,2020
"A69..69",3,32,2020
"A69..69",1,33,2020
"A69..69",1,34,2020
"A69..69",NA,35,2020
"A69..69",2,36,2020
"A69..69",NA,37,2020
"A69..69",1,38,2020
"A69..69",3,39,2020
"A69..69",1,40,2020
"A69..69",3,41,2020
"A69..69",NA,42,2020
"A69..69",2,43,2020
"A69..69",2,44,2020
"A69..69",NA,45,2020
"A69..69",4,46,2020
"A69..69",2,47,2020
"A69..69",1,48,2020
"A69..69",NA,49,2020
"A69..69",NA,50,2020
"A69..69",2,51,2020
"A69..69",1,52,2020
"A69..69",4,53,2020
"A70..70",23,1,2020
"A70..70",25,2,2020
"A70..70",35,3,2020
"A70..70",24,4,2020
"A70..70",30,5,2020
"A70..70",21,6,2020
"A70..70",13,7,2020
"A70..70",20,8,2020
"A70..70",21,9,2020
"A70..70",17,10,2020
"A70..70",12,11,2020
"A70..70",10,12,2020
"A70..70",6,13,2020
"A70..70",4,14,2020
"A70..70",2,15,2020
"A70..70",6,16,2020
"A70..70",2,17,2020
"A70..70",6,18,2020
"A70..70",3,19,2020
"A70..70",3,20,2020
"A70..70",NA,21,2020
"A70..70",4,22,2020
"A70..70",3,23,2020
"A70..70",2,24,2020
"A70..70",NA,25,2020
"A70..70",3,26,2020
"A70..70",NA,27,2020
"A70..70",3,28,2020
"A70..70",1,29,2020
"A70..70",1,30,2020
"A70..70",3,31,2020
"A70..70",1,32,2020
"A70..70",1,33,2020
"A70..70",NA,34,2020
"A70..70",1,35,2020
"A70..70",3,36,2020
"A70..70",1,37,2020
"A70..70",NA,38,2020
"A70..70",2,39,2020
"A70..70",2,40,2020
"A70..70",5,41,2020
"A70..70",1,42,2020
"A70..70",3,43,2020
"A70..70",NA,44,2020
"A70..70",NA,45,2020
"A70..70",2,46,2020
"A70..70",NA,47,2020
"A70..70",NA,48,2020
"A70..70",1,49,2020
"A70..70",1,50,2020
"A70..70",2,51,2020
"A70..70",2,52,2020
"A70..70",1,53,2020
"A71..71",25,1,2020
"A71..71",50,2,2020
"A71..71",27,3,2020
"A71..71",28,4,2020
"A71..71",22,5,2020
"A71..71",18,6,2020
"A71..71",21,7,2020
"A71..71",26,8,2020
"A71..71",28,9,2020
"A71..71",12,10,2020
"A71..71",14,11,2020
"A71..71",13,12,2020
"A71..71",8,13,2020
"A71..71",2,14,2020
"A71..71",3,15,2020
"A71..71",1,16,2020
"A71..71",1,17,2020
"A71..71",1,18,2020
"A71..71",3,19,2020
"A71..71",3,20,2020
"A71..71",3,21,2020
"A71..71",2,22,2020
"A71..71",1,23,2020
"A71..71",NA,24,2020
"A71..71",2,25,2020
"A71..71",NA,26,2020
"A71..71",2,27,2020
"A71..71",2,28,2020
"A71..71",1,29,2020
"A71..71",1,30,2020
"A71..71",1,31,2020
"A71..71",1,32,2020
"A71..71",2,33,2020
"A71..71",1,34,2020
"A71..71",2,35,2020
"A71..71",NA,36,2020
"A71..71",3,37,2020
"A71..71",2,38,2020
"A71..71",1,39,2020
"A71..71",1,40,2020
"A71..71",1,41,2020
"A71..71",NA,42,2020
"A71..71",1,43,2020
"A71..71",1,44,2020
"A71..71",4,45,2020
"A71..71",NA,46,2020
"A71..71",NA,47,2020
"A71..71",NA,48,2020
"A71..71",3,49,2020
"A71..71",2,50,2020
"A71..71",3,51,2020
"A71..71",1,52,2020
"A71..71",1,53,2020
"A72..72",18,1,2020
"A72..72",34,2,2020
"A72..72",48,3,2020
"A72..72",32,4,2020
"A72..72",31,5,2020
"A72..72",23,6,2020
"A72..72",25,7,2020
"A72..72",18,8,2020
"A72..72",26,9,2020
"A72..72",13,10,2020
"A72..72",14,11,2020
"A72..72",14,12,2020
"A72..72",3,13,2020
"A72..72",8,14,2020
"A72..72",5,15,2020
"A72..72",1,16,2020
"A72..72",2,17,2020
"A72..72",7,18,2020
"A72..72",4,19,2020
"A72..72",2,20,2020
"A72..72",NA,21,2020
"A72..72",1,22,2020
"A72..72",1,23,2020
"A72..72",2,24,2020
"A72..72",1,25,2020
"A72..72",2,26,2020
"A72..72",1,27,2020
"A72..72",NA,28,2020
"A72..72",1,29,2020
"A72..72",NA,30,2020
"A72..72",NA,31,2020
"A72..72",1,32,2020
"A72..72",1,33,2020
"A72..72",1,34,2020
"A72..72",1,35,2020
"A72..72",3,36,2020
"A72..72",1,37,2020
"A72..72",NA,38,2020
"A72..72",NA,39,2020
"A72..72",1,40,2020
"A72..72",NA,41,2020
"A72..72",1,42,2020
"A72..72",1,43,2020
"A72..72",NA,44,2020
"A72..72",NA,45,2020
"A72..72",1,46,2020
"A72..72",NA,47,2020
"A72..72",NA,48,2020
"A72..72",NA,49,2020
"A72..72",2,50,2020
"A72..72",2,51,2020
"A72..72",1,52,2020
"A72..72",1,53,2020
"A73..73",31,1,2020
"A73..73",43,2,2020
"A73..73",26,3,2020
"A73..73",27,4,2020
"A73..73",29,5,2020
"A73..73",24,6,2020
"A73..73",25,7,2020
"A73..73",27,8,2020
"A73..73",29,9,2020
"A73..73",22,10,2020
"A73..73",8,11,2020
"A73..73",11,12,2020
"A73..73",8,13,2020
"A73..73",7,14,2020
"A73..73",4,15,2020
"A73..73",2,16,2020
"A73..73",NA,17,2020
"A73..73",2,18,2020
"A73..73",4,19,2020
"A73..73",4,20,2020
"A73..73",2,21,2020
"A73..73",4,22,2020
"A73..73",NA,23,2020
"A73..73",2,24,2020
"A73..73",1,25,2020
"A73..73",NA,26,2020
"A73..73",5,27,2020
"A73..73",NA,28,2020
"A73..73",NA,29,2020
"A73..73",1,30,2020
"A73..73",NA,31,2020
"A73..73",2,32,2020
"A73..73",NA,33,2020
"A73..73",2,34,2020
"A73..73",4,35,2020
"A73..73",2,36,2020
"A73..73",2,37,2020
"A73..73",2,38,2020
"A73..73",2,39,2020
"A73..73",NA,40,2020
"A73..73",1,41,2020
"A73..73",NA,42,2020
"A73..73",NA,43,2020
"A73..73",1,44,2020
"A73..73",1,45,2020
"A73..73",1,46,2020
"A73..73",1,47,2020
"A73..73",NA,48,2020
"A73..73",2,49,2020
"A73..73",2,50,2020
"A73..73",1,51,2020
"A73..73",NA,52,2020
"A73..73",2,53,2020
"A74..74",26,1,2020
"A74..74",39,2,2020
"A74..74",38,3,2020
"A74..74",31,4,2020
"A74..74",26,5,2020
"A74..74",27,6,2020
"A74..74",12,7,2020
"A74..74",15,8,2020
"A74..74",18,9,2020
"A74..74",19,10,2020
"A74..74",11,11,2020
"A74..74",10,12,2020
"A74..74",6,13,2020
"A74..74",2,14,2020
"A74..74",3,15,2020
"A74..74",1,16,2020
"A74..74",2,17,2020
"A74..74",2,18,2020
"A74..74",4,19,2020
"A74..74",3,20,2020
"A74..74",1,21,2020
"A74..74",3,22,2020
"A74..74",2,23,2020
"A74..74",2,24,2020
"A74..74",1,25,2020
"A74..74",1,26,2020
"A74..74",NA,27,2020
"A74..74",3,28,2020
"A74..74",1,29,2020
"A74..74",2,30,2020
"A74..74",NA,31,2020
"A74..74",2,32,2020
"A74..74",1,33,2020
"A74..74",1,34,2020
"A74..74",1,35,2020
"A74..74",1,36,2020
"A74..74",1,37,2020
"A74..74",NA,38,2020
"A74..74",3,39,2020
"A74..74",2,40,2020
"A74..74",3,41,2020
"A74..74",2,42,2020
"A74..74",1,43,2020
"A74..74",1,44,2020
"A74..74",NA,45,2020
"A74..74",2,46,2020
"A74..74",NA,47,2020
"A74..74",NA,48,2020
"A74..74",NA,49,2020
"A74..74",6,50,2020
"A74..74",2,51,2020
"A74..74",NA,52,2020
"A74..74",NA,53,2020
"A75..75",26,1,2020
"A75..75",53,2,2020
"A75..75",33,3,2020
"A75..75",41,4,2020
"A75..75",42,5,2020
"A75..75",32,6,2020
"A75..75",22,7,2020
"A75..75",28,8,2020
"A75..75",25,9,2020
"A75..75",22,10,2020
"A75..75",18,11,2020
"A75..75",8,12,2020
"A75..75",10,13,2020
"A75..75",4,14,2020
"A75..75",4,15,2020
"A75..75",5,16,2020
"A75..75",4,17,2020
"A75..75",5,18,2020
"A75..75",7,19,2020
"A75..75",1,20,2020
"A75..75",3,21,2020
"A75..75",3,22,2020
"A75..75",NA,23,2020
"A75..75",1,24,2020
"A75..75",NA,25,2020
"A75..75",2,26,2020
"A75..75",1,27,2020
"A75..75",NA,28,2020
"A75..75",NA,29,2020
"A75..75",1,30,2020
"A75..75",NA,31,2020
"A75..75",1,32,2020
"A75..75",1,33,2020
"A75..75",1,34,2020
"A75..75",NA,35,2020
"A75..75",1,36,2020
"A75..75",3,37,2020
"A75..75",NA,38,2020
"A75..75",2,39,2020
"A75..75",4,40,2020
"A75..75",NA,41,2020
"A75..75",1,42,2020
"A75..75",3,43,2020
"A75..75",2,44,2020
"A75..75",NA,45,2020
"A75..75",NA,46,2020
"A75..75",1,47,2020
"A75..75",1,48,2020
"A75..75",2,49,2020
"A75..75",2,50,2020
"A75..75",3,51,2020
"A75..75",3,52,2020
"A75..75",NA,53,2020
"A76..76",38,1,2020
"A76..76",74,2,2020
"A76..76",50,3,2020
"A76..76",36,4,2020
"A76..76",46,5,2020
"A76..76",38,6,2020
"A76..76",26,7,2020
"A76..76",34,8,2020
"A76..76",33,9,2020
"A76..76",26,10,2020
"A76..76",21,11,2020
"A76..76",8,12,2020
"A76..76",10,13,2020
"A76..76",10,14,2020
"A76..76",2,15,2020
"A76..76",6,16,2020
"A76..76",10,17,2020
"A76..76",4,18,2020
"A76..76",3,19,2020
"A76..76",5,20,2020
"A76..76",NA,21,2020
"A76..76",1,22,2020
"A76..76",3,23,2020
"A76..76",6,24,2020
"A76..76",1,25,2020
"A76..76",4,26,2020
"A76..76",2,27,2020
"A76..76",2,28,2020
"A76..76",2,29,2020
"A76..76",1,30,2020
"A76..76",1,31,2020
"A76..76",NA,32,2020
"A76..76",1,33,2020
"A76..76",1,34,2020
"A76..76",1,35,2020
"A76..76",1,36,2020
"A76..76",2,37,2020
"A76..76",1,38,2020
"A76..76",1,39,2020
"A76..76",1,40,2020
"A76..76",1,41,2020
"A76..76",NA,42,2020
"A76..76",4,43,2020
"A76..76",NA,44,2020
"A76..76",NA,45,2020
"A76..76",NA,46,2020
"A76..76",NA,47,2020
"A76..76",3,48,2020
"A76..76",2,49,2020
"A76..76",5,50,2020
"A76..76",2,51,2020
"A76..76",1,52,2020
"A76..76",NA,53,2020
"A77..77",42,1,2020
"A77..77",58,2,2020
"A77..77",57,3,2020
"A77..77",55,4,2020
"A77..77",35,5,2020
"A77..77",45,6,2020
"A77..77",37,7,2020
"A77..77",38,8,2020
"A77..77",34,9,2020
"A77..77",33,10,2020
"A77..77",25,11,2020
"A77..77",13,12,2020
"A77..77",11,13,2020
"A77..77",11,14,2020
"A77..77",7,15,2020
"A77..77",9,16,2020
"A77..77",4,17,2020
"A77..77",3,18,2020
"A77..77",5,19,2020
"A77..77",5,20,2020
"A77..77",1,21,2020
"A77..77",7,22,2020
"A77..77",3,23,2020
"A77..77",2,24,2020
"A77..77",1,25,2020
"A77..77",3,26,2020
"A77..77",7,27,2020
"A77..77",1,28,2020
"A77..77",1,29,2020
"A77..77",1,30,2020
"A77..77",3,31,2020
"A77..77",NA,32,2020
"A77..77",3,33,2020
"A77..77",NA,34,2020
"A77..77",NA,35,2020
"A77..77",3,36,2020
"A77..77",2,37,2020
"A77..77",NA,38,2020
"A77..77",1,39,2020
"A77..77",1,40,2020
"A77..77",1,41,2020
"A77..77",1,42,2020
"A77..77",NA,43,2020
"A77..77",5,44,2020
"A77..77",NA,45,2020
"A77..77",1,46,2020
"A77..77",2,47,2020
"A77..77",3,48,2020
"A77..77",3,49,2020
"A77..77",2,50,2020
"A77..77",2,51,2020
"A77..77",3,52,2020
"A77..77",1,53,2020
"A78..78",42,1,2020
"A78..78",91,2,2020
"A78..78",67,3,2020
"A78..78",54,4,2020
"A78..78",46,5,2020
"A78..78",64,6,2020
"A78..78",44,7,2020
"A78..78",43,8,2020
"A78..78",39,9,2020
"A78..78",37,10,2020
"A78..78",29,11,2020
"A78..78",22,12,2020
"A78..78",16,13,2020
"A78..78",15,14,2020
"A78..78",7,15,2020
"A78..78",5,16,2020
"A78..78",3,17,2020
"A78..78",8,18,2020
"A78..78",7,19,2020
"A78..78",3,20,2020
"A78..78",3,21,2020
"A78..78",4,22,2020
"A78..78",4,23,2020
"A78..78",1,24,2020
"A78..78",2,25,2020
"A78..78",4,26,2020
"A78..78",2,27,2020
"A78..78",2,28,2020
"A78..78",2,29,2020
"A78..78",3,30,2020
"A78..78",2,31,2020
"A78..78",1,32,2020
"A78..78",3,33,2020
"A78..78",2,34,2020
"A78..78",NA,35,2020
"A78..78",NA,36,2020
"A78..78",1,37,2020
"A78..78",4,38,2020
"A78..78",1,39,2020
"A78..78",1,40,2020
"A78..78",1,41,2020
"A78..78",1,42,2020
"A78..78",3,43,2020
"A78..78",1,44,2020
"A78..78",1,45,2020
"A78..78",NA,46,2020
"A78..78",2,47,2020
"A78..78",1,48,2020
"A78..78",1,49,2020
"A78..78",2,50,2020
"A78..78",1,51,2020
"A78..78",3,52,2020
"A78..78",NA,53,2020
"A79..79",41,1,2020
"A79..79",86,2,2020
"A79..79",69,3,2020
"A79..79",59,4,2020
"A79..79",69,5,2020
"A79..79",57,6,2020
"A79..79",46,7,2020
"A79..79",40,8,2020
"A79..79",46,9,2020
"A79..79",33,10,2020
"A79..79",29,11,2020
"A79..79",13,12,2020
"A79..79",15,13,2020
"A79..79",11,14,2020
"A79..79",5,15,2020
"A79..79",8,16,2020
"A79..79",7,17,2020
"A79..79",7,18,2020
"A79..79",4,19,2020
"A79..79",8,20,2020
"A79..79",1,21,2020
"A79..79",NA,22,2020
"A79..79",2,23,2020
"A79..79",1,24,2020
"A79..79",1,25,2020
"A79..79",4,26,2020
"A79..79",1,27,2020
"A79..79",4,28,2020
"A79..79",2,29,2020
"A79..79",3,30,2020
"A79..79",NA,31,2020
"A79..79",1,32,2020
"A79..79",NA,33,2020
"A79..79",1,34,2020
"A79..79",1,35,2020
"A79..79",4,36,2020
"A79..79",2,37,2020
"A79..79",2,38,2020
"A79..79",2,39,2020
"A79..79",1,40,2020
"A79..79",1,41,2020
"A79..79",NA,42,2020
"A79..79",1,43,2020
"A79..79",2,44,2020
"A79..79",1,45,2020
"A79..79",NA,46,2020
"A79..79",NA,47,2020
"A79..79",2,48,2020
"A79..79",3,49,2020
"A79..79",1,50,2020
"A79..79",3,51,2020
"A79..79",3,52,2020
"A79..79",NA,53,2020
"A80.",828,1,2020
"A80.",1210,2,2020
"A80.",1274,3,2020
"A80.",993,4,2020
"A80.",885,5,2020
"A80.",910,6,2020
"A80.",688,7,2020
"A80.",708,8,2020
"A80.",649,9,2020
"A80.",532,10,2020
"A80.",440,11,2020
"A80.",254,12,2020
"A80.",260,13,2020
"A80.",222,14,2020
"A80.",141,15,2020
"A80.",100,16,2020
"A80.",123,17,2020
"A80.",103,18,2020
"A80.",79,19,2020
"A80.",73,20,2020
"A80.",26,21,2020
"A80.",53,22,2020
"A80.",27,23,2020
"A80.",28,24,2020
"A80.",21,25,2020
"A80.",33,26,2020
"A80.",28,27,2020
"A80.",26,28,2020
"A80.",20,29,2020
"A80.",14,30,2020
"A80.",21,31,2020
"A80.",20,32,2020
"A80.",22,33,2020
"A80.",15,34,2020
"A80.",18,35,2020
"A80.",39,36,2020
"A80.",27,37,2020
"A80.",28,38,2020
"A80.",21,39,2020
"A80.",39,40,2020
"A80.",28,41,2020
"A80.",11,42,2020
"A80.",40,43,2020
"A80.",21,44,2020
"A80.",21,45,2020
"A80.",21,46,2020
"A80.",19,47,2020
"A80.",22,48,2020
"A80.",30,49,2020
"A80.",31,50,2020
"A80.",34,51,2020
"A80.",7,52,2020
"A80.",13,53,2020
"Unbekannt",133,1,2020
"Unbekannt",230,2,2020
"Unbekannt",133,3,2020
"Unbekannt",149,4,2020
"Unbekannt",107,5,2020
"Unbekannt",62,6,2020
"Unbekannt",268,7,2020
"Unbekannt",180,8,2020
"Unbekannt",31,9,2020
"Unbekannt",127,10,2020
"Unbekannt",39,11,2020
"Unbekannt",9,12,2020
"Unbekannt",30,13,2020
"Unbekannt",20,14,2020
"Unbekannt",4,15,2020
"Unbekannt",2,16,2020
"Unbekannt",5,17,2020
"Unbekannt",NA,18,2020
"Unbekannt",1,19,2020
"Unbekannt",NA,20,2020
"Unbekannt",11,21,2020
"Unbekannt",1,22,2020
"Unbekannt",NA,23,2020
"Unbekannt",NA,24,2020
"Unbekannt",69,25,2020
"Unbekannt",NA,26,2020
"Unbekannt",NA,27,2020
"Unbekannt",NA,28,2020
"Unbekannt",NA,29,2020
"Unbekannt",NA,30,2020
"Unbekannt",NA,31,2020
"Unbekannt",NA,32,2020
"Unbekannt",7,33,2020
"Unbekannt",5,34,2020
"Unbekannt",4,35,2020
"Unbekannt",1,36,2020
"Unbekannt",NA,37,2020
"Unbekannt",NA,38,2020
"Unbekannt",1,39,2020
"Unbekannt",NA,40,2020
"Unbekannt",6,41,2020
"Unbekannt",7,42,2020
"Unbekannt",5,43,2020
"Unbekannt",1,44,2020
"Unbekannt",NA,45,2020
"Unbekannt",1,46,2020
"Unbekannt",1,47,2020
"Unbekannt",13,48,2020
"Unbekannt",NA,49,2020
"Unbekannt",NA,50,2020
"Unbekannt",NA,51,2020
"Unbekannt",NA,52,2020
"Unbekannt",NA,53,2020
